-482100579
-494092481
-407015659
-525418200
35077957
-333261357
-442007194
-480274058
-453950028
-438978249
-105967192
-341689768
-508503612
-438831810
-444404196
-440880373
-277491468
-172010987
-148208211
-456951537
-91456131
-461828250
-163849015
-223927189
-377601638
-330609949
-418923964
-247601136
-407616480
-487612201
-28102539
-296620720
-476882862
-501834492
-457653222
-362032768
-27026313
-406742136
-415702272
-248248633
-370906319
-128978964
-545994277
1079110905
-118158222
-496571609
-352006734
-345005953
-354290476
-445387456
-432556613
-375177700
-197065475
-397255603
-335951215
-264899590
-278426778
-431270270
-324403649
-338653409
-231695046
-490246271
-309951984
-490121398
-461406498
55066280
-104138798
-480200435
-449688192
-381895825
-148765582
-434025936
-476546511
-461393854
-303431104
-233748342
-455026357
-444139041
-463018201
-173654203
-431809527
-482537798
-406550127
-377718700
-394546878
-403728664
-391620295
-446403508
-444163006
-323201151
-397497231
-295893323
-314956528
-278102325
-421135169
-423600643
-460986696
-497332767
-456696332
-361162283
-475571308
-454918281
-467556099
-462348936
-306908041
-365666948
-369605207
-451833566
344224273
-180514408
-327240497
-486789364
-227898531
-324076655
194423548
-463448729
-438029603
-394947822
-424276942
-506894595
-518310807
-275669579
-333257377
-495069356
-512289240
-416309395
-350157888
-485278723
-281115397
-509556988
-500042560
-192371923
-285137415
-352572806
-432306973
-481143988
-352825328
-408649707
-490055320
-473530868
-227323010
-511675370
-416614904
-277463497
49700279
-276236445
-541548415
-478347878
-352815671
-189009680
57782347
-123938766
-415138553
-487672565
-379039179
-237845580
-539074491
-432680534
-348955819
-232560342
-196340557
-180027229
-318439118
-370167745
-475183067
-425420219
-490120429
-394146779
-297706825
10293111
-234358739
-337318176
-172888183
-312733978
-411488995
-201136308
-451055164
-432343278
-259799198
-387097904
-425769270
-109553575
-272637596
-308365117
-142440163
-197971235
-440719458
-444244209
-285671733
84665645
-328202177
-135140969
-465802373
-464075229
-361763823
-504652626
-461402210
-471703971
-562749729
-483018198
-468398623
-135562353
-385529627
-375711279
-336189334
-389393690
-367814756
-333451368
-458034855
-489317924
-495202922
-167333701
-382197202
-238564054
-415421556
-260197353
-559658229
-433361508
-211010988
-469594895
-398644473
-366332446
-109466907
-293095429
-455790561
-425919859
-389581903
-490682678
-192374753
-468646057
-316057351
-121208373
-308308137
-106362660
-498403855
-533179325
172749741
-502153383
-407550810
-507490668
-439452558
-58173696
-296956076
-75600798
-318937338
-79852680
-466006212
-284913441
-447739930
-455046169
-440678917
-260916645
-374576387
-223027173
36541670
-513119584
-438525303
-204999597
-494008671
-289596174
-474058634
-222178754
-199652107
-384273652
-356208016
-546860977
-198881279
-517474473
-399264994
-288844808
-361439140
-435286734
-353999265
-439447856
-489751766
-435775487
-481040936
-198764514
-483714200
-440429651
-348935359
-431874964
-300658938
-347793849
-474726612
-385559044
-207654054
-311416260
-422283511
-454170217
-215403457
-337187861
-452059280
-363505111
-389283272
-489531482
-410609087
-486386373
-284117543
-74524070
-502803143
-461897920
-295110876
-338665526
-344564071
-286560826
-23188747
-132166251
-329601128
-440021437
-474347068
-489497603
-403680336
-416873210
-424867012
-493342658
-439829090
-489434080
-294846866
-353011537
-428546427
-420148043
-483774830
-192261915
-336309981
-316804956
-397825187
-349103602
-81927079
-426403579
-325780961
-274562793
-321199033
-51051825
-480056328
-273491606
-363386650
-478392690
-489395911
-80100302
-442749764
-339529763
-143966937
-313020600
-452491243
-461280295
-451862587
-262788380
-513898156
-30839473
-484888238
-269737838
-405879434
-409894289
-479950112
-449845955
-422687022
-432430813
-206300359
-503803743
-267284449
-286201072
-339655324
-370802653
-405700244
-489365468
-446406802
-498172508
-188774906
-400757289
-393521357
-434153468
-462451575
-527663551
-351666599
-425457545
-423262847
-325576627
-395609959
-479910231
-526259023
-134984383
254283658
-466589311
-425802137
-381932689
-523028317
-484128635
-423562981
-71597907
-481926473
219991153
-263260499
-381139863
-507600198
-295502842
-452299312
-102585694
-232846181
-335472594
1924404690
-434579041
-378811109
-259494121
-434341448
-258541575
-364789183
-353418360
-293344064
-471604269
