20
6 94 608742
373077857 874537984 895718241 570209202 487709274 606171444
83209813 696371483 589215932 557376587 523088279 862475367 563797277 512089512 816913827 125278340 404235219 988617533 677098526 854135531 618925371 883707216 607186089 720758815 252245166 712830198 962742693 79940963 578609325 731412666 66027826 682559914 492809656 783998317 881463626 117458454 124019785 505403673 863681666 277255243 223200473 15038957 712680881 650940341 250724895 34990764 15311994 842316805 660259426 249874711 236293082 137722856 683070437 406688530 539408757 925891337 576369090 328723016 260632243 115898271 858270714 570412356 511952775 835718473 8450873 580194517 989687489 861388854 161944190 264887807 59390882 57533798 123603045 509801433 365337862 321945122 678161 788944586 568902103 198383704 932558244 672168251 137475713 514303029 103213222 453921240 917301493 162589874 521994972 252080404 340307675 639366476 447106373 106846186 137487108 564325548 341094382 547176799 529416216 739583214
6 8 708368
22509605 690473664 939983204 105343325 524520890 60973293
497327502 499207675 908490996 100047073 45065665 627170211 335506261 672964465
2 100 926334
635256938 654475108
303719231 605283189 674714511 893911981 68403150 635453965 796152586 521018066 179246614 152351635 529900880 911362137 716762024 122798605 82168086 7353429 336262699 538425139 385757725 54711002 685423880 213869569 246853450 908441102 464623209 784403903 795724171 188220442 953254675 230102553 997016342 465814129 420748414 852009357 974880842 135903998 852182269 797278165 691238476 590898740 226032126 98474425 601378095 520922010 842972953 857133524 801572811 430383097 201771811 385578524 776558072 592003748 224900489 976237782 11307694 239734005 260262325 166826326 989948283 114721614 711276561 23842752 39943483 532936413 924188519 490261320 777980677 641249618 355364193 376620191 483712413 302327997 12457105 998913349 501769763 515516022 979651339 585369444 222508098 719451340 8860913 395078370 568875064 819239593 131643837 336692805 346095505 280796300 164628680 641894996 145023825 682450969 42755022 342324798 849141567 522208450 547564138 661761337 379727266 881670315
6 52 397829
140835442 108499202 784039277 68280117 491733484 902787867
288940597 59635723 753010681 722095003 784858344 617798503 735571179 313358434 122306171 216551063 301568249 128762924 557849260 770112916 593878557 34153882 753978202 702439863 780500965 25356299 719737852 643963222 400294732 904751655 375384140 499768618 27001560 151546665 816690050 673929031 407617883 770632439 402309061 400392555 44878933 862903417 528643010 884741100 659267029 112691265 171671855 104756794 723757767 620814161 366265534 929422179 611183850 488593525 699561565 906835580 636714147 992786823
2 25 66558
414627743 141112634
69981969 193807907 846295351 131690745 453144621 499837007 928571446 928002894 680717181 566424588 447125366 912365660 211781854 689163734 838690264 617925 419188648 762018364 913045647 604827443 316851811 506635986 244777425 448488987 482023999
10 55 867330
302763395 579705133 295660487 508027448 807403449 502970873 131305874 759661278 541858694 251502436
363085616 854905324 938973535 715690373 230178747 448449500 596746656 101617202 330153378 905139867 49332146 444007805 452642991 796416903 49212066 357184417 667189957 29577616 930504840 816838272 208894975 580294571 713945578 628525858 930545651 768781016 474362976 892301850 849905410 353626097 288332327 474013734 452862329 117328841 458635917 852779567 219913049 454857664 183022297 29522172 819682909 980095095 386527121 582879333 666590039 821370506 909167466 673704467 953041415 761859550 233977575 845277257 360989648 739292297 677590908
4 61 25620
623631811 643442465 551245938 196039512
345660490 871256455 346193524 570112268 992217419 555834074 883956097 91734995 813648719 464679809 233670841 809998923 873576739 353220325 80830782 869635406 347615743 619305557 167797190 556711119 357177558 872612664 102350896 963708072 900259243 935143137 848471013 906799610 636564305 583916825 764151588 69364539 718446541 137473261 506404737 183279383 692810165 616792032 618740069 868939472 210189419 811137251 914740304 652122737 582875184 719531729 313541753 604071593 529080872 271128291 348495983 114584598 365307865 610731632 278379686 627311418 586781726 128634298 699976897 173749040 179004840
6 90 1821
832274375 725908961 197016306 890903853 635831726 859488288
660593575 139196326 663511455 571287819 490547614 476689520 566898580 690075894 916359324 633158437 591310787 198215731 405391776 127138468 787204342 318927657 351522057 903152907 23742738 841873367 443417581 837554881 821388050 706461164 801228368 662869666 610478118 78449938 629552357 632246204 934138016 608542052 149727110 871813189 38659103 340814652 749275991 769500256 120172558 779304888 412385434 619736044 956740975 146005069 949080909 354478942 445883321 422577878 736220896 273877196 720564950 743186657 265206641 640908493 759965018 489903059 177583121 713395283 949035528 373255990 999446507 495254052 30094527 709834056 619745215 506722089 199625698 302332449 959699631 732919342 153681218 497858580 434564788 597653368 431291627 775078652 922509851 860490224 311530938 778913959 574277414 588017169 250590968 577491040 606544272 498348822 448645175 897208165 387941146 687478674
10 48 969901
32108634 554173467 655311718 776718985 895429461 930681211 16541332 153527420 129825560 381320534
817834488 165858358 85527371 143185830 445563996 259487706 786033908 778745746 993731141 80972575 977567672 878311428 460711948 243541913 137337176 697132192 325827519 154400688 971048444 404143697 380697444 883937321 163220193 312066163 655090314 935961771 311611381 311237794 588567097 157399090 797898616 537315733 152113481 61332096 82970506 544353543 787306284 208111049 553691435 310584222 100255385 81733404 535051657 275810962 37762813 845301478 166279121 31566296
4 4 106911
724915877 963614611 551828619 213101857
104223245 367221300 838872575 436641411
2 5 181342
266739580 282410963
647236407 481918704 989318783 274903632 167715940
6 52 349844
997768975 15771444 637301994 749496293 54406259 389847375
715615903 585787604 600518663 45883446 446236806 846063271 815623124 157773712 34216567 519698280 730315723 40819502 177282474 893899656 918207465 5398434 436074282 788710377 652427062 931504983 422280990 302611071 906387483 135584208 979651212 121138975 497865746 929550000 22190470 919781888 887168000 267680274 87459811 653784486 941286757 585924113 612518916 121473325 814714514 631406619 477045470 810713609 690734223 359871334 386863693 334634972 284245229 755934042 401337298 410244925 520417152 37061606
2 29 472486
740447255 310022325
651820710 406597811 313136723 825919563 981182463 944033659 950708490 351270192 49075756 869550614 214269996 213105504 677366368 323998986 337450759 753988824 501310056 50574600 298201043 688396970 669958298 315555702 356061812 900985889 752997928 73939281 398654093 221829974 18883580
10 48 839107
431705710 507422367 44276759 24153528 288161742 335956844 224730256 64739547 717722739 896688809
657687456 535503888 912597055 390239489 474310606 670848835 136000150 210999759 608806960 737302182 74793960 433710969 730825018 164165349 702360587 226127240 163412201 724471843 240166889 988266493 324481082 685460135 739214237 541940216 802809906 261737258 831269307 568515298 976802404 223980450 514128681 429793411 183911674 929529240 310823500 699364212 796796845 899747805 22061475 3065639 90304755 798733737 971740873 959470436 609579557 235652951 962234415 10066532
8 85 638179
412895517 241853067 866276636 278120672 76964390 453066275 21462805 239219706
92973922 408595697 436246158 418087362 840209227 43605044 829064515 434476028 624342492 10019739 266129860 11453249 958709841 820290072 681724666 298083437 358257363 549288502 610261774 763160915 161089196 481243571 21026038 763662187 47129239 607416847 347182652 597474147 920975786 602287567 426319423 77762479 711999594 62205695 561542806 97806973 33270332 323561202 704998647 449932051 582125990 501774480 584352019 913539982 5383580 634177343 443755147 314047180 311684622 60981220 685055790 738545328 874316791 106693049 627718921 448622269 985969407 225081264 534150814 152218290 619827856 722802277 263612700 226308541 205280340 587943145 290458773 408991614 551655436 767676749 58995144 168668797 399899373 440988819 674818903 168910005 507222722 711426671 347840397 807294137 397034976 706429151 175209303 762451673 491644896
8 82 86626
533230462 470296506 469806033 425060668 372542377 63332310 499134358 667731322
668000599 643847786 779533850 833349516 286680539 401648512 189860169 893626565 219277303 513896759 830825596 806796209 257138410 943802200 242004178 496409899 130582088 625045015 132663960 425203274 816617082 954350424 801015136 60953775 997896021 388471234 416758968 213000929 834662333 998862589 998738738 798649019 461810312 360487141 539039459 403635579 44396690 988571711 308859532 531311395 79556757 166827891 737716620 883138431 227570560 16107481 774297468 234178567 697779336 747926182 725870087 998089342 663533555 650268774 655143830 202693769 246802343 557524589 603513155 566908901 346636175 570570790 171341205 60178456 819664608 282034959 624922186 506036092 786053867 627758043 3185827 196029339 142150411 578714073 596611789 26849622 850300507 138396166 38217633 261023618 136480809 327546114
8 41 510253
575400861 112806230 271231879 599222279 683756827 486646914 155923228 347123556
26585137 941750320 413466266 240301513 324427113 156581509 936208957 293271531 93617653 178768860 372671593 532871684 993817813 792197579 674915992 23078588 248415511 587873510 964342244 176749113 277343209 95947235 174497405 483257487 276343664 227652082 496775785 318915206 870569621 826026990 269791123 120283353 729442840 575952405 482219304 757022462 206497568 940532098 321316443 159389360 944981220
8 42 197789
626824586 938517899 585801751 621315710 112596017 94121709 53542085 483325583
339169574 208877696 243325036 733683263 300445897 657527230 395532225 523515326 740479090 583241821 636539956 618158331 901981349 813001603 888102036 243416645 572910399 163096309 206691546 218003537 232926131 495652389 790715428 31912602 662160079 979117554 41656754 962793623 754449143 269890053 765302845 707405459 541763946 421736004 763102760 571660182 819506883 21425466 426501255 237177565 106798982 443754252
6 66 332075
385779437 106579186 370234669 594046382 279077767 219239784
920114873 583807860 512038918 909668972 58013371 717858694 711505786 898747078 945926588 627215872 277795596 734452324 23417090 867526134 740215625 197663468 720834263 4803422 114899120 209631406 457556713 229468544 399257674 250022241 294470112 447235852 653339030 617837688 687230127 210645124 532519 985903596 460075381 470517856 339253868 239247273 847605051 899731245 956359501 509875792 202260939 152277382 702013486 905106612 751670909 535231235 521627458 629891272 174620390 362943794 85873672 427429475 148884809 963531348 808151256 552305429 422515422 786663612 71304179 40494919 611339525 494533531 269914645 865093824 240077661 927266378
8 4 224662
234201059 205891383 59151057 399687719 401451604 911569055 538283199 78369351
744040510 201096766 378473834 654377086
