20
10 10 2370
590 3622 3995 6800 6972 9386 999620969 999027448 999376208 999089631
2503 3645 999166964 999437236 999597800 999676691 999095892 999077348 999988560 999006936
6 3 7638
1000753 1002121 1003753 1007641 1008937 1009567
1001714 1002683 999520032
6 3 2658
1213 3223 4456 6175 7472 7758
2083 3782 999442357
6 5 7556
7869 5604 3783 3729 2005 384
7208 5225 999523739 999512717 999472081
10 8 6801
244 4685 5094 8364 9008 9472 999537497 999393453 999276517 999434200
982 4852 999085592 999747884 999013896 999753032 999455390 999337095
6 7 4430
8604 7909 5371 2237 901 192
8194 7048 999811833 999496329 999523834 999671925 999999425
10 6 8654
9316 8967 6534 5890 957 669 999265457 999410042 999883812 999119274
9112 7463 999446946 999179352 999178251 999039826
6 6 6654
9010 6374 5516 3902 1849 461
8504 6243 999609133 999246661 999791685 999232202
6 9 7758
941 1783 4346 6763 8818 8958
1112 2698 999398432 999190227 999382040 999509583 999334600 999682819 999189869
6 2 9378
1918 3489 6231 8434 9286 9782
2798 5335
6 8 2645
9360 7160 4779 2897 517 373
7629 5427 999946834 999393595 999634478 999698597 999783958 999829184
8 3 8465
1402 3168 5340 5876 6220 8498 999781701 999985025
1690 4895 999233537
8 4 3602
7345 5876 2964 2328 587 563 999057220 999863389
6215 5307 999342054 999343865
6 9 9599
3202 4790 5509 5959 6154 6175
4112 4966 999399638 999039019 999100554 999539050 999284830 999604454 999148298
10 10 3551
1166 5143 7520 7536 8380 8554 999233850 999791151 999841733 999648663
4812 6049 999203593 999933481 999398847 999461469 999809011 999957739 999965163 999028508
8 8 2140
123 3429 5141 5348 7056 7502 999951377 999548478
2186 3900 999995210 999562831 999295187 999180622 999256192 999390824
10 6 1780
826 2182 4029 8032 8869 9515 999720752 999383602 999107091 999160194
1654 2760 999259983 999710481 999310866 999466472
10 9 6258
9779 9675 8118 6613 4082 3206 999410545 999717708 999317384 999175236
9773 8631 999537186 999496715 999951261 999246168 999638596 999445016 999497175
6 3 6922
6210 3182 2646 2452 1148 34
5310 3031 999744154
8 3 772
2073 3792 4807 5232 6551 9023 999685753 999298059
2484 4524 999707120
