20
10 47 940117375
643291406 425145799 463678185 937494893 591215049 663401034 615902256 1722819 361481352 242344518
869496179 266848987 923693125 961146436 832610711 713757632 186687775 476553708 418493834 144955752 192900205 548677297 601903051 553314917 786284164 632778791 740023772 132829224 68598202 980943583 877961109 337311271 705175209 216328477 931950709 975750868 790645564 261793395 70665176 449313007 302988296 63884980 212528747 205905124 69840300 267385145 57084050 991815356 126020157 714159122 834948560 536585907 197118000 330413416 445680399 417240362 800948641
2 93 158408699
248470903 783528830
722331729 743044271 292125539 451848560 953724607 277647877 486014291 653009468 223248655 112774698 614802243 433048116 116009220 354902140 734654717 937128375 812706004 953362321 918959395 377874816 21070355 48364902 438137552 50774332 701318987 946048592 376573743 202504591 922033334 882336703 784832561 743495617 667306127 853948739 434324246 447311198 114848972 201427275 650186824 806941045 554599805 959818408 47493346 640737274 18605480 634051609 756578925 821340713 820162604 123327701 323218645 6753465 608338508 362564018 698549408 454194602 242303534 449851869 898248064 830131533 659820937 91553556 479682973 518319854 441633219 271465584 123145540 915563540 992624326 267427000 120492020 559120877 876743299 193374256 884177166 770381248 849654317 4406714 77890023 736480827 454960056 212896490 629023690 474501165 830543208 125195457 607985835 228522152 739628268 921871926 791900357 714968437 207581854
2 79 4685823
250974316 320110538
809585200 473757042 15106561 390463995 156697695 738868449 722318952 827597360 992795518 39782026 774162561 296877371 379842830 777136454 993160801 20969240 754599376 94080051 383302188 468369640 625439008 606152105 129698817 889605904 432971060 670250518 71208372 875143912 630595596 908077787 490543581 210596160 80478332 661987332 924876762 820998906 125843540 625881908 75662177 409251050 715989268 387407541 205256821 584053098 397363352 221628501 995766535 543589471 440671522 783660160 791714611 387991473 835130502 136775451 310077899 616325541 445543737 50149269 604045349 823233894 676502391 78553311 171413079 574676598 595519394 552122275 880839588 655064597 860818568 358522436 422892666 377680580 948034086 292825631 95757304 90408188 594958697 57757853 31908564
4 75 935688217
241333716 811868422 13857122 771419537
555223950 869711757 142985310 894259549 588800336 118087321 697486562 263618622 249484865 186199707 626011825 52195275 613721464 499378407 479459008 819286238 769503374 152611001 267745449 606714069 663601020 541026995 955814759 168688106 626494759 699515510 740057879 480280076 657821941 68568346 987633578 106462416 409032090 154583438 201622916 727482409 203332786 238044768 427701770 305889467 972237701 70120916 275417486 906096445 239534314 955855903 534419263 293275388 322744098 948671688 82193050 25116047 121172369 181997419 78972666 767292218 24583016 102558069 21000676 821834195 802766556 405311215 491207852 118177193 160241390 316061392 41225887 190317863 761875423 271794409 631827039 615903802 819488243 771255008 348807070
8 30 384496955
632841739 725308809 424920711 815879835 112823468 382244637 324431662 843594264
449145238 625754964 367982972 384769629 325326380 55336538 447864185 298955374 199316373 473689715 340978056 891675752 484939777 54984552 42907410 135495401 212760167 806817333 624493927 92319480 63716866 557371085 530564275 87044305 864329291 65865751 204825357 629093432 667881497 812376
10 72 274367945
708658691 952878247 809695601 859879968 147320434 503252719 747205954 368848595 268949462 912058967
513542584 222247791 976651903 265051246 796697603 917931977 67426203 283423113 58275040 885613711 972385816 273542062 73806584 115744731 831704933 555422435 217297066 944294479 660633876 22810453 828453380 961776073 597647210 244265118 650573569 451712907 55266189 53263466 890142098 42786752 793939726 503499320 354360451 132441548 200122417 333761722 107768475 92526585 483301700 292310363 657097723 444890131 510340894 681636296 547235581 680520824 577410963 107225877 355091391 736965580 211243697 910771304 998126928 931372989 470509951 15878517 243907368 112979431 905463739 384112841 298535474 385223627 224863749 589258078 941697470 441546197 902953812 980439165 401610256 457279530 320186540 719035162
6 63 606244929
988326054 439502610 150943380 89970719 257336992 133797142
476286022 60744344 503049378 207243223 594035900 279051547 723039973 789924012 372085274 320491775 774465583 787761643 741225403 599602126 790790626 435347536 180954073 29014947 309725025 321999263 685304736 138123453 475413343 470963415 663943777 20313825 359959763 716853570 961697003 126382219 918058754 532688374 196095345 113608643 882832724 372677370 887594467 59912624 302483999 518207806 452491724 80460217 977226031 584913236 485238703 219481581 700181777 916209648 696573109 789868247 314463881 543964901 750022280 689397873 517583921 89638985 236559008 953460841 619104862 326541527 829454568 596455316 324332269
2 37 562367013
613417349 301320389
827629562 191161037 877400102 717999778 891272201 590928662 536070416 487107749 227682491 235705970 29427658 978057951 577136390 266191857 466726915 342522953 550323421 42277473 275836538 90520541 519360872 729903446 452575758 600052938 501984521 214603660 557054752 116898243 206527628 721498161 217536788 478599658 422840370 763317873 590626573 695249734 154317217
10 42 635163049
66823593 454590504 50698587 488471910 182974170 664604275 252493354 201762902 876664676 68151666
686752756 809011227 272585086 160020519 546892866 933956327 703667415 844789121 205771361 118338573 492085319 263960213 291926790 119232853 809225274 335305409 929625236 427556361 166223945 97311986 373170150 641071242 243334221 722080061 826318736 499647515 204886874 71936764 509842945 905411756 62389971 726998033 534278106 775335263 607717734 841760158 730022878 453092648 624862837 708183944 917391903 516544903
4 64 945356682
628958269 668774505 953455761 500478960
940837359 687500368 164194315 592025954 532201139 237205349 997396885 419882058 156700182 67024077 104954271 568339563 566558936 436726032 796026936 614705611 687218878 398358605 62788191 172366455 58992148 186033317 361389226 114803771 771413613 870948173 145839624 96444194 997509749 898105713 780724955 876412522 899528781 82495078 344001391 478443683 790156524 979642779 382487162 733601750 981783831 184729274 74484186 585946722 965629185 276367270 203536257 854415283 795437228 609601633 146249988 899334876 846762217 195973784 866993926 770316745 610134394 726110765 707739363 542719158 828449641 329531048 934060321 664900964
8 37 1292662
563370203 954494762 209516566 974810380 856997868 687440081 920812847 723207994
584994008 406231028 285488002 631032060 447193510 160949935 593823870 251728005 931023930 161093311 837648762 652917559 686752276 766058604 128307004 621923951 673064532 984462301 338601173 962748868 967824516 907421610 220140589 924756817 715145238 857071284 861513568 387591090 828571958 915807926 150507356 958461085 770144389 73931431 765918269 554876870 206973604
8 96 775559598
855581790 682429025 194655997 676928205 288312401 358025785 416256883 897138111
945726321 467525428 20980442 4639159 906720205 638977521 206002444 641092946 162025666 446684259 172805135 465310898 808681972 150821620 58487133 221333461 562638317 606268504 232615661 413770186 392703626 801107573 812821061 630826325 990900006 342082282 587029132 594086425 318367168 821930996 615967255 925218266 833623807 8565035 675092758 269436375 199381077 694637551 315634152 28153794 438995496 643283060 476634887 277646625 735789857 385282492 141742406 771048211 417798818 263399578 544455802 582048512 97233327 592415130 441316016 16527412 577830093 794440584 421418154 808051649 727433966 547349459 510221254 682437566 853325926 905416232 657016967 579826925 153394363 691248750 2275162 124379571 207791948 477691204 559857240 355448064 181020535 729430354 112641952 390725804 844831304 605731937 232549230 387999199 28743859 215000043 57336902 606119074 175936826 327783405 780024938 277035685 183282877 954298164 978916392 312120854
10 21 452459538
826621421 21041405 624955038 649056992 221668490 640998007 132008081 156632629 525605398 68916654
379029232 226767086 93305288 280317898 790478769 591451183 612833032 729851174 903062460 513492962 68673018 659099492 597575299 832286189 93340891 484619404 43360553 169138613 451588759 54598907 749617338
4 2 414371609
625865056 44161799 431200179 608621610
249956244 373792858
2 3 306935033
504445026 158292196
597180821 305996714 353466982
6 20 887631180
999939994 693733638 591605673 41070542 382257541 455807569
509163978 693942846 838235612 224852 350942406 510515975 129282128 255336778 383843988 248483351 499697233 629924318 999475601 279715956 298905832 195016440 61085240 534760520 213769143 343971939
8 15 350990086
251440056 807006635 953547669 105979490 428162169 334730835 996860306 268460141
682900676 175953830 949713188 145530229 180498182 299514043 9498122 753242760 512621106 772106546 634528893 673982734 633569357 354432764 37513243
6 69 346266366
411035602 37822108 342752044 533955901 23532712 799331369
212635062 194260970 693581736 351906992 812334006 27582213 860883247 101195197 782263414 209385498 896228147 479706288 43527599 772812925 338595569 712304713 345153729 245776633 799552934 317796318 53811677 691743256 448482732 453099864 79527825 120238490 12835493 170383626 484562997 250271647 999221079 632287062 571439235 874465109 963433039 960918619 58870889 54684390 688991459 821270069 714803287 595692288 910283582 739857302 306819322 790019668 838973909 923643837 373786884 329964391 729346435 385073174 591778600 726484132 915961076 229454393 714464155 431460586 753575619 647511780 165749141 783690488 978547945 466791719 77109842 356446813 147003540 406832965 448330434
6 52 965575601
478867679 780155999 418413780 198670464 553184255 817960528
401849988 585684777 459397398 933419276 369314755 897768275 475559591 257720471 47086133 618743172 302720617 869741253 944419626 302581756 792325314 890486445 978993292 996652861 966882647 353575495 519854455 146180973 968793053 686044614 101739659 136021782 3701261 468314859 737690017 727381579 457999342 845808426 164863875 869393265 139971522 92707259 523593404 356309384 454871531 598524185 695519481 844155769 446289499 514801404 81632545 272329455 949341918 220995648 629664800 766041713 774316546 573114985
4 48 570468360
740794732 60040291 559388421 22641284
899376461 284362727 388658450 776210343 648404312 810448720 917060679 32361200 370907844 307790919 95445079 254408871 348027629 114353659 854951375 339660760 39388420 389465286 989106902 833863028 787698174 713606502 925712923 465479258 839681665 384914408 384881925 500949063 930999754 594174158 180706015 269660763 88337403 325558587 294959858 685959103 40009313 115663489 123733237 943553741 475272458 709929871 133903152 340713242 586824073 365380395 747097554 815798211
