-515348130
-545510397
-108036842
-619277910
-527812843
-487133789
-517295978
-545210662
-562813846
-451445858
-481930580
-379972199
-448237456
-500005070
-422723552
-442376353
-475199468
-647647306
-385719335
-480444401
-428573220
-475398742
-452069857
-509383101
-622628292
-521588121
-520768764
-392257560
-488183663
-625968149
-507022128
-355179408
-364698517
-530692665
-420282728
-595703552
-550663798
-506245972
-577324753
-573189160
-484362012
-525656235
-590131710
-585061863
-428086138
-527808499
-643467911
-449796898
-556485459
-353836539
-449377963
-384044961
-516353258
-526574975
-583201392
-455547053
-503097696
-557229298
-511884355
-357769987
-373330194
-672292063
-533567120
-468667392
-167492809
-399219643
-608408669
-438071055
-401734555
-435640628
-366517779
-229534208
-672236585
-450201406
-420493113
-584808643
-546830283
-322152970
-458888344
-427389104
-528782877
-448389207
-587951941
-367344670
-573370975
-351740516
-299921239
-526192730
-508840758
-448759557
-380877120
-514832753
-396993094
-530638717
-718644023
-499497421
-559518203
-510625769
