-512990451
-402700597
-309948987
-329045722
-606860286
-567793432
-493924777
-550042790
-456281225
-565838596
-559431670
-504545953
-519572598
-435562241
-567806855
-412458686
-518784639
-261658083
-353335839
-408553875
-529185153
-483567210
-436926564
-447816213
-555988799
-638947660
-635391314
-425777598
-649462089
-389345177
-612494949
-559640638
-495190756
-171017066
-442913553
-566558603
-444920983
-459663256
-527775065
-629392275
-541183169
-488498310
-573329460
-420689940
-401158510
-432163666
-437233444
-573164970
-461489260
-462496957
-556372348
-409832859
-570403780
-441457467
-508425898
-478864091
-522980433
-421875196
-490866610
-501915831
-289541227
-397830579
-435800674
-480536588
-479263270
-524076105
-463370606
-422190241
-615095416
-328133988
-500645297
-463076289
-571656224
-666155966
-562360772
-548510685
-417295974
-445581514
-524884867
-511380968
-489234460
-454618717
-211549819
-415045625
-449988756
-507967734
-460246781
-413324449
-504017698
-431136950
-545839347
-478237834
-460752697
-381720187
-635369411
-448959953
