96
42 46 940
219560208 429570635 635439995 746506699 930929246 742889245 470869189 933242923 478442442 573506231 70328536 308504804 151720598 321822413 168154949 608336471 75102815 814749203 674049025 803227400 577726553 816871985 635435941 252048792 488807359 449168693 374588799 28235788 934493553 993687593 250018577 796535757 717578040 912170635 364024389 753178501 793982746 623226119 37958532 326262728 348791011 577801979
500644992 791666946 679614708 853465952 574774747 542292957 529509301 84071860 783561479 477377809 499758337 814978450 900285173 461839075 439821871 124988995 831977229 373008588 86925853 839476587 781984194 216214218 694043468 271088332 71038142 658500313 492941696 405502369 498703426 496042552 801123059 773045659 479311310 662658012 519008585 530348001 175495193 624871806 4760908 821454032 411923970 513027002 364534635 315371199 38847649 329604504
72 46 228
560292305 776283556 426085980 749456486 979397420 233436960 206501442 661698090 838868776 306010189 890483338 207148661 316004308 511141458 720508911 657809883 78257706 711671917 650582641 710675640 760348583 42788895 50547902 307982778 95884926 198876011 159184864 862478954 846242061 192509952 636140770 973447156 671830482 390086852 274729327 977933289 550073665 838223576 416507953 741423216 425422141 259205723 484898333 242318448 178053134 787111520 646602741 182579379 870074146 526703546 872302444 138530715 605914610 509618807 817340931 745465562 823391683 108375221 306531241 901891156 581592752 117682765 990833128 595113438 786203163 693589988 26982961 18298276 804777823 272184153 884646408 295716178
986150937 757907078 453878479 751384539 954836068 643651228 431073749 706723763 791862885 873227511 159567017 515275313 847712285 894143974 251949662 751117397 856227915 220071996 950063760 536730480 883544435 595036218 800270861 717426082 842347376 467505115 26850668 409609415 163468811 502263795 646680788 984198855 974567005 727655921 461519042 3645919 502637588 478702121 846506902 230741943 703863014 670822662 852357200 319077440 331829285 52058738
2 21 37
398696087 88746804
471288834 461515931 952726803 656896258 387985663 51530705 61862571 115070962 859075298 177664152 493059130 147135864 475275246 62368228 281968778 300614018 809078405 114105806 97376630 704766315 959342914
14 6 351
367040883 795060424 175777603 132576337 105264465 977825289 829763882 13651932 642945775 495153014 473402975 986142688 666555627 473912839
891665040 474917464 400451703 896181000 417519140 113300743
48 39 180
284964367 838910561 863284593 152746132 648976463 126826963 846291366 699260389 540792726 184801540 322536259 438484335 464841075 281321621 937994485 875535744 773613435 733749451 755636548 156413725 775697820 128576651 693539474 61880858 89627274 289240585 948425293 301625452 623753990 790902831 579107782 969662846 191207128 828965332 489416744 405127688 706730060 65208192 255117963 915499744 920233860 319097631 258145439 810241754 787231708 718509135 473439271 367480769
295776601 750358339 936771669 121451248 791134462 215598166 715985334 22747604 774923975 316250486 764341439 783575520 532959468 346251840 407182670 902367782 908822102 237552299 940239314 713896512 742050062 260290808 457441122 685015138 9161896 656048960 20881027 615474047 617752156 511853649 297111893 218240449 658904878 729698736 879709633 300592677 162187709 567194739 745950020
16 91 950
429811553 505637441 887012600 407082418 691175432 260760173 771190334 967783436 392812765 301805991 390288529 622603237 834175601 81469321 941199172 673136223
990107668 574517279 1138267 839681887 714321877 306076054 244293270 450939415 610860989 384642983 40719761 627819946 577952444 640867745 358974217 662675564 693817691 542242222 443640135 472652482 829411092 560886995 784119802 988696448 254559972 14849140 539686307 182436360 243272660 331814309 813702542 123677635 264929885 45030520 359405765 609569130 998436493 593747736 921522430 283080055 21633274 647462311 436255491 839544133 702415875 195421959 215811956 218894985 343591366 777645453 715058816 283663864 610433121 13563006 162069361 297792826 200437402 51507533 441878795 996298837 469518304 743653307 619540781 848307847 468622353 663089244 7846714 394982132 672074491 410646640 299453862 218194233 790175059 723704791 70324384 390842931 77228805 707937138 341984475 301409852 516664833 133315348 427930604 578516787 655457713 100886870 277639055 983522842 965692193 12802915 108441656
46 8 255
146041423 741037315 585332871 478470591 242446549 223461056 605818986 220653461 537744174 291043398 187152404 149823986 714278094 166344208 621176004 287774234 776378131 960390718 890911895 846395140 634802511 150399693 65369971 266565718 786787182 895314383 586536207 445241735 968586389 599909812 804411343 337597399 988144753 662172322 684709050 379380818 65167402 308993042 616825228 554267941 685469881 975799480 756168006 947494141 375408374 954017420
421997871 213974371 83476992 428410653 136110014 306939079 284336362 965496512
32 2 883
617444249 909320744 814016844 624956312 719959442 122909083 65621844 580512668 534756713 738896213 641029580 393346142 855248981 268251338 301483022 450168312 552146267 881667413 983189785 50199485 907014089 14595809 896116306 111885598 286566391 779432911 712933502 699643732 622823755 743184246 173274471 729837556
135972413 53975723
40 64 430
731307648 699508326 281159793 756078658 478278406 21426763 711559058 272385533 471891398 83490249 982109343 814208051 553281447 689374623 562581858 626287787 887529527 965265639 999214114 798497059 61031040 352836705 760858916 738905914 283273966 296135372 515336704 619511556 421985247 381417351 767545317 167292828 973832199 249369497 901545950 542081180 416499596 821379738 325924194 519393107
923651231 327992684 295462272 841633063 77834152 653768104 375570897 415199977 757413805 313564052 50085519 294955971 948605254 512025884 823547339 916911489 833496957 996698759 895265245 324276142 461964437 248362926 567042781 726901948 627439297 30616476 807370243 969591909 945349357 729763421 911343971 734298470 357802138 925421711 322211743 259763761 879922170 85013018 803722789 925440394 592774334 751721173 744495292 338449672 734974422 80776219 482150548 844896736 820467270 75751664 965431973 418734806 144982801 688462480 819458918 505228585 714075209 462802788 223715736 665708839 493191024 230451574 123354284 933181729
72 100 523
491780170 55334453 121365201 743147316 150959301 352273880 593058350 246271634 40607943 15292659 983974629 30558865 842303286 276125636 837814133 430380527 260035921 719821679 389363250 498068017 108340933 974802295 848801363 798129814 321768727 452290416 964730169 186679168 924195871 996385337 810748190 834690255 814860469 209602446 704457034 495767785 963058826 159230913 715003559 476312962 412519377 280215466 304474433 543172121 944357936 647564135 148613838 562340237 358290082 759855066 313670399 697502461 66023966 794342256 546157697 308902984 750428755 134817682 12320791 449617256 880807730 831842863 987914922 917850044 448086865 642135513 288847385 898802536 363133778 101620711 647968 269471262
803081293 571925839 380209329 955084935 449020968 682237655 66094056 169274196 793342699 945319761 40150341 815238108 378741286 655007369 96487596 233674649 731166705 630375107 26165812 363072869 814685611 148087431 159480022 681060652 444248381 138035769 54453974 538218317 332114755 70599122 2583280 901664955 462382445 533789502 447241536 282430926 304385377 631626943 803274154 401972273 287409544 851021366 490661570 866804872 630982766 64629628 909089984 376261962 507064013 9129481 117965708 230175457 615591358 481831897 636804445 16127212 722188196 603715322 140846966 775938852 332329858 185179601 82353283 380493262 541215775 450913683 445251000 653507843 858297857 557947968 693569227 355269575 276861459 548531577 489336047 529802083 376658606 742539097 721356776 964016278 429166335 812010954 233721118 145489484 485176952 764651810 254314607 522980107 441252079 826382786 900724855 957069442 14585070 782318671 606220294 987703718 164113762 964741441 168721562 350128808
8 85 933
890108820 407435471 949488705 884300638 368140370 383454964 298465741 477864803
78548522 152507689 645502595 655307858 977144788 54801063 698145286 535387025 834732906 342943709 742389928 574552314 817413203 562455278 749295605 317659735 854720670 874622409 421500622 120799300 127494220 847998787 741593054 608707220 145946679 295174711 57193078 677955377 750911425 978913547 667025762 977512316 217186937 412167006 657370167 446818362 957648731 235029826 63539831 200088415 74248648 823635676 533887828 520125563 364865652 595977963 418842620 110204599 325906805 392469605 495697761 377343852 180336803 413548596 501657932 166504019 50613622 76674345 94337636 257843898 81910822 392932494 605842910 433446726 517837163 97754157 449625628 242215477 708806520 443912190 518282363 440536045 136262223 388851299 962263471 527848433 844805724 109920706 214274982 330797621 83628510 643222944 520763182 985481450 795172065
66 9 294
745573054 609833258 550437311 242937993 652975627 277441491 773415677 195017244 605942620 830735 556646549 248077802 319296213 994155509 717091783 76119345 985426284 176009516 565334043 507561448 176286423 43456192 61227856 994511381 999760679 353128764 369469372 995469225 516101977 707713674 745555287 20759625 197209939 898180098 371490719 811194471 109124464 627139600 928325110 179592058 725124722 7494297 80282952 406200849 822594791 392989412 572036600 358516621 126067015 878951271 970937508 491863997 814025600 949069847 97932629 842499162 136221751 862651263 701245033 325040303 790110310 23029206 415259834 493410620 283755453 607200461
616411409 634191479 548826545 674864366 453404252 606451349 814661204 124353144 214718252
28 50 658
13846157 627291859 217364742 698666187 959648535 417160551 691062692 776322818 259358990 164562972 593308896 361576662 721447679 416891545 186548591 674166947 580503100 513426098 544989399 117009950 411679637 58256349 908920318 384289601 840046373 564338375 979881680 832761787
217948832 69413369 73859863 122377053 482836974 445437645 532177266 333184473 988921831 925868343 40006782 139494590 60927897 799644347 470548870 463012335 911121778 661601302 751796485 594077705 881509971 753717589 277648315 497648427 136649538 961290956 846575787 266563429 102092342 167458906 835133654 684313750 123524619 171249862 224139520 947124529 622174609 618234043 544102472 214029394 360272350 286930034 306376547 695106401 690966920 789699166 936285260 312321209 130237913 159922099
56 17 984
774163681 211257982 525548821 869654965 102424758 557221847 489922805 917147137 131530156 442616952 991069988 910236012 781386180 759844923 802551439 259215226 185774143 104903718 625645561 88797533 776158116 338538062 380379674 687917087 596415729 246984468 962962922 450775475 84795522 993941252 964189692 387648577 71583581 87036010 449232296 753823926 731574410 163034091 540442160 769732378 270257774 226826812 500761390 742772949 461316807 378562597 929440300 707143815 939506298 910578702 911649824 680131566 752508812 461765882 531812182 79213492
334181540 690157766 284917462 118120392 414404307 10496075 57140143 632392604 534432358 820825413 771171385 330874111 226698017 95797222 606477261 485457928 554551001
90 93 680
988069375 624422440 90764807 713968693 850559536 773467175 56974116 811771360 678849372 212708627 500851230 994310353 657892001 463473364 130024679 312305927 772374058 837943202 989191720 113745099 494547280 938564774 5910776 609612141 617210321 906500656 393550882 894887865 534698008 784711633 913958829 26310710 77647748 774948069 778698089 222715120 852419011 311203936 900388899 37765442 250249577 318064097 541842599 827819560 858164967 607769989 596636770 194345634 565830181 209731183 489954605 489671755 904512895 959810980 667372164 248527094 464142719 304489059 474911807 905757859 369309736 677336995 121350496 478054174 818040176 772920974 748422314 846737971 245454112 558442283 779840806 943873397 998316627 33042893 954874683 917258266 499716333 173720118 998822117 451198941 132861419 660687250 728411039 92630644 57845477 483113467 830214803 936319471 928920752 785047428
299520513 233666871 514828820 77737148 229933272 981931764 118146087 869172909 869736880 369217949 362316874 50033937 779972723 487487729 385259054 219735307 239380582 712161000 590542109 457753929 235387176 202279703 417083535 968221804 266234074 640767767 984579310 771889477 736227254 877157075 871014349 848971657 532763240 910663904 133126485 511602887 236779289 55820914 141551839 163012013 109355464 254911462 351438400 492914907 543480846 801126174 308742697 759537656 417327557 686460400 69331222 976669222 832862526 986582771 985671463 101727379 689344305 524935587 827178054 376971759 182233134 880155211 284297861 238772124 717767392 814637722 59942544 274013520 564799068 757913187 185257644 164421291 626280466 382264897 287495908 864419680 180904941 733057488 522698335 409413496 356775448 607616358 632198903 102324001 173352382 365922175 555112545 534760550 450857088 5983867 319144007 503480291 947423518
22 61 59
634876440 721770070 807300254 745193561 54891185 385610548 947548467 550476836 602794659 763517924 709892682 517415404 414528073 433528437 953701031 977738083 245497680 395034928 357305906 63445239 195006062 956700680
512542325 370236447 780987965 786732633 964393556 897818874 176997745 97503447 981602869 644044563 568341140 291640739 55782924 846920511 494923634 26337079 886193351 658415473 588635198 290863813 32888099 833663768 760961622 14298731 516941673 521198305 966430668 881151100 741503026 204610786 246126678 677479110 691868049 278209799 993936149 271152202 721265652 191637230 468282315 998442058 714121514 239437101 920874684 769295709 674178397 403579385 445724834 914435227 747462451 216218348 903769050 520187747 918356821 336760489 53978360 981777460 614222756 647719186 857342991 796185598 661591780
46 52 217
537788397 729836368 27276797 204357766 123309960 857877740 233096324 912065184 167073226 996027069 445387055 144902626 512737334 141517271 711181876 157055092 331372676 499142113 18531743 735865347 578499983 171186601 769956039 492866821 932526937 600556875 840918659 615235876 583419543 57745252 606264980 478334436 962481862 315556233 754852481 691438163 855934135 375769999 645853741 759105087 421775521 327138519 894179842 263310582 126980517 113390909
162161074 822928404 711904156 481495947 382816198 258428981 459671619 657237154 638966582 345210808 950972886 145733023 817232921 462917661 59669573 422561964 657409070 102210625 945085038 82699853 406432766 322599656 467731217 141916936 570357280 798413763 187693091 518734707 702196674 119331975 490891068 437813097 716637565 811939406 475525846 975932654 57914538 795551905 841937253 683252522 233586638 67196921 236298255 33807137 155998081 936933045 254845366 896798362 792773251 703099668 218414591 33626658
12 67 125
322495924 894284268 930806147 837059017 930118036 524648878 495128971 724892998 529812105 926049104 937201766 741068005
57386863 474998408 597750050 527730074 728716241 421688771 814712008 514514967 686080403 887423832 85962621 431161412 292872879 721183258 114218165 715764253 786990886 950160265 861353634 334943376 430514489 947934085 509233079 247159933 839600098 16863599 150312586 964349213 887931313 915904981 685199014 245857631 370841623 154326859 489332271 455514561 396391598 663664553 861659957 729326099 757169885 452407951 691742007 18060274 409091970 684410103 842555451 257170680 823405303 689775488 695481671 643056744 164785551 881638234 246583738 501719624 212834352 399726634 829242142 589947815 291903401 919651459 492012762 125630742 867788543 711374651 533447695
34 46 377
582023347 849518743 655835339 893254523 802727006 773542305 673406637 324915696 94026994 622113695 905905535 753734864 866615784 762256672 455478613 119767698 119815183 597747707 831373857 674714869 617660527 926538282 79888992 703485343 808964724 593270572 526645910 221858675 270023558 486341622 233238884 867019704 427905747 420615234
65282289 702921648 903575890 249069124 15504917 163360065 374971940 732448037 598500704 16247653 965613624 987796240 300588167 94732709 720493038 64433624 460819717 403167969 668511883 662058787 710093730 625009026 985483132 634005197 495299250 888418030 616545498 361596654 423043641 533011288 112068228 237847185 266229209 457408004 594145248 313413679 123531135 396395835 632237643 222341353 217005044 104429215 183867821 539732617 817278134 955581783
66 21 656
866139751 288674724 751191612 202318604 118517101 677267302 688021711 948324461 184393559 670373865 491546162 681635545 659681207 148889958 826098477 305464373 36689767 424991521 964587201 660832793 302147173 608134060 225327287 849186592 646307869 661345197 807321314 126440641 935093280 105481815 703041246 31916270 56138068 39259925 570940771 659863020 203772624 818287272 126746894 376891518 869433601 222195382 190875553 212706254 698083643 262664825 12857934 828616574 424860075 974623988 701974503 873107738 284740307 923847808 30953172 353498249 569691227 594725632 508120049 136137878 640369328 66254694 950130444 32198386 478900938 711634735
821566808 936712465 218487175 33606019 790019602 64046504 268716405 952038994 952947614 319371756 457328520 298806074 779408764 331873543 357501096 154932291 528813199 110169813 524050667 79458320 186635495
20 43 58
202937203 576245587 934369258 175115485 153310359 695900796 662420327 991253687 410369690 379954203 673761516 771025336 351722167 503414068 330848028 45156030 704913440 874247053 436525833 116947063
110086617 323883991 59168344 891320466 562167155 166973759 286348508 491414868 789751253 268247195 778599063 446363671 253780833 306609981 414010762 27113150 860102469 194158731 368414419 242261506 322286706 782300319 629672530 738431171 859972926 297233753 653060233 673122248 658020609 27798178 424594847 679306520 252667675 165649842 48219038 88494858 906816714 741504262 996399797 127198405 794496866 592691598 995217500
4 80 923
812541598 134435371 561343305 755847248
28076054 549918415 951630689 383826258 625708929 840136234 89119278 86703994 244940996 991050107 168075244 266278445 114899031 419414623 256046545 780323203 237617237 312189255 547491342 711722824 465997683 750542784 567202511 725163733 154679028 716196480 859595404 282435121 843612958 135038046 20373815 55271001 749811292 176715868 845136268 852159351 664852659 48327153 819069513 988853790 472600434 189054541 128079277 412467816 588641513 485742851 702979108 229763038 128662475 361655828 275559117 746527450 584034172 444740635 787338937 526304209 809199798 74752165 539651734 140003085 843138846 165996570 198881365 168473663 38692598 420132685 669516148 196113822 78314504 673074374 367487641 930687975 803301686 105626750 570333904 865475844 373981148 760494025 817157679 684389623
78 24 309
574173510 114286136 34614639 437746195 44751151 394682393 49500536 943526723 564324133 884695554 495563799 34435493 531491834 201550560 466267811 207746956 706411729 285333492 491252431 885148840 655088924 504200540 260609610 710629400 441169941 53975187 730650262 940848729 674885392 69735656 945689743 403894580 419082535 615951595 814688373 360847794 575644741 412159746 391155389 560848453 721476820 616857367 29008198 365510289 589056195 328020827 112209586 489120052 562708045 178959400 228301458 888812279 39033563 662718385 612303025 622364230 61836656 291077221 200766616 443322031 232278364 640648098 388567273 92714559 796060984 117607121 743115197 853334935 630644084 102549854 86675492 327402818 150681572 943994103 181484842 912895540 969412849 693538089
283963061 363379451 107047384 122269824 631498656 76827872 338968977 73551850 50826287 572129181 283150376 240801782 439741240 138747120 982607571 400035843 377142811 630795593 212845226 407373438 385318299 978591501 556364282 583293354
42 42 981
581463695 476913967 137576492 577728679 418741990 894600380 988600841 776642452 618668372 513184713 712408039 212043464 962051127 67477055 405207332 32125971 951832381 940047189 747457587 360144319 382928116 706998879 502058067 310349994 897656978 977252088 946440001 118598665 620142656 468579302 241439589 873555376 865145664 157523188 531478976 924121332 32980590 828747215 747262813 75310050 717580824 222497026
982579167 568272463 94020974 111276496 9862848 494178533 605111085 924360258 228822854 834481298 657066438 655093805 215495498 800829470 277146831 728828389 346079374 994025616 367676929 664236595 719141806 112886739 124395489 326047671 910437071 643804070 448963520 557043164 669951294 813488448 954909677 295135186 693822662 742929739 418571846 60760245 608655757 432580061 301984285 474701515 430176606 380285153
10 15 920
807340065 15128004 473690524 543066538 98918266 13573329 530117143 441219079 532072814 662620657
829103718 896175454 870770448 296932511 526567983 12087313 327422546 335585359 796657309 514194146 50769765 574346658 829239582 287411355 844710298
46 37 60
573045721 668272585 468857671 486052933 245461935 583629306 454308376 149593722 851820472 687472329 92123767 979963422 222202243 122320232 90353681 326532209 859575548 204654452 954972171 952685392 507697606 309525546 917456058 776634107 713675719 210567414 630401848 729070850 332257558 271185878 941205852 457080559 518575833 507041533 87800898 291528984 429549256 629791755 27570483 411148690 810653578 231498154 104305482 281230203 383520611 202214258
297201875 28226389 657614455 276419793 206160153 343503467 811802872 441541961 874939033 309075320 159050428 990052239 678005400 75142399 623500418 164357724 744242220 277866421 689534070 334062644 101455055 793719102 230980251 304704827 171934593 772379439 351005117 58780676 772032925 655585167 61644137 898900687 103048972 162130783 859317901 321813524 490529833
30 34 488
602592408 218211588 358984831 279901326 823646806 251740266 483197303 681838595 425484535 939739736 888048793 949955928 320814787 496528396 740143570 968405572 639860724 111584940 151987909 14343393 967782892 575199457 746120824 995019444 733638402 821157430 900954382 490079344 239308880 681737203
994794334 379491506 872324644 928863121 646457130 964746146 570453263 288815383 654667047 744718524 500690759 457569274 75971478 26491931 776096004 283551128 465929859 280681728 875296687 967053412 122484207 128623680 733106851 843374723 111049009 836368546 59583439 738818525 321937099 820349388 549283889 480161347 184604705 894048099
10 11 553
505813558 308114048 953362563 702316575 836538014 945945785 543061363 587138460 955373664 629730032
435175183 570137881 394408322 838493207 393648355 621590125 410461111 707961711 448845901 859270250 963726436
16 54 317
254004466 773994478 506650894 168020349 514505764 136581601 965168515 380156941 194697069 340897486 230975163 41815369 956951430 83957479 659479606 947030176
239810672 897588819 778468163 80474396 71690410 349942823 587377992 659847578 711669789 349432115 949821573 256995664 918547510 74122717 555026385 625579227 817642420 970597424 357948117 640056731 105486730 359245765 43193852 530390879 533514414 148493450 1779095 40173272 631470844 169052531 172062105 814226632 531562245 547757908 575351066 540556466 618761382 126533218 31494950 746398311 518514964 524240139 368255942 266737300 440675297 8269509 520787760 791745555 970588054 160346205 802810519 656356865 346409199 153709964
60 92 692
167925516 962852476 937864604 41958555 489559805 165274690 432106599 805342359 494411596 531776564 18925951 817836285 142831492 510565752 622554770 130237128 710844764 774351740 18478022 440428701 259726116 798406313 326752059 269958339 280136989 256735563 220753930 523267119 798274779 790187107 101710683 618331015 362180737 288302162 679956414 923260136 353967171 848663148 772600067 805478420 932482100 69204331 784781383 479743703 582372870 994550920 433910250 577379076 962389848 811871122 976829979 736504821 371865831 48078025 883612234 154690175 755738131 888537618 918485391 855880887
623926507 521842661 461947112 533091920 317542138 878771351 194616980 459447331 976932270 364496576 752742126 643678130 118886407 762329169 784860278 684807300 114881448 838013954 998280391 797986724 822589814 372866772 591442634 305198447 244748510 5959310 637647552 464152277 749862227 767016242 127141488 705665291 239123531 23530456 503681453 755299097 705641798 245747633 332315307 813854403 441394061 2926041 188743849 745827586 814445248 456030799 96354360 12944768 158298745 27853852 290442579 343588270 599869998 998504525 652745604 577002834 451123025 752817981 506900254 674234369 523018586 7950565 230122770 531628932 710372346 351051270 970410521 663429719 802950505 31675781 277309850 866308776 1673627 893093248 569050988 927062973 55385498 904547715 747442181 871957024 11997345 726993134 298488254 617614049 957571926 14871358 877442541 184181838 87472576 662461819 491743538 275073238
84 14 307
479922920 62375909 899249306 38991039 54484659 819840265 883130122 5321585 556254701 132386643 706816305 409053682 709169274 600052627 369631835 349867751 945536148 410543102 103898480 532187958 80783134 293982349 430406598 877010206 752739526 545465887 90990074 803368717 442438953 368465886 999057075 268702882 323059134 420158361 24916248 760159727 321128318 627530 540417960 72409442 512413751 936628016 636876316 511292257 802331833 942880116 544354568 195083608 985225389 549683136 407871242 263498503 555229615 602129318 3755849 565495082 746126408 305871804 769155370 711082487 527790890 630310265 488549379 182727408 609662914 992930839 275496705 984551293 461148445 723028796 532404284 755175255 55792566 410245506 732359583 152448300 34637287 808462992 919310646 122939446 708652110 26763035 638547316 690699435
874985036 898624262 786621334 523673970 709446468 416051120 947750712 160257209 583367147 126868829 21638286 855242266 323913958 7363415
98 79 969
357991857 874188686 233086646 843830880 881534849 439371288 40760951 344409971 603355048 345733699 219105067 231725974 202278874 58956696 841172666 208904056 301678279 357206168 299245270 991317648 290552902 429778085 328069908 905927573 719400020 908743326 97250828 589087662 861293723 417296749 841388355 750913178 847527760 386210445 486582784 605560275 810369050 54442831 899374037 962584539 178967843 711818177 294155045 669616238 312013846 42363886 311131795 231930187 389879372 216279623 412820231 332663854 343187163 932565103 68564815 379075983 102467856 826435807 771569967 616431282 982436183 162122935 118249840 406656967 267291680 97622496 680801102 937420302 907921346 735705707 810731584 890770248 917554745 893185884 258944140 457573104 210610595 255972309 346425471 442902674 843088642 298989076 280904273 36622670 404549704 262960636 179890107 869551485 787806742 265948386 240566209 592331899 193355746 264517405 369408579 411365141 123483435 162127687
183770728 524382311 797423705 924728696 718037277 967757265 606336311 790732898 459751122 443799287 661274518 317764385 426778531 16131185 607601239 264440426 181234286 460311381 414697501 512075352 859128985 467500725 328745662 872919621 515558820 672071614 14976754 517547349 937063559 292491384 72849505 402223517 678616485 449176494 39855819 346484731 996816665 314406416 409630932 224242031 757382818 932443594 749573634 413343145 410794364 982658954 112729606 905859631 902279504 321766788 275539910 920620407 999854006 724550764 527761506 788119397 382321233 720133222 35696987 148019358 850293498 628752964 341474132 425910245 659861572 228752621 977027226 135425522 937712662 568207907 848313889 801922748 113676885 892834195 983180873 767115286 578810124 795642428 688188234
86 41 790
982798871 374845128 472199353 571965750 747413702 422885134 936877716 473079193 796270260 347315823 894103946 298032905 538901670 177270521 104824097 365470134 513746416 719441360 908631865 626824849 203417079 417328239 804886608 150550572 999810903 562106975 762817005 625081669 505871952 778317017 713422564 70192295 385558630 64731939 854785146 738615650 389855346 927045300 391680317 726839421 3212201 420259757 342443080 11314477 623521495 741657204 540410009 917817453 610293322 7280085 497512702 694307193 419391878 538848421 711733414 567349134 526132190 85484192 716341129 605302698 959135603 503934005 89152429 467863397 44252469 915380045 734997687 330711145 521631007 284132067 797991848 680516669 124119089 18595262 224734648 409514269 178854803 130180540 512849961 123327537 233260302 481976297 285203832 341990504 671741052 219820335
411821116 262531341 355770591 182058273 896659771 467286556 879968507 841664731 608381217 156047679 899439783 434053027 527251067 233280031 687713984 73019427 408354794 960393836 261231031 234856541 192375857 539065637 655328940 372084023 514262068 592398253 297773622 923565988 249279580 172199832 379450126 418599001 885186717 827926672 871010180 879002714 806449876 43739202 140096232 173897636 484091816
16 96 475
107562086 218024608 339042694 57933255 106922367 2086735 316597215 244736496 513373440 872629407 377547235 304964204 865181502 414966135 512617112 285205327
291371291 347971351 299264650 706916118 322668052 854778009 680777045 645838606 624312 186309706 113886558 244637429 324082121 37197353 90148285 592974661 199022314 934150697 244938842 323625760 26330722 639427804 885466433 255101721 999463555 127845738 482435666 31099943 23300768 80855837 928247549 139736020 921962317 667268809 761782441 850203912 928140878 714782897 152098694 626676420 436995859 851675433 207569216 955733390 908017950 922697284 526018952 776204064 665537700 261243043 211612498 507586208 439013147 288893425 434570640 808477335 563404313 309264155 787101443 618505754 728096359 472466144 911714725 640153873 806529460 340083451 855265507 78093591 144923005 68074374 588995596 194730777 805500219 314465743 365549057 220360573 847714302 688857356 966933955 863095061 562651670 16076771 437530868 868480377 354186072 403461158 726517909 300660762 544303742 524304783 399073542 268514205 174261866 230551607 984582581 116393343
6 6 246
528796393 623482637 365849164 526153111 80510157 463264071
775484397 246806119 471473867 6835638 760846565 316942251
2 26 162
817999125 251438416
176034754 203475016 766304493 602709276 317839590 475336346 309358210 778388751 224982453 949594452 277924522 747452784 397995785 738193976 229020436 231721568 198445453 217481323 129759072 175814922 633290135 150922128 425921264 88803737 47394995 780875086
56 51 264
626915555 459072590 789046592 962973550 296687027 619322793 630398186 917841052 353034230 574047094 747758488 327901857 309167887 539055642 555898750 199752928 394459277 943460751 451734441 24914427 358453812 717790753 710660224 389581405 103733525 918995937 658373894 336751010 286712233 603720221 985357345 867798542 779358380 852456493 7288245 240033527 483577938 844360022 601989962 467156810 983988589 710947935 724377861 206739226 298273389 15213235 746984581 599232399 807800584 386918519 580689181 159671799 631725136 218927045 970948555 957276602
10777155 756699353 349102127 515881618 158498902 977956810 877796766 9474866 172389054 525691217 269030894 896165236 629830541 182654846 291744619 937084742 92047865 407891216 822830069 649378087 703726452 440794882 296205724 703858600 209867081 409945094 209396250 367079640 356717711 94397365 516241705 993901453 607251525 983494731 961702947 239066479 576715746 906351327 539698543 299389584 911262136 704353640 998879941 669644345 308097234 474697281 843995512 846283820 840857124 580199892 852845766
26 99 245
265421200 696293383 819412619 626820907 707621510 467489920 75765083 91225771 596117463 434331377 63890043 619170043 653914883 922021362 857186641 553139466 782522792 660888674 489791648 25798325 171027836 80506327 344388030 293646405 500980408 625490282
864731253 364118884 907730356 884043970 337949291 4180967 313875205 339503694 478491064 640236598 932624947 453040941 465493354 704816973 279617880 827035587 773926782 322339643 932333441 725562019 35906475 623983987 585234425 994749955 789733046 776384749 489945986 108652345 821920614 248908141 194435263 483041294 602280776 596132949 109730439 407593577 830073442 940087870 14187661 57806830 122206119 769407638 43826998 876145396 284512028 78165831 818573899 509049295 128011536 308438064 218595804 513454374 384859370 994916516 682010900 70034054 341002285 674057397 927510897 198105062 985423431 326580671 804343840 725351100 356478937 752350084 362002365 582534073 32458395 596044590 445966764 91344873 886082862 130153188 286306629 589262106 720452530 571755742 494440032 848053409 995106723 603964047 413690418 685775890 658282654 461849385 484598262 645632233 346098370 799893202 795853887 228130164 192624529 125545183 368164020 718641618 471107833 671569743 89827117
54 91 268
433162796 364592875 866306039 312043919 423203921 472777304 429371066 198132747 26932376 434501193 770316392 583200809 180272964 469689184 443686617 207175388 152742579 375441756 844684828 145236078 539250344 730112792 96566001 90871197 295177554 206155230 597243957 549589684 744484699 62436561 674301602 540060989 961855010 371477095 654450785 767888370 809320550 450045261 624160522 537632868 528775295 831221045 263587708 198802744 344209260 410448220 292333912 208433093 426995382 57664125 695497945 442724469 311013005 841329440
971829487 920141923 944189315 797718707 965005062 220469083 513233048 84539512 470451894 228197678 403131746 63303959 235213413 387404445 455252509 257979163 999386900 774211180 870834668 252078368 61022177 321199000 878265164 916014835 136640818 100677831 977261539 823937319 920904464 673049367 576564205 725572891 762016817 926412976 731072278 835346793 544863894 862813568 224632761 301509816 126411544 371805735 508592958 366284016 751451840 815550830 449506161 268419865 221180112 205233461 753820605 215293034 733369721 650666091 884163943 352701786 563528282 894118437 625959277 184907011 106703530 334021057 751682675 962679033 627435488 106700443 568423897 129538419 751763902 359903093 135168391 231949005 182434888 632663014 314956355 149725688 475917535 918559028 330252318 633665000 383980742 764701843 176263347 842336049 345551824 915732204 85972344 64536981 624317501 697243308 614097127
26 89 643
453508495 400970420 70989745 649559094 926141985 626829927 148059898 119268754 80491077 992541731 83620831 260836240 11007764 816617231 781491110 304469357 930206348 749677848 457326381 308741403 953388101 734174807 395755107 852171137 848396230 795208574
150859371 13556054 222129966 939257088 402764797 25247429 195895209 197901629 561153416 624770426 390920238 823932797 360893507 720995913 737010498 526704141 395888843 920046294 86086339 223431837 437673503 275911743 261036667 734560170 457731199 474811748 626940056 552386801 441405584 590237171 143955812 712156649 170111861 741754764 791970031 371388763 298595052 191880363 522798652 822391690 921450890 21236034 136993600 897710069 227105286 622706120 947726933 457040153 337296508 854604699 685235148 397407853 252953518 356598925 844382641 190384348 987692315 935737743 964515794 342622158 632443051 192935084 885426323 617040278 157146326 317175052 578678948 617898339 797632388 360442322 934473547 341885809 619721217 512726019 826559701 735996310 560954163 184121954 167656728 28626487 493164910 848049987 110837214 628056707 726191450 871779710 152782877 338078074 413260836
58 33 669
234401918 764487438 999010817 932777741 156650583 176167203 18736364 400489663 729278834 596778750 707142857 689699412 772932403 301801742 356911747 824954171 609723228 232847869 504173863 155315100 86993141 435665600 434439528 499213755 310613864 534423385 447503842 694552005 23528435 865079884 418433778 207158964 133847431 653671647 492012370 549032057 168897743 943234723 60519736 718174298 177127375 937234175 865956464 2229548 273139588 516805515 911985244 725116385 682378052 977467864 525826585 185395097 248463062 575355437 247058185 670179891 382527837 690401949
523927549 598557498 926253259 119684638 440732953 717220585 606738718 568227337 483983963 105697730 14392760 146748919 832889602 498762499 535374187 708807128 8007525 665621300 608696980 420399036 576253364 906454554 194822089 789375126 304505951 604297052 432493766 78944333 93881130 847013652 385409854 359082049 999364832
90 36 160
923667749 702326846 74146573 338340515 122343088 326449455 338711047 945854403 329846239 646183634 630962966 574871815 985402047 575782818 723482324 88264202 766474720 280552596 312102660 348949050 29212512 347824749 130279393 523008206 149551108 436284276 447416942 615036629 348802615 604732188 560543151 498412802 631885064 878239148 521955095 598301669 858661076 977079008 717453682 526378625 850370024 817071904 933684501 887267494 316907006 563484373 169709468 859378292 792463662 907622257 639616323 638483038 196110474 159102141 540666384 456558070 117140872 411294433 592585608 743415708 741690739 959798988 386443896 436501765 538571040 268594592 472673183 474798287 182613239 715293061 932273534 419284954 366511456 907684056 772796240 800522003 719465944 595735462 146697089 398697130 883304381 59498104 220897499 261484149 388845484 517651449 800820035 903861179 919182771 782484210
282399619 609001944 419637120 626014249 525359669 50980977 293241836 449335881 968628381 835500189 186807494 414556282 710283248 369294666 567496504 47979108 587380124 116720749 649978043 27686656 946323053 446588037 640421803 736639022 676676533 453089613 215622066 197804274 424951118 761590735 571222723 78975496 616092371 950903969 771885518 523028015
94 41 954
826628535 475220379 9792485 732171487 217909877 773818911 941828432 547287634 917693039 81222255 165937441 553658627 930372344 498042350 836195204 14103104 715092148 778851736 232866523 212115072 937050648 838659415 885225339 731870810 52614276 987370903 330250707 903649069 894264367 718409954 34898294 552994386 885817641 680985217 283260403 357516662 962166499 177970256 576730184 962638246 884778890 424243331 628599849 394991518 528288350 794726671 389539573 466176852 530114637 628146 723346746 150388454 486921016 378711332 771219129 778867280 964763911 7176577 944037702 30385871 396234629 567094196 625913623 144933497 15577350 391433328 238829619 460254962 636288268 440006559 846054615 973445729 571419708 760751688 180744624 935554509 807969504 427751921 115703847 151764601 806280029 741934209 666335082 636090323 971776905 860182590 272746859 586572095 733949106 343065712 228787707 543501432 81981927 130333555
6502015 419155862 993267743 33100378 303696926 684504545 145577126 389850598 940160030 29241632 333560912 670022053 572200218 565336301 797195560 958878676 384913629 896691562 928933382 49706561 309300979 620606037 12914041 745478588 634675391 264585356 26255322 34785224 250149200 243176981 54366608 804637911 166137187 404189952 572015087 139529071 240498578 570487030 524201669 953279304 751522268
56 56 610
222885288 235298563 224606913 524659175 953638599 947419259 432862016 524987404 153800194 32167653 846058869 157068821 62082781 183386 251248123 700667551 626541461 347059694 197622508 156423669 750710698 198486509 514240723 423916548 594387264 333018474 915910527 883773360 50583518 894279632 660453174 961056261 252710163 42968368 544129450 495360674 432066353 191890061 47733915 912409727 847190536 794930664 232973878 104264831 130036585 556805522 528169690 18721947 585171208 457731550 993271400 999556596 761046614 260594733 513599112 935300890
809102192 724580937 920181711 925946439 81919781 714576381 973061353 279361087 328718640 219285477 401934013 312694063 610214026 623761030 766077654 762871976 646187584 609243466 120114885 820250238 723249294 107192132 401739156 541508433 818046557 946916943 543569538 396459837 111764935 727320418 980518391 481531768 260385479 475927945 336826421 268705227 750524221 552493825 664742710 199282451 138669565 173003018 357599051 937005211 384454782 966108500 512894971 749041221 414854023 953117884 625842452 137124947 987949889 576066004 136106481 857988093
70 56 380
446772734 309896627 283608956 421259224 992626327 349521196 851045020 391581057 433172971 329264440 481126341 445954163 741911184 871108648 252410019 490990056 839338766 715806821 147035202 521879925 649667350 396128857 206303483 485419399 153277123 816941706 836698176 504912471 644524409 438268133 30718579 88752974 389214609 467973375 569972304 873087884 762335427 143446470 990337159 169959687 132454020 215436248 49603310 533957640 407320392 911392599 413788970 308952638 701562169 897704167 195357588 950766145 511114223 583512294 845259651 952337490 493426191 482450304 338043612 719772587 183853829 792558112 209283552 613763988 340333111 669740592 534555285 55582983 4392145 12025639
576601822 779024542 935930831 925770199 29269958 755897428 996777000 465112456 591734879 669594405 842122029 940658928 528583917 388096864 455270602 541589030 295261348 786033594 186608319 583990754 947068660 366354272 591783157 523606823 625685310 306346697 533176690 775926253 333742757 277496469 997741367 232935060 760610112 810169859 716336506 90450394 676984807 705916687 71760659 642351940 378082478 866962154 865999685 758913348 454523137 925557777 629529930 705891644 857199466 661643015 271660874 800641850 562114363 802236502 104682502 734103748
40 74 922
842358651 708410292 825539806 723071925 225707769 724655002 272984714 673778075 810478987 135715691 714319394 8596608 985226481 846854531 261623658 4470257 335099771 657279579 211329418 339448399 447233996 20598080 255833460 276613352 21646532 717715212 290822231 594323703 422231734 424804265 605718945 879792003 450292357 461166558 960710925 256146551 814529059 276985398 798938337 184178952
845208528 163293329 957471892 689746142 109784438 20416550 840447909 530303764 349874894 393381114 367429786 280759254 159522847 533199802 239445217 938912742 747265392 778003345 667311015 490425778 588318384 795015157 274059291 353012318 249325866 254908589 327762548 236519866 188583746 963775832 268532053 55949685 662004454 300057427 324809287 850858994 680475097 607855620 858310673 670767563 502360246 791131096 883623098 581898684 998602025 247049172 161071426 974989978 499105105 235300594 457996377 211648322 862470036 902779592 527848695 638605146 535934434 468991367 260884167 821352096 413851388 205045967 235732873 634851617 342799129 108927621 99446617 416654057 649655409 119544196 552804903 614431163 729999314 872793086
98 1 132
678182629 96431146 896422105 87189618 859581354 231908043 447418661 88216945 340259897 443137712 677222371 928130274 637259059 772513631 562111265 424704926 764003921 806919848 965169214 214449471 413251555 859060752 881343374 934600156 832577521 638024882 997782 520127400 905289854 494998611 983347819 907457745 42008760 903545422 598935675 846370455 548295141 474549171 969433045 826171519 975296628 460310688 115006457 618356557 969699496 321536861 666588039 799452224 282459720 46784502 555135152 36547453 553224884 928342305 822132311 778242283 58966512 497830608 949634489 427903070 510253802 573251243 434608017 200744545 277657419 578779322 118535121 353126371 51632352 978617678 128237846 855937303 510259615 455672845 119275097 498981712 563683148 84974874 932756654 43734001 226015722 944455610 799365014 677605193 89137990 804379336 859532150 432716888 344338875 588975147 505561172 748905535 744679230 547676943 231126016 235684681 856615339 496134156
815565989
46 12 213
735684834 680948151 569512661 679464905 774138617 736831915 869082970 749851513 275923806 491565610 929178007 23656295 495707483 661508823 160182251 390719443 164122009 60921348 627505151 821537560 634717714 308822531 636665186 853100655 648562465 649458409 634969749 617564063 75347300 594724071 369204852 982486655 838813488 483879107 465556751 11607704 531629148 420485681 539208525 655868888 850227884 344716260 293974032 607131773 116945790 516572643
40884103 193916889 881711851 421080126 566119357 938556744 174599392 322355038 628004100 506667338 627343992 711481919
64 96 639
675544108 727845150 837420521 37153934 8665470 73535574 132999170 531890927 801404174 50429306 781371005 47105819 98801204 43376005 949228214 607039999 306753751 413929571 294323773 186455502 833532724 776835440 655791918 961554359 758790607 949119560 246937684 887205037 437370227 967949339 498854238 325216083 980017784 950413333 63517678 346645740 830177426 16750720 495095424 410710733 882354956 842004576 539963538 16517038 949774625 966792322 88514527 899574240 656392495 710509237 140088803 39359336 828214902 858746505 166777441 62297475 8818941 736381181 564741518 791559660 734739166 718793463 469318659 430916711
878668456 819100465 646622975 600747329 533225147 865412186 51216016 195982949 365671094 253106548 499899390 380723985 284701251 722685142 939360377 165133463 20938551 240263625 278462288 444916495 94805935 921962064 390854713 836925211 381678887 389044336 644024584 333449194 560738175 579108304 725610962 480471934 465467986 807103076 270561980 559956826 573691724 382251932 62864805 181505725 326205936 594557956 82936928 424131685 696750404 165698671 492221198 489488904 419692487 86094972 450914485 461433651 153511903 443874675 602392624 667070046 634890835 207898026 52724430 865273013 18641127 976221992 132124014 201645759 140777219 595876843 472138378 337998919 553316830 456197053 883255444 741601443 343716979 88916324 47842942 971330904 857095561 304427677 856576984 739339292 716495074 554769540 483586998 857410199 616851832 662588134 471743943 16921949 917361003 20512674 625078115 945746814 875443103 711600175 987125562 789947042
74 23 2
809095215 780335164 640121584 542207339 906017812 609271684 381616389 52280032 467399813 704908201 820552757 907058956 384887385 931671866 955338957 274085700 424266061 553172510 760872892 725636339 638098632 406074664 876586206 661120778 613280715 165999543 564344150 966310599 462390075 583763071 342752662 445896271 341782884 318525275 490974721 556048742 428107517 75501450 195814343 455524661 223286103 246091999 79521513 119642882 935830883 406324661 210092627 394215291 502333142 798795300 112906000 989183702 651647421 421483524 714833261 691588069 380962055 674160613 585998924 798214120 107285542 405717784 487533285 788921366 487292761 31499312 922763763 211654047 522522931 907763503 752181249 456396581 490353418 611346442
443024673 930283804 923597807 48341406 152264376 533361512 315256167 866861585 798395494 207342757 882291309 918498841 364765895 131348260 581320703 912341704 109970549 827143097 259053172 594109157 219038548 831056869 936361885
74 3 346
258353217 142291537 545864417 370309446 846444096 113141026 252363139 308859509 800883070 809220745 468002413 474731330 144944666 885161257 627991478 321040218 642128189 838553757 549173820 433841838 75913590 845722900 23219479 574613717 643182226 39953254 481255767 174062509 736835815 164411823 400825340 717000473 584801937 299343631 370834063 657911746 348476246 707504670 586970343 410452671 937695089 692549880 164631667 742530675 697317456 953488013 694841025 827048987 697454788 831127636 394152303 721367540 136039375 334487701 810424751 922796947 251035748 802269862 180968225 644440689 515617196 230201347 476760302 129629495 562600844 193625950 625393993 482051641 974209757 717474066 992570608 294773516 552376656 307186892
742884452 488953272 414669932
4 88 435
831055646 155866728 308864031 574207040
990670339 277539569 901683921 474968246 157442055 620919817 12221077 77840714 548693253 544075285 374939673 741123219 950137083 674714962 673111668 796729165 266947013 834912121 928367578 239011562 473190003 845171650 345095131 855734418 359885485 445397979 179308990 38222836 708637214 362228347 518554651 649746887 273903494 179262738 561292898 521049665 759059961 739588756 283427404 931022886 99976861 636375899 570595429 334810995 239802407 134888310 941557230 928913862 174125356 994468788 23346113 905817868 460832601 22915233 659786235 427637811 614833875 377645894 948125731 853166167 53697875 401858743 972627105 478123446 345978928 495165043 579155863 446209926 844772122 786519571 588580067 24138050 118869328 449096497 915685656 516180174 93565377 742494575 6254500 272249476 441589615 736925717 403835780 290131510 272140141 137936043 131636002 4619412
96 72 211
611317619 744237657 857114866 701448754 379416509 681903517 511040231 215736914 165378555 690538840 188731109 440219482 72298342 781798329 191901274 264968132 442428255 544197373 761302871 671676843 873415408 201925525 581783059 556159102 243360009 9201293 399750221 155020 930489416 48328402 982284443 383506465 593713457 921731481 402643454 409091096 870943142 40331681 288585042 57550167 412745716 104592557 855215449 774878169 864572217 285778615 539947928 713985717 416022369 847413310 627099169 271451951 520943124 52342166 288179405 592582275 836803133 314914786 79453971 524452597 475951023 495847014 810389111 997799659 638666964 421930574 323231748 261509594 786608194 380825723 757858351 322428577 107573366 122913212 150534668 240738164 108130580 939811769 586628701 773219764 179529334 768707032 231773208 130910309 972841856 595544890 911320620 21731547 215411351 199042784 293474150 391635613 324713272 407518909 522677398 786767858
870451893 113940337 650079327 559616637 360227412 876738857 519903822 219091268 637242176 667935219 117205834 489928915 962230790 221411893 721177087 193560317 56728145 227467192 7230227 994752705 321154917 48049872 210287577 148355716 67972286 35497280 479751109 414700785 650831319 558095682 506007929 8350082 917897278 651002303 920309891 88846951 582258487 527694542 899047419 587083499 14372103 29223910 603263426 595658587 346297179 744167409 389631418 368603878 629497203 683534434 345464518 317694271 655562001 515159602 306004374 857562943 77461407 659402032 942151633 506872614 75131350 244781344 671356438 16540114 54427619 589210939 272496731 503425466 584145551 499917522 609952184 623804211
64 36 177
660793682 157060419 492401874 959657010 710839132 579280251 706412470 729343894 865544494 290807546 165901097 668125484 609756450 815909356 777153256 765240217 756767689 948346619 652819683 422766662 24057245 852412252 374271405 485397228 166936700 585688724 725962159 731706047 309652578 38875924 849106778 911630792 323198055 145346005 185725357 714338084 283028437 471323482 502418085 889546844 590953172 46874656 158833282 122561307 465380980 188131966 105628447 722412728 701752953 516212832 512999934 345400396 254494133 56692204 160771752 657308739 757532216 607210571 992528209 788094248 768033990 640742003 954372354 429316473
474551065 137000867 240656618 864187868 165383080 374680195 176247672 837220278 775633112 332353681 696430140 960265928 211896719 379918055 184339576 510690658 724823752 241873227 937433177 824950174 946458936 261381151 973348920 140952816 157869047 381042912 418526080 906992934 170341298 309250058 871447023 58330547 982305190 621988505 294773997 230054539
30 6 375
874429399 538281456 762935443 31024930 35053068 883093289 423661417 78846971 364684586 785547600 350822671 702914127 737753320 820487592 742436703 788967480 769922318 639819881 310998956 329771047 219058338 78354987 534749174 650390017 937861076 922766687 882696207 634148603 441832864 654853683
246902787 451350586 756738893 713629061 947323180 771319086
68 86 200
227198466 849345805 545708138 33462805 980335516 489522622 75160169 47751498 941896193 807863958 667747326 959824159 435823041 406481623 566455651 878560836 985074631 721546146 657647275 810071566 511123994 228118322 342765584 783389485 877428345 113355778 398548056 353907060 704652090 308185552 285366948 155922496 941941186 517587015 644439535 954233004 895677087 585973551 150543372 473273841 150907902 557560326 834279029 416759851 342478276 921276308 646307965 508868993 295486406 360460669 611225599 591409907 867904335 704121723 869085374 527977162 584802353 910500712 433293079 870655710 582164972 442482436 990262962 164380944 714299030 555241329 7804320 70106772
942458627 968100134 750227563 941381883 836556963 120221507 581355546 290242713 133645062 359908954 851294505 228724644 141117097 237362423 19656512 143255663 574949970 417001190 325663203 844945656 758083590 361340475 449198745 817787088 971747257 184568603 970934936 527381027 548967713 396564865 570410988 281868113 543037062 513058160 151138484 701590322 499510547 394131165 290737980 752136416 791389459 937834034 773259620 57916604 239080064 495272397 937941275 95589367 69214701 360755062 175278124 412158838 741838711 788535138 213939952 15257257 223155450 965601901 503142121 532343735 787859899 740397627 168620717 230342705 687183602 584041373 300675803 227399913 29919967 283722272 407621948 846375586 182369649 607971711 112925864 486798562 635510533 152540207 184872898 659914671 203322986 372233681 138900168 521411897 278454758 243958346
44 55 872
24868721 656009644 114963460 121160787 982514785 997933659 459996820 352675585 115944552 965376470 419704590 972962429 338551770 614501206 561481788 181547190 175438760 883874515 768631438 26729851 720246612 126323656 210557388 358772730 588897260 93856001 963775619 19785843 679487405 255905741 700023487 809770103 368448760 401969057 177491524 124245814 146328327 255136355 756759407 501441814 8837093 218906362 201631113 981538564
208564240 566551953 130605224 147787752 529417786 478922159 439250888 629637233 765646296 394834524 151983867 412559825 506639496 755498070 908372469 650492178 201610585 528514678 900592419 547906461 883272049 548311367 452281574 384136921 505472475 136767596 139300999 409897590 652639517 616187660 26295170 644745958 594304745 936241633 939668702 245077831 830426794 46016454 840861434 714505939 111153022 123295674 440439010 125156832 84128119 403841325 28717935 726406533 95254221 863463822 693997108 207474320 704793927 314894516 248462172
30 57 525
205230594 936107899 366848446 935556601 118439364 521202276 18378537 494739002 554572306 720975823 319522032 285796803 223833838 556123259 217099162 986237531 239383167 381503366 973595824 882142972 580434701 482409565 605820879 61997345 186722769 486700730 860980936 516134967 676083856 767173065
757966584 952007487 957722846 536314001 826676715 845429118 874311049 839127221 753425659 325584674 715064090 116597199 872559964 861288645 923890074 531355016 996692154 460739164 870462567 253757572 606222616 456323037 988066839 400774995 247134431 331330331 879439071 350983758 287408372 488230807 21952400 425395896 226452988 729406094 803482610 289994165 107900777 257921123 999927837 937405378 945186549 96915069 85861923 263703533 88650316 793295860 941633367 412805817 634503351 1868292 541683375 906723037 399811700 929972700 782115803 112355069 62511536
72 81 626
263699221 10396010 335484088 671624885 450579705 523275179 534727546 481622832 460873680 841325905 852421449 651717147 504346864 480070819 428270355 681705090 76982792 227198382 440818853 933464890 164165493 962441060 214402651 293314323 519309826 576910280 379956325 995070950 672077643 126077880 372150470 629558456 648024046 726656824 915898759 548210138 345358115 126808500 344579309 104413594 446332574 483713964 84488454 485811433 343540433 662416377 870325716 829476268 25702139 512170565 633538664 265893633 494530098 828423224 395628915 431215380 299906914 349371126 793625454 676826060 389888287 953857685 307539377 754125041 134866749 809962966 162686987 71461901 468542142 450866053 293874441 680208186
854772535 837877310 920939856 14296502 957620112 129365014 610333045 726823452 473003117 962709326 933536193 902461037 860300940 932238956 402007297 467412060 34184799 988261381 4511124 541489403 515992947 573574726 455019452 618778197 325031101 795215120 859991687 323715849 777524809 37924039 58096292 431545530 383229165 556629539 633943680 760666160 425094429 38366101 953490389 377347451 485346577 423480212 526230438 721156278 468229819 435790436 689885673 339415227 146172611 475915762 722590215 681399930 814422965 139448157 710025669 592369552 279751618 125950604 1081632 906340142 126369603 93683553 960291303 245385803 941646510 686469369 623845957 821999168 25993413 426660430 812043307 919053387 387691487 514451414 814597694 174653724 720172357 832296611 650705176 998097908 137295306
62 58 852
243947147 847528956 505390684 388340324 962161197 252848036 809296807 339249938 80825515 55194054 583202012 464522335 91305985 82801208 904694777 224313625 444080406 183990690 302581597 77865686 466531202 584077029 739687161 525501789 864786918 71771819 490115367 963326388 490974842 766630633 446594980 684932544 840117375 297486868 90743155 86154251 782651356 748509805 430193772 528451291 876315773 753028214 371623984 826923816 389993107 685118058 456615159 767911021 474099202 941978931 457047228 304200919 210842592 803261080 562564463 652285716 448278205 180790391 741408801 745190833 75363585 577915131
808755904 664783529 82038569 731469343 853350059 822916287 953691680 334482422 20783453 536865454 703622743 478738484 257536845 932690305 939133907 378264372 861371947 500027076 701752020 965824272 165902615 536640760 864475384 627889625 749539703 511541600 909868960 255539304 776154002 213056086 300652388 57029185 573424850 436982938 81862918 389304266 498350435 914462378 595424312 903405239 12732334 985557930 750876795 560911721 675573477 182293065 845263169 976600370 168070103 16505074 557736101 689495757 510626334 4532687 782224641 57355227 99909335 829974319
4 83 12
12993308 150070447 747649588 900113952
993976017 558522394 519682970 159773959 558362363 331743013 750132836 117175438 564053953 148936317 427800740 246491744 301362025 860991492 485959133 370265052 78040909 529240039 776135860 55837247 165530798 166744512 344217508 991249560 400975041 218217984 280563677 845352868 756763114 947825467 719178368 785919489 47048993 926702108 723066254 389437834 865917948 371275623 201367911 915854766 19016004 494370115 38051321 728410142 838508570 902142567 40834243 242097551 203806811 246620616 623286836 327058265 585025013 506697996 640003344 678482864 482775255 207027426 462502182 463181376 115195450 789323126 574624959 749213729 3238125 457597741 784462722 575596725 276683722 574457294 387529570 474816433 470671126 985413906 482191415 413505365 726432743 109788260 825474120 819228044 345216515 416226669 358761231
88 13 335
152361484 898463988 961759235 95642091 85131366 803941194 745361899 294884448 226463339 688485492 529711856 712825145 720113479 81195158 621869902 798015922 224742732 871438297 377029049 448231301 103385175 811848769 225035219 790979018 373426141 585486630 40534186 745564733 541140792 498404958 939130611 148014375 814188464 374255451 753562574 397781952 63910185 45651955 818923845 475584931 358257043 986813159 335727978 616917361 557663752 359327583 542372112 438346582 480685416 182528421 965368694 565350591 271285057 490506799 637261631 55448714 600987870 645507270 748250942 997537573 15195688 882156073 540325122 413299372 515943063 297399592 937466633 684325257 144265528 379261247 357595031 447388226 581227127 416213894 295245025 872924326 475316673 202669751 145988474 699125487 586698274 689543368 694193270 233969813 671421333 955646716 90924231 876158030
473736528 87179584 602489355 842711741 33792412 612588031 898600145 223319108 656714287 97042877 714151512 103693774 52979306
18 85 573
691820905 356228906 984521772 387899604 946916280 450335474 954322921 876723083 687191152 523612785 322385412 824241840 181594677 521516829 716296750 364897785 413977655 335620824
138015935 43456590 436112928 529078718 48367790 744720889 997838899 761176368 364635394 817414340 152814081 217272325 13892483 503158200 745015783 635592984 933991143 693335475 999713138 529322646 935387412 986858292 62177531 361802846 17290996 259821773 56322089 265129752 375561198 918529775 472815092 920859135 201081902 647800833 20620082 46537659 498591640 129742759 575592751 32583644 263368221 841255704 61262153 22345373 336155501 195122298 704984892 633664039 911973694 598209841 77559789 366371481 581772945 224232596 222356431 579017742 966843147 147985777 236775840 265364757 56253832 573593999 439698823 795157363 566331683 328443192 519009798 198028235 968331855 420879855 964653104 955840679 954123876 352156777 362982665 755380807 349074602 147814045 59653658 999344527 171219964 552330240 232327313 729720368 570580995
80 33 493
954215789 726374082 575946299 124918365 62980789 804351607 424235233 251760087 947472354 726114321 824485539 263033698 525242424 74901316 334641062 689384323 631199119 795802686 45056643 415262566 877480454 838838455 524565927 515011789 789211205 774895286 59041677 800052247 221524588 449163020 29667927 632493092 139377114 167495249 663577005 717224662 442230499 777578586 741149015 824699998 593176644 992383571 940201105 259215655 504443395 99704124 37601868 754674191 823304984 250099859 549977591 16689580 720008370 85867772 544363952 270576253 614754977 985219607 106679570 527208011 334483303 306450175 46974703 698610785 6675580 482704247 317753384 860847641 157741078 849093728 392708659 39731936 11553691 541527399 611970017 184704399 859673906 222492744 797789931 827101459
784313525 611620226 289298317 990847839 118407404 393194219 587750426 875418447 328803734 32662287 792148530 888025029 363445015 184545489 197039446 792406884 473098936 535068426 961615965 569388892 329918737 444412522 710732553 736812838 890332914 699215187 71511051 213075135 175576736 658316338 210733665 258772097 4944328
86 46 181
292359071 173015109 594089662 313219118 897471884 988129619 27037355 498014589 486972482 665431727 476436795 306833515 567340171 836070361 634706945 160443087 455321396 260110002 206501319 775637028 803947591 573231844 479335036 958236887 882591772 504550027 231408209 249590176 507019746 172468182 610412769 998073786 515009650 409816471 622243932 811864785 600632644 275971639 98104144 181071376 858584163 213056312 215788415 441561587 102650979 374381654 834968493 380829491 634485661 200592205 1907104 286323281 139996601 790279492 717049778 371947203 669707879 956550265 609503948 21889595 354388792 725833236 431769991 621162113 971333988 114014449 730350231 99994403 71768013 660789306 799104336 441305596 741758608 697337950 925981165 27652006 985311417 422763401 621080586 559891922 30756571 184708859 161240113 254772900 783419814 497085938
239223160 108095454 744078059 540628135 353697586 120289635 32545414 520386402 518235844 890719277 989559595 189599446 597075525 559259142 31188111 496400157 221690524 639851200 618827760 519634135 12885678 447793502 554756319 981857071 568225792 79545454 664878130 388298428 932298133 83138283 581373547 526570610 119435112 565704677 957091982 882114353 132852545 296182206 439423584 305584308 808845714 460115918 179028361 734981847 263856376 728073945
14 31 834
887921404 692974141 213108697 815751052 584411500 104050734 44964232 281277490 694267413 325153628 283329293 14817287 441924154 779595798
393580945 830754745 223317636 892421793 145573565 319700168 833152951 590891788 303423552 103901501 490799597 869858789 862536490 694144762 64630148 167550828 176605060 496983827 299730274 472877162 663129208 587454642 410217690 448873907 215307082 256262309 612657922 266935993 393741037 993849568 108705120
4 34 682
921451778 959908228 456985013 32060627
578980436 682144504 330780909 356521995 64234868 70994610 609473469 612290117 729190825 975106217 439152138 285820809 376429170 757356662 723624814 506043745 607608137 541202488 98367900 431045594 16210176 274943239 613306576 947752434 207783807 184171520 636779785 116271339 981688696 491109457 830818201 64252085 654524606 818898403
86 73 543
916668851 728298915 705757935 402171880 313238521 466135643 911458748 771855974 66798671 264597088 88612012 975558131 293575789 504673476 560051521 147180736 61778211 219056869 359858144 30484660 732028724 382214146 463383174 707526782 769908378 798955191 777367052 553179641 733519958 78806717 838049179 739006053 994392832 284816711 863635188 356023617 103778821 946954084 830305978 774239516 518032102 738406227 134359765 3738204 126878248 935689429 510163095 544945297 14595609 39324376 299192763 758280377 276691064 563848556 481545483 262272109 600849721 816542408 168523690 528278476 721068424 663237117 225243674 935904429 304913902 61746272 357496804 806099432 308799303 97175214 142727409 712339695 316771733 21951245 62744153 55723493 138658947 272817408 455853692 269775700 820089705 362123031 932061747 765442038 182998154 92271536
239478610 570133231 317834062 777096618 32292945 937464511 407891523 46916695 893924215 149934324 224829866 957512935 974621155 179464641 851097835 438272903 450344769 821231677 327887930 44730733 475217173 982216960 820956685 615862804 390711704 824727833 144878587 531853134 653264398 299557405 925993856 554030356 233723599 233599144 104797291 498976380 48924469 520536049 344582942 102518459 738474912 312985953 694123463 49260951 189388311 191780619 822457463 500522104 746154101 224882735 606286898 199130533 368606521 761862322 53477607 383173076 104039594 567416596 816880518 845479643 648861942 457457157 422121016 730618677 150247851 39650394 48749279 344799822 135640728 271334812 639302642 947183178 362071189
28 14 265
262581826 715174257 331451100 584700670 93759173 822091034 926180489 436045916 336907963 226166799 127477728 636481429 441383339 207690936 799527407 741822342 998710069 970878952 246825166 308622698 611779636 905733886 809684866 998468339 478090051 11444171 314347298 403636619
397796217 963271749 365354343 93478305 677100440 247424963 372541474 440176604 570149387 981291874 885130888 955459068 731704538 401368497
30 57 490
727223280 131271615 290373174 821614525 114661232 830354246 488453888 311654559 564052350 976079325 626789141 81244059 373365420 818090862 553721257 700728612 860162898 411714898 698153061 896075410 564759795 616203524 388767161 117244027 120105378 135147954 351603216 721120064 738665176 988759807
947298127 88496723 74130233 641024715 502777093 242300939 251072029 658881478 988883269 367854190 571999878 277466014 584542900 648792007 879174271 300700730 747261385 23635791 272519234 531107154 854537502 649619264 446118318 179743094 627892888 262189877 292097401 540856789 340709013 88021791 777217726 175606594 955882892 857349804 609058745 769687278 93679268 548354713 827447263 202798028 908064134 344112864 431651622 896401063 6254732 662982830 725422247 328485522 185853790 665013962 179680304 534735436 699735931 694826919 373118053 485000281 519106877
70 48 412
319615628 829189523 132810212 888376481 310516331 193573540 927061819 505312618 618168174 928165454 742471276 809669319 263699250 828815664 865044731 967442178 887132020 781182581 926253114 938692710 898021425 909373520 730056069 128689245 401120970 178481933 32197031 128083591 247629954 162229550 70117271 598103048 745592791 262737836 835998003 343790321 619618635 213167655 825606727 740656677 979828025 706424602 753199382 879120391 103094598 558283400 225054053 2404744 675800506 895586408 16118086 617922970 2154843 345956064 325638094 648644667 253585645 723534030 214374899 191632027 661670432 964357334 344719232 345149974 915466932 651981351 652257732 542267946 860463697 193301172
181814294 510900491 645586640 347746348 504504964 556437511 487875237 369778975 393484375 158529755 170307483 521933601 85446254 485168892 426016898 49876652 704424612 789074647 138134886 336051592 70515930 769158577 290210474 435409083 430085730 960127681 634928477 545620391 426033569 612964499 732105563 253394110 673750506 88821151 813547251 232527207 879157331 736190290 648333161 243126431 111888637 977230200 307743968 922759599 568574948 26334326 797743143 638020680
74 44 279
610149828 75839098 923510927 436703709 789667570 640444748 897963932 988160294 991883889 127574843 865453665 979964705 317852083 910974510 404690641 230168852 269981000 958263092 403643231 68008929 555442009 944994657 388765820 593077962 724180034 878285687 638091814 547864413 114103709 401481814 802037133 31043372 967044860 436145390 656991851 423167092 399024087 940023749 276677649 126253062 305259732 141365269 602552277 573659437 558709136 861457903 64116107 378303181 871226761 267791477 453937363 286475333 938321580 432424018 479352894 26517167 627816610 906097348 729492352 275101626 8314783 873905928 497715043 805293654 299717810 977407325 745102178 633895739 864818450 592528839 114833856 204351110 849228482 88201068
456539899 809628366 228478430 236437922 808693852 970841180 864346718 707165770 629984298 454168020 702972669 758913641 357037594 998756063 777129692 989999997 214346747 106026519 35083740 918522759 320113390 32216415 197357617 600925990 465023028 783659840 673971337 725847608 552730707 376224951 338369548 752421758 735921366 399482381 53642792 22410070 880896491 483372919 331625336 953953998 333760745 637031023 445414951 897305615
66 87 102
222427988 683656386 660655276 979538801 436821123 734257526 572080899 442632890 512827961 790660322 157178017 932910745 836357956 173562532 381144743 269591482 403979553 199048941 569058371 570214336 313528857 770840550 755446305 570993566 400503992 299556565 747142550 407561693 92450277 987200295 431310660 558140568 812802506 401817984 120865202 133219280 618843593 37210589 353490709 554992953 222803190 66373436 422299470 362744661 547576146 534020388 146655191 223065262 785658431 32844857 463769589 254070040 83295465 954828572 868150341 978990727 620215232 146652886 660712290 268263893 721252371 764524901 679541223 732081712 346338657 308525055
537601379 193701249 743882391 281641247 323054701 266725608 921145666 786951199 856427920 103686103 954805690 724541044 597517105 462437542 532943324 523650377 564515096 807361377 132660372 322615329 518369417 710785935 92647528 802013554 921656461 234786521 423426569 272135413 796034895 862937327 722311161 322106214 627997643 205934954 440713765 733290512 979029827 233543834 449755346 168353574 63454593 398864755 636935523 763885041 134094273 407502777 55227020 162574996 732562256 358159665 518071162 786789266 590788947 637026291 638217017 313545019 784964146 583444690 744154342 167604941 822346688 568316709 240305843 882232404 250056191 356164387 608242916 184444249 302635989 706726607 805383561 715378669 809431273 136676372 394700275 807361021 261869043 687382700 900030206 522147091 644454873 499345 829004832 216556578 694144382 213425025 597821697
2 78 659
718508899 52318665
825879180 998531104 926274672 910541579 440595619 941987569 365451684 702861496 844231167 784589824 544899839 524789995 904796144 979012044 310230852 330201101 497255587 907622662 221064874 783311806 396462055 885978150 230469141 937485167 420617289 31832697 643139131 443328122 72519052 550969104 462683159 198062390 542058785 566805779 844963404 681129682 124577087 655423436 841996065 760899364 349385914 960745012 914069961 600845664 721976688 707631044 185900261 176117302 606675158 110774930 511012334 511047217 948819266 611507484 342941713 141014525 195704882 180910591 309828002 133620660 257715696 391220718 299271686 942015568 783016495 492741870 780673702 288016480 148141071 213317475 903979650 557833189 148793081 492889721 795539724 716270058 128366893 500225374
44 70 846
412904911 449249892 273682369 227285 736821989 483067387 992727691 206163834 262489532 416358869 684986345 502699167 50952793 528291504 869063691 842162976 765185673 213438976 992804927 129138259 88729298 460093205 564221669 814483458 623407779 988235481 386388616 358499545 724385016 795797080 786438331 960820137 408004995 773013638 760813832 651614485 779100182 613507061 73329249 653092038 136462151 604674303 331436497 127088460
224495446 300857460 24496952 855213107 362269630 264753233 789843393 653443366 864019391 32752272 624409202 300847952 102742520 566152923 594910740 11354918 852038853 147768226 656485376 696271047 495464478 110120039 40920952 733491592 976850006 162502422 40602121 271745841 519576721 942159364 893075117 315329679 626644239 489777558 937012414 64860667 301217907 713775580 263936059 378187470 361802629 223095484 800163443 180123170 245502193 29735271 466156570 199452472 112143256 399677363 353674922 478219893 960009158 602761021 659705669 251497296 519878256 250398199 997372565 664405024 301658639 697739147 911208556 388585791 823657650 192811490 707353424 54648152 82691557 838882403
86 87 510
669023950 162622284 684469893 715228032 267184554 81103739 64319007 299749787 853167749 402447594 287671232 928214345 169855046 227322366 557584281 307693155 308189080 937134452 232493549 210650329 245452311 612427249 365498855 482358475 231526019 710337435 65641779 700032858 908583365 186238914 724440013 605547911 444827872 784665175 774754032 843040238 960092443 797849050 638090229 496500781 407833106 503759359 121816421 111042361 172457571 921862577 657628090 160207865 427730783 32274924 202312107 853539080 643279643 837233171 227721258 210330143 129470358 981697835 507273042 550161077 230166871 965788612 932106937 789581172 973607474 272051694 472246773 657922587 186139711 629379377 892765881 394513582 443436539 857300686 835729682 927714199 894371987 550801044 938442210 281664146 747999137 950525719 838252436 227332507 320238811 554823934
232743526 931530356 603598816 709800747 618530838 40452720 889231310 144859048 528042833 113604551 827020020 895178877 229037996 184261502 652334355 482636335 346523553 266281874 708582280 988452633 378016784 51059741 427572927 639470411 952197445 152509093 603492773 294024626 257079663 870592946 614384459 452386539 901912994 972766768 988842180 546499168 951979242 378764232 943536169 105367850 80228464 398532343 415977616 284581286 79020013 362118971 807274756 48664383 78984918 889089194 340762923 339709323 746825600 656704972 196091616 892500092 170361654 590251198 681468001 478727270 293902475 339653195 923302758 721364756 593478617 783311865 819058829 461971135 88503870 394515853 643517852 637721396 29021538 622633065 128119852 619073720 296644617 7659141 116862786 18490528 977777800 701777610 960651284 646134545 73139164 148704523 587483975
12 21 158
957389039 590811531 472791232 239958135 442497083 221160609 80620907 749116856 822595073 780414461 136369718 799771922
425184857 674155455 706841061 869113467 439602096 930160313 918808082 431543841 510961846 937561673 210407283 966653371 612316922 265988690 3332585 552756368 407596044 321095910 590226956 263421419 592807495
32 75 851
888616810 460572376 758811815 480720675 810769894 214130037 709253788 143714328 419736729 989310781 905992455 420432307 72037728 47842118 250629014 528434436 471648990 791608824 679723508 510703874 179577756 423923868 659627463 924482418 463741893 996053421 303592766 370443460 367886694 880819696 653742591 134763940
713750152 887200220 437560878 286901202 610908156 444953789 626137079 41185181 423342860 163864747 558111198 698294768 173229300 75753941 789598195 973197985 721014137 567877156 840193579 614979554 153640913 540997390 686828818 25902791 112577534 608489628 695997208 494923023 318867474 248573623 968853872 908817710 747554046 282566645 402917864 970240620 854315287 775078866 125409641 36663141 272492181 376270511 238776196 177162064 788332074 863361059 379896048 171771635 528791694 883567436 59016376 216426637 201118456 156080796 641793803 892441272 45219543 45494380 318500320 347076447 929376083 160263998 576747714 512318872 335897048 782661267 776182645 49164212 120574097 211768513 539699066 178023746 487352934 290773163 383185012
92 56 895
71565160 357675181 678366348 577532128 15763769 452274660 867412926 720662289 77457098 54234184 284905509 889568649 924931778 775294291 601400019 936039537 565422117 164322403 329243350 955794407 149706824 17036931 773379076 122089128 360955262 795206056 237792746 479137585 957880559 386393835 416551159 102332876 664598107 103113363 12370379 27957069 286364673 619605236 870837883 268743261 17113022 861818640 641251318 783384800 313391171 256597304 130625921 130469209 445102225 392949212 614529351 707286889 855706814 920320118 746191031 812954586 263683840 13988471 753585682 362002946 134978197 231801431 262830204 357422245 877188662 434467269 317871447 346497471 869269550 465944149 139687305 329748956 94892020 319567239 876845118 918121704 948695882 639636856 729454102 361250022 742412019 107391362 860484339 907729754 114798773 219608370 470802476 932312267 253450373 3486865 38878864 965071130
43096142 448649216 332885330 286570169 851071726 634559137 104463081 373244856 155296193 660277864 960476999 768104038 557032577 718460679 327418568 686850350 881953126 329480564 65121860 781690519 939844832 67003981 786715736 179855413 140089154 158682973 368310444 284784281 218033055 573581264 487382424 855605194 31184571 954772605 257545572 183218776 124500954 957594403 277937200 448561365 268881640 189539255 217757962 572106194 713292168 540406909 893583845 70752687 521318981 303574485 635587655 728005571 502246270 711636007 667974752 307230122
42 80 187
112618832 117247669 722125637 73647107 554015139 705860608 950984232 425828772 232644025 891272839 327945313 854810460 328007933 750161217 261066955 272097582 37189837 610484817 498441413 383866219 905654826 866013047 641697397 575640474 954613229 444848704 184435804 734699786 316510077 417833530 572272845 345997206 683898485 856443847 179880203 121426117 262427590 348809220 358709473 257215303 243729273 244616398
600879859 203699174 35307831 299301529 773514479 672960543 137671572 163381246 70822094 688267101 453838163 566415818 962399079 701977349 652809589 742670955 318740368 166125378 875070054 66908932 492026097 210402819 998723947 543699185 269306363 993999456 860476218 57212147 27616570 557647730 122298263 988000115 436618067 906120279 727227649 596706927 259239060 557742597 613592218 479506149 512841393 861590904 678300106 659849290 176723433 33385353 787734151 954694807 246053973 821880025 230732759 614678077 253465629 733346778 124921734 66210796 537191501 600196956 936418703 431229060 696938229 604731158 536673487 659884616 626410280 535350896 34462365 295660129 208302564 418210583 241740908 456269697 205410769 743647271 148794636 220758790 515544783 595224462 674666428 822085218
30 32 967
423745901 868946386 582628685 503582113 650266797 372352264 125866969 107614628 319159932 969623962 636446783 331720197 568294903 600904356 415525495 148343137 74119796 733337197 129695575 396752503 626876485 414920244 490443273 322929650 120091309 324114062 481087415 109385676 516594839 708309842
917301487 179744341 461899577 819537531 609376383 440136331 138439884 344237205 179044894 57262547 541891039 36657729 899671536 476457381 924305704 935526514 176459263 645023794 281502646 287277262 207992134 25537459 240617805 389715035 275574890 545468629 495212677 533087452 747278018 276790385 496721588 864902199
36 77 775
631768566 612890305 191918721 880577505 772691504 468293366 921455815 413232866 234223760 825565367 890518729 145001219 975378229 324874064 792720423 270199193 593901348 660583318 849796484 686459842 574989526 595043724 465936088 721985131 944665634 519419389 966828405 386113296 780291830 243206229 565497989 847471163 905909766 166818949 665833500 103845322
750960538 960732423 454728433 622300809 847474709 809768961 271563394 122381966 454562152 406967319 945514397 872415194 94952196 125172754 766228573 205719248 431087381 904680275 844479775 493831484 625456438 905583311 543937129 399843188 55056694 798481273 991790824 358373735 696422312 949292559 979218403 995866951 350989476 25838421 858094622 222106026 564583587 269178862 32224974 77409583 600753180 690379889 650864563 482839885 875910130 581151708 309685882 735204466 716851315 261705209 737277437 974692976 153655013 475799000 334813693 255884684 371705662 844100860 820558037 624088080 761350638 825088060 114184362 818720731 229346193 488579958 23885057 351234312 254964479 617248154 501832737 933414814 518975005 987991353 103706975 313248334 238012932
10 12 719
825114968 115071907 881045477 329697971 481843334 861995361 575620156 129368202 904606026 286660054
548562903 470594574 801083702 548094334 133502600 670144550 875078964 216746336 954192089 680654922 560479016 222709392
92 91 76
480770017 419260325 801439558 673260906 665267757 529790148 736116140 519382025 623484458 871540745 547582123 269083298 448505471 875745063 486881835 319842272 461638970 597686129 147266441 12149751 27002315 342735561 762573649 673734042 967790565 10195768 29060316 922418600 24615284 103256040 484084290 832639549 221607382 173523278 959180622 769271996 379727723 871033432 15510702 604858716 452702653 323585017 506412585 806439274 345411608 718041177 71423494 996800105 966776873 57449840 349923881 280147440 848789966 240149099 558198577 814625392 11984656 955708260 371289504 188733509 828217252 672345112 865664075 439281797 727455163 853617405 992799241 564890553 494629874 186454489 328353779 944689052 718688673 973943553 364729343 172887868 569999798 745916851 355812370 818737251 845634479 911424966 99808669 130983333 947333761 152779294 106610967 515726762 60188803 563360007 603469196 757027347
224408350 699480265 912476013 707966623 119256896 642312638 912831290 463001294 186682381 848056466 155625636 264489238 288370621 542953421 286357849 396267706 798496187 7384686 582380756 794294259 130439373 529120804 436420065 250051441 607285149 958712881 472692295 164166600 325085072 555872392 526251863 711164583 893897121 585169957 288939644 374703529 817179865 537558412 984091706 325171713 266076921 923970166 138813067 603869851 252846314 124107338 235917720 42967304 611069087 791684303 208370461 246303439 869054303 217654580 840297532 857483678 676939880 54896408 24371300 863560413 217877294 847453128 992651815 751611728 888783183 133520844 951791895 437159248 107518345 996880412 656455874 931119868 237446778 671478594 64854134 802738756 796695525 222644016 541516495 291608135 870270912 517336961 307000468 485933459 47848626 615675449 277982903 793107624 100766998 137118095 395072876
76 80 969
468623146 370049112 800882004 920488899 842721038 334742042 110917721 446082955 111200985 76946735 203357811 610724157 381647806 442412092 488697307 830699027 83046300 621115280 203349915 169936836 844072839 99445872 695124286 632038941 101894799 370792639 644405660 421604628 649527793 122215056 597625418 70650723 576029252 851929563 365580558 488061019 598977888 358338599 984686343 796377991 356907238 73228378 570318522 752821969 765685874 537736329 377879506 569275286 265797913 762936607 816222519 349580061 204649073 903627312 513684759 83904698 515262127 797311822 900599907 557386551 95383676 932843203 71817380 60303468 281519609 343476044 961303730 643381544 385479970 538326005 331827679 836923734 18560617 842574554 947757346 642415328
105880005 414416879 29048639 931482202 906257413 248129033 437887039 34569587 653396212 153210243 356100980 445623973 891232788 30419258 962341407 822089154 155134883 768123708 307298378 158865912 691736193 303903035 200531006 907056766 784246618 14272773 410645090 494949577 204631548 636196110 117412404 118272311 936385856 401997888 773585393 769016461 124354284 985653188 101354245 393772755 695612130 628520273 583405904 363600367 64405538 781855630 231668574 940514531 481988973 177645576 448155430 485542920 415595546 282705797 168712612 862448749 707656520 218409179 440034413 119678094 997173002 398777308 332378142 487185185 277950862 12144573 914656444 351495269 291764138 440268386 361610884 407257750 423878284 346261573 629989847 169631148 870099921 397782785 585844647 48116609
68 4 368
575887746 9337527 786227336 70247423 830742559 724823668 115218953 982018743 547369095 808812856 624851957 366445012 323188137 295033440 911430478 164993326 966802253 736979975 68896894 893230706 144982951 206575035 51891035 33583785 892294403 625008410 45461326 366828425 411203223 786934410 951021284 31906468 261454223 611005080 966699318 3304963 198421634 164605072 539763098 187479758 115380248 770744069 697698711 107799302 792631395 928512678 106700648 870569618 988027381 215479889 798367500 598573859 92847408 641200552 243557636 421966350 908597828 248893848 489363778 549093172 407392614 504424493 747680078 33983055 226389433 752506950 613570840 627755056
716822887 488722845 561821018 617740225
80 79 584
641814497 508719716 997005258 312872708 286122939 865825301 390438781 839026635 622530690 366638325 388891069 692581688 597208805 734350678 443921809 430036810 338778255 93444157 110059444 65519991 892740018 180548470 619911030 613248528 561124907 842910736 772757460 893094466 240266199 278966271 214197798 540517614 275621938 571447446 797507158 144651192 369297141 857353709 814566302 286594783 952980792 292458140 818558074 356485945 52421034 526313948 343152889 84627563 78005459 692504778 82406176 684939676 558077146 181631313 145081742 750641881 626399960 97015507 744132930 231966273 635240322 905459427 784722003 884704041 694904659 527711510 98932534 691401840 792885373 805455640 59304500 882095982 59272780 584570387 925170287 916554692 641106415 876652590 357742906 483242535
204630528 873238529 131375135 604694599 455530352 376100325 591091830 520147168 717218699 350437806 708455126 813960464 175174335 946387945 288155624 918031130 179678718 900874209 447074171 703089898 644808685 456462842 735326388 592857453 922342071 905616757 46410744 385395436 636837886 807124574 154367591 174216980 798069331 849214498 333489654 915170437 816442230 94226063 588559023 407781783 601944005 743452025 676358531 611859106 378655612 81611928 327613002 202603928 46739511 156496229 11689146 818044540 167750146 868157955 343198049 875063098 48501874 267308098 566158970 430977140 343716226 9800970 311869873 480115318 63456209 218835377 375578678 21172756 535940607 736908656 997978438 148956120 995210103 111136585 466949226 479622491 210596993 25187249 834184422
72 3 331
270940921 803975356 985205359 78295071 540128990 270005623 380020752 527388263 160114922 274549432 899373979 471739357 875527184 522069080 555554042 641814666 492087154 638018520 281805312 921107446 543494454 37998957 371987662 675030266 568827694 653149401 349230062 482434992 922196235 757777858 778910234 247058158 612858271 517764133 207776339 737520103 831607419 125233058 793186878 540335060 311817469 568008011 14615313 311284651 753464034 288675564 250713639 735238616 133924039 941332968 721611596 899759666 333812849 740607567 922913675 259819227 725666470 935811050 846598034 311619659 185573285 396704653 111038764 190778252 82929712 228383851 41778154 414028084 623860248 160821636 877353102 318862828
640119951 933342486 556774947
86 80 880
834120029 714782848 349886836 422358113 920291025 740801291 690627892 544188512 977091182 561573833 604703443 670949694 527644805 63281337 885717841 322436771 909748900 79619052 510172573 610452078 602681282 525648763 819630590 246674635 225281652 179746279 337982935 124392766 108993620 672551701 791247257 856634421 641487148 623339818 353533864 465152461 404628694 268093999 302743896 833347641 677468605 907182864 244511495 189866775 961653532 185862635 250926289 870360843 624033806 897773906 832940012 174056987 716377055 415806679 905583664 810848262 3407539 212485165 754696776 484469169 695171455 250739524 588021355 408269040 415817402 43259980 602747662 236759205 145201138 26048946 697546351 889024328 32443592 142447993 164690125 495593990 419019481 479754510 835096288 437236121 81120012 461619903 843872083 351621754 870929004 247349435
198646564 250665823 221619399 570457347 358181788 599166586 978515239 676168205 251980412 716520727 775344849 34007874 466744801 203772936 923018287 721642963 597084440 148726401 840729922 2989156 146625809 38122197 105879439 725008606 579573518 260134787 898943197 321421593 323729515 999012347 244086017 258328418 717705462 706729187 909792740 754359787 737656496 564380849 378310162 12308540 610914918 715049710 871815389 750685948 20513169 324739293 239156041 134768312 137802398 818361123 740333472 865968931 6657713 465463166 599325237 282387263 743673674 525229115 511213747 222701886 978156236 626531955 85927634 577795072 856009618 13038186 411634657 783546482 414313684 356592482 722736016 87453482 530545867 699207060 619869205 586939522 985073561 983288063 392304439 181807235
62 98 927
544579849 478277049 96373653 923533947 290206178 390698287 838044079 562760775 929922961 182633317 826519414 958599852 464028014 347046820 318902565 138898336 441668263 908023940 588646312 431148035 133689813 77919880 422897405 312233197 869088871 146587437 61018625 107252052 714182466 892294911 670723597 745693883 333109462 80306121 889094348 591020792 964787592 781733140 844534327 24782544 987900011 149007672 346774927 895217358 66683269 427168243 377628858 794305714 229042903 243831767 794876302 103863391 79580291 401813788 355392618 937050598 325880378 903851370 685530968 959287477 62323735 683046880
712328050 752220139 765990312 117698006 671252671 96944594 640018569 615771802 884297320 367356382 400108651 50413951 970046924 287950061 816070558 610154587 256111206 994849528 947043349 288094784 113252573 298614913 959014328 592455920 264942633 26032075 69234681 701950152 839624948 113905475 913557818 517172638 146912063 314950617 55112087 818766883 108175792 100979623 160714507 496192767 979235338 225599405 877158376 166571632 201017901 390787855 356300305 12908615 73311815 475878172 682601903 114523052 363793632 747006897 222300218 383882094 331728645 39576403 777136145 824986122 104437249 800846491 675661926 207378686 687495326 655740763 87594923 228154133 950828661 888909575 461328944 345710382 522533222 674334809 315898414 240985767 867632405 743924559 93080612 403029863 156492347 447705589 954064621 506362419 229209140 357958767 621373562 180169314 116510389 681709746 939016778 339152127 370192395 960493155 576329994 480115555 402885341 572255757
84 70 581
843646431 426934431 88241863 810697382 96790697 790173868 196583529 763682279 355238392 401781452 349175754 375262526 380992711 948997308 565325251 428407361 622845536 919368553 733564823 359782738 978588664 164885910 390625673 967623030 683898368 981635274 422373487 792789118 287495054 79352261 611733919 465630002 698496339 480793921 400541836 112221287 326845034 283145086 582868502 595217035 563207406 231834222 588185560 793700080 198201401 175162286 436110365 200714353 604715398 564138018 525125002 239836979 327568234 133735118 535580345 713678653 4416372 666457838 536720310 333250668 172626187 84211029 613803303 863667601 265032980 315877018 207199010 122968748 639364274 539873912 763109526 624826690 958987418 334265273 776241014 420772621 723446279 611828137 937139978 970952446 632326466 686328987 635521300 286672894
666778730 27260421 465198804 6207001 325502363 751702282 693397084 287761981 313691107 460628591 388455751 707954228 632478781 138499310 985642545 948511156 990483638 29119209 691337207 859254754 761007126 575132120 288317614 669034249 264831761 542130791 108728332 635384972 681251281 422517987 201636231 20467819 724555349 569609212 77011436 238233423 533537624 624501819 192167424 427111551 755534922 615908702 719981591 913838938 233700605 887564740 975492471 877998840 204850729 862793026 514784888 472376915 38437608 31573240 805688375 266302326 533750529 261935786 320137351 401151323 764252180 461991853 117026864 933152154 435969637 122910778 483469084 231453500 729828459 685538870
30 47 617
553562564 705199941 367639930 46838061 540999626 634186537 976703713 252675826 109558412 326225509 728601010 865560868 905385284 23276844 312167191 161492541 589792165 314958708 787143783 46105799 441907725 968279639 19612208 885060363 713210622 766870284 409752111 823372627 304435795 422771790
268002816 233819455 616833691 178223540 532380832 539868443 553722163 596182567 19396163 308083455 465633287 915023905 9650322 480628342 816215475 520141188 796612336 130015250 113873498 831811314 750750138 584290668 146526595 825465299 470687671 978735838 637442180 140318375 870081454 96181398 342578394 120936759 732661061 416084884 888264203 221074370 691754482 795633773 61769441 449101360 989632612 320490537 911515480 999790796 595426984 297051093 694172882
74 94 94
741526364 319092896 523820989 363122653 682133672 422767473 949287570 958878742 427374588 377954960 193756888 815657610 647798234 65222201 895585475 524203476 249761022 656167850 467749427 790709501 283599106 417043668 621787033 627034975 883989248 379204157 602796232 279037688 24646918 363518396 867303222 264445421 202323225 159691767 473506963 365067065 941552676 911049881 730257530 683274216 717666061 963638668 348651782 267780889 34870065 132968204 179748653 735771531 429733434 656010422 824631745 435553486 852068389 2913253 726991873 579632534 871669401 501926385 449671622 920744890 43028611 618397157 700844717 451813879 102942115 926436556 118905762 579734263 690175384 698147755 329257111 657800713 866161854 455862251
658324138 323756595 749044189 795979136 957533882 517656962 960439110 592453441 542972737 756112903 790992053 955963489 471999211 289511624 952300194 999650613 635718550 873867019 965498468 43820707 182166881 700203222 453378794 441227579 197217783 616661250 906165870 660064512 395108668 44719 817599744 597264919 312816483 371772729 513769209 682849629 76019155 955956632 879539279 183099894 368484562 635545670 823760590 930423213 506668134 167984716 178376700 421918322 886543782 400312602 802369467 921532276 32101318 550995939 980339278 270020344 342954238 543298761 784538226 551564700 205155422 154686781 781200167 952530533 701776448 822279804 693398033 144007382 480770179 622676474 711619540 974653293 648825067 277395582 2534226 493226574 953099304 781906408 257360217 218163875 570949879 444720973 431973163 942960632 743774793 315404854 839583592 759196473 55003096 23110670 254761041 569164802 102563011 79224667
38 37 425
12041955 930387547 937652962 384651881 778363671 778803005 808787904 922352611 885519795 138825392 503499227 16384430 210155305 735757057 861257443 50231275 670896848 554379734 111485696 648433220 867768751 345588198 85923021 242862292 399043404 102098519 692228461 945718038 886527127 313349128 678759811 494672291 704683046 896655552 897073045 298108223 131452003 417137976
650768329 704140815 750314332 166152331 343560130 49730861 762860459 614885414 752524476 47808289 97440817 711350033 376955995 256294422 112699481 321642660 3215777 177164654 579856348 998613786 14580036 66216041 418105882 40478033 212787414 944672096 469198150 648514654 581283375 253745402 222223645 749978458 522160689 255464758 560924541 130054269 992006330
12 78 793
623817275 599462899 874248196 541865518 636203018 60678706 321832197 723878586 254641724 657866852 315147490 219158481
644513368 182944387 629955522 568442293 632185764 111489347 986245902 163476032 111170220 807907461 673985886 537647394 385219366 557257084 3823959 304895530 54061145 561271798 153694142 489819089 880286535 571309356 507289839 761122789 763798428 378651703 578916137 99536875 159875350 39679161 937969664 194016299 956614751 980640177 783092047 85466911 538542429 105888685 76614917 931252039 734522632 703994401 407339000 731273292 684001263 424810790 773598095 317685124 852366696 661190105 406886639 669054968 274492256 953234720 29210303 875971206 791968408 860782373 479552628 902792929 88762539 182460237 347858406 611021800 751609067 643784561 390337875 699796661 541349146 391839703 917632244 784786325 378638285 975072453 977734628 538357236 568873814 755653143
64 74 376
64513440 331894959 823304813 192666437 569008404 622954696 496662230 109560944 556236987 171184317 281709380 683890568 684078222 903565012 612286034 528925061 616419186 347337341 96768199 533348617 158040663 930877752 440550500 757285106 553033230 332976935 623274632 703796309 63278038 521060669 782262994 515652548 668008879 487104410 373007914 374423546 505891443 412200074 202025107 594606426 79840744 234898975 51071669 25199632 382335812 194569880 463845689 850268557 779977771 125065735 118386714 546366519 269713718 318882501 367629545 617243029 646838558 139444795 357175536 652675457 641214945 389306523 399841622 712124721
696986497 811381453 490907241 875781255 29293148 961641434 955498556 188812368 958863749 721513203 320263595 524254577 62193823 925252571 474757086 124945786 303315447 313178712 683349690 398278634 599207689 198064891 137006267 986569727 201513879 378869726 511519222 296979439 546775832 391046387 714434431 376476270 991588880 217475055 147880537 921037619 442167816 647259167 441876271 777667629 263488400 622081697 818555460 392288654 604416115 152270833 917080683 778858105 21569526 901376962 255331412 842447575 337939646 849246033 762597946 984538124 647853829 302879831 995412297 215009814 52049322 464069297 481981652 72893573 997586092 939612591 934982909 777416420 962938502 211544724 278692499 25496308 492848402 900323621
