-301211403
-494276496
-554820118
-477535694
-507301819
-531571287
-480685372
-578375308
-572735292
-508506977
-488654372
-555017436
-401633387
-344769928
-564652214
-534682520
-482525565
-235378308
-468342551
-504695643
-514969457
-506108307
-474756301
-485904628
-587576552
-388657461
-173745220
-488971913
-513911601
-1923518
-489707196
-475031910
-473005079
-506971558
-478706061
-392731163
-519730037
-588925760
-435775766
-485701138
-535256893
-454566158
-120212293
-525303278
-471335110
-427319303
-380865107
-506764549
-496955534
-384111349
-492281339
-467771101
-471017421
-376218499
-536930149
-462458409
-492797898
-601849875
-540459269
-323916499
-500138063
-463884730
-627233386
-580867754
-545683632
-641024200
-404574587
-528116370
-459854904
-472104566
-480779615
-466605013
-485500564
-406466906
-572310040
-495230001
-503199945
-466384302
-486556284
-470492050
-519178247
-420991226
-477263719
-241262741
-473201690
-499255702
-531061868
-322100778
-473179036
-408342772
-459667713
-262822511
-576166517
-435409498
-398391064
-556818983
