246345163027
1965377455910
1633758769882
1419497109455
1562093754989
278047295703
1537253214501
736547843779
194344315934
10986548750
1637198119
2655132878877
2311784943451
507086001673
2606378264942
3825350898883
742080653241
76132877924
93325577217
120742332993
604329620767
384433095206
439044539457
1857832629213
2930956246814
1527839732539
142617714054
1619299808474
35224215196
6716353527
405721231307
74471456964
476334065182
67611543038
2718212567285
1350961735
232945893475
948896508146
796471464493
495654683395
195343804232
546094563245
47450214
38395953299
1136570054399
24079600202
170856438711
142096488964
203888668203
596233509986
958399703
1805630891481
153079457262
166140112876
731001458387
656053291805
964444227206
25957936887
205525273203
771598956377
802039870739
206890912378
3576316133522
139174317347
247634896942
1288060978149
19820773289
70189959169
200745522591
405549162058
798993461483
157322112187
277295243270
1135160502999
16643915263
303968049998
779503155575
90679736438
945803333722
529648821674
966702820301
13430331416
457204254738
307493280699
2378524790637
114674177967
54878139337
116972969197
394857184990
1073489270348
359082007379
89970030656
