96
4 25 175036
903107282 8590928 101848186 693752849
489190755 861574727 358780044 722548987 560142139 954876522 102363991 960106618 854819455 530524954 643687813 651490280 789480690 72702234 176400489 702355980 30445217 172612846 444143122 427616403 953949351 561402377 861530999 527716977 485532608
26 32 104964
281717053 524475683 812208309 579177113 223974701 137050930 457160207 730904441 560744273 37189109 99006577 439791433 843462009 847174753 566512413 14551466 4929629 913625175 926431338 622897443 671336534 650334883 601421733 185345469 340487312 617664574
618641216 206034452 581699184 468791004 283935548 397263634 162479228 544363914 504454303 216582409 489599545 348666269 854653960 571029804 620905197 556251478 363016788 773892510 235498288 596773765 380150214 291045580 620966685 987359463 3408898 558500340 511549318 491846970 25807941 532154850 992849850 747336821
46 80 69527
212067038 107466671 754580187 612316821 643112882 592212767 895860610 401262725 203727259 58229660 368978413 325472767 870783147 371351401 375318192 592297830 455616134 407114851 930377885 946456543 310225952 625839526 432963190 422972099 995154757 975781717 422932766 532200978 877230512 436977666 4718903 969954132 637048786 401148718 795242575 711880501 511997259 856487300 875200424 959264674 646333941 58343007 948806963 210782334 273389833 960325854
312012345 279650808 271886751 324277888 993248808 676416522 695155786 916196140 965060792 682350817 792663401 815248117 706460621 222824081 431831613 148043323 879415993 676934870 441218931 73934056 676436517 843546222 590691325 351853435 629120474 831192874 646898200 149832189 215074700 165254821 981215116 693284863 683635284 415392355 215959443 234085233 127049392 303700128 815917742 625704699 189813307 985890290 361691933 84515364 457618804 333976306 252339445 584362287 229531181 822413731 738689506 666533289 301847184 90777037 643261122 657380347 360608764 123848450 810658912 120413464 266299797 485114644 693570114 880067926 308154831 580012869 479787991 230395553 177512160 733043749 477381585 813659005 813182834 331242751 683822680 712034897 730417124 835202216 662221280 998429963
98 7 807116
74899662 996461573 512401921 216341059 713379744 602003764 93291830 963668192 735408636 918520549 691703387 15962120 598877259 323869294 157575468 257338561 624045642 201916186 988933815 67589386 564979475 499752042 41641548 665761229 850070049 448075052 637321586 683845315 233010351 534080653 495299546 227942063 447633656 802941059 817052319 564744726 277902089 857520874 656116441 682754414 108656988 462292435 986002890 952599849 838177203 898210006 908223568 986809671 671166619 62366557 577066897 940173612 935547158 526241793 974823647 231876020 680994527 916331433 265365017 614370443 161769871 212913032 614646772 958399982 27579282 298037578 674032414 606188554 970695768 602770175 137909912 388898518 450624191 652410706 942596557 966347169 150602684 104346033 897669178 209717930 494309823 953211749 207359001 876222368 507460046 427916931 525981063 355066324 559838239 779761447 912522520 958069290 922045975 196345272 282014750 30783924 273700183 938899891
121199938 938082760 784616614 848128331 332111659 36857550 554321259
92 44 108394
627873872 927394615 298104017 374619473 302926798 494394828 915682834 308187166 247984258 659700145 850039609 78289887 489189128 13367603 468453642 706874645 454275844 334239681 790051682 442150269 283077642 443209405 465763759 328064687 534275315 353081924 180271019 893684066 870447014 112465810 485588119 793517528 830964277 790979698 898654938 430026879 539376903 3687854 265640964 729333389 675304952 353358586 40229461 672486913 623689319 27079082 569717999 920589595 967521395 317716979 263449101 299219393 488229253 888455888 625030199 674780340 365961711 465248135 212629468 922541149 114618697 691967833 213176135 372517978 102387591 696207629 384085133 120723908 428860746 455130311 694346591 918491660 779012793 70225644 286530766 375543607 316341678 386104635 754177868 61041776 291745560 8913358 257176061 186987293 211397633 991963723 964241802 122486542 297036472 557694852 405421914 530565452
575921435 903924994 823673148 388104147 543597660 977649932 233138875 17751393 761179501 919766941 271979467 578613969 652657222 27430488 335576915 372470121 42074357 736745977 894595914 910174818 937440123 213387973 727060151 803761035 812229535 821000332 828334969 162362125 450829676 938469072 51908787 990468773 923511203 2577503 57416228 353997340 238961567 152509696 275687494 490486506 124204806 881269054 712155502 977460906
36 26 450759
876946580 834929212 906098324 809913369 780432018 566234231 810746383 441571820 120820848 814634214 756564581 757535425 824966025 417461794 428390431 459920465 300565589 884825280 19880379 388516556 170182576 816463480 694791853 549573874 845384470 755464713 319914530 590190730 372265107 458436785 810205141 173227260 269184631 63444400 256549732 737153869
961344079 536663930 854947893 678433869 693105758 581940782 325327611 548296403 802720398 397295562 676520982 41928003 418278239 947978624 125281434 50518072 406504470 265971254 601503651 782891720 468498415 410549778 39765638 238156349 261785921 700652801
50 97 633793
713012670 752429047 52758239 677199286 568562973 532170360 229257672 706985425 980426537 575687861 742379521 613941336 925585616 918608268 78714591 936310112 60160111 823380250 856322149 239199910 333163513 477296229 606408216 42169552 198325626 28168095 273466890 417958216 678609947 662326239 132458599 381898981 890842686 788944491 123204407 454155482 394135328 640998468 493869915 982574914 343229787 777236169 137404762 747922824 905103812 411619890 41454659 491324360 279783002 247221575
691474836 437565088 379659440 949043582 251178729 18856288 161841142 599746255 950867997 410933422 812270914 717890362 637121433 479844206 408887641 141494085 809764584 606398157 735813667 37240997 952508231 887612154 598958756 701951173 556150759 194719830 837095701 803564914 268995398 264946794 513035011 633155350 704013249 787634834 423952927 185459857 77346350 791796449 626535922 342037541 602265648 771346918 823146499 437999845 666550604 648086428 201060575 859506941 725201547 123105668 601615050 273398980 327335518 508522148 807362681 464836464 966419717 8343172 40755641 324182992 780240460 285400717 161434549 740616679 181429351 439789272 189128403 604107154 385160418 469319035 882972416 278760206 523158169 970411634 172707000 48667828 342103818 75703319 327097504 961961867 330648724 211947848 76863466 48741799 205693795 31670963 188966667 280964935 908406038 331020750 992955480 961792195 584345529 862057747 435003798 215524382 875319378
30 82 464689
847416330 336608308 8147972 116020173 330167997 331296441 442091683 886946734 258479889 366467533 755129371 607511695 959044676 867040572 300639995 125124732 483837779 269271289 943071354 693538318 94940060 768335583 471575274 246447643 9950303 461136839 103884811 874395688 4780435 584091982
535939214 189358663 686223344 444730299 937782936 763735551 172302747 226761522 899439206 481274365 220466874 618330898 369406425 44873039 302972320 173039649 585217497 34904808 58136124 124326808 913975980 268169498 49479326 204531325 218125524 957313576 891845019 123073369 623170070 665922539 852227340 181820571 238719932 781470750 800784640 963374803 285169430 119074190 720578513 953211077 999158004 575358382 409775136 42570527 617812632 893339880 863488097 928546238 160234438 266492651 695330830 318593549 301206858 884628091 4317182 100163213 799205686 795261549 163730338 157162444 599568878 471562416 935856736 818168600 581713835 971942815 189710016 28859241 725851571 346377025 321864595 583584456 572717696 836029695 314173917 727391982 564327204 639568389 299200299 724926594 498879607 394651560
92 82 200436
776095068 615220355 83005147 253369098 374843078 812138665 953521349 903682411 149761025 870311474 257398788 265960114 693036422 506907327 550629575 841123761 665046147 899472286 870134516 163135756 29020867 898692489 178217083 682811661 361431247 295139303 998540442 792337361 384718498 587577674 869203879 546407987 9438308 775834799 900935553 857631851 396575913 817475436 508140368 269628795 684056361 285767444 245642760 71028234 959175115 588766931 381439284 721342698 146608406 392639464 74608280 203423744 720189200 770284414 765946141 658762045 840236498 463095315 561664851 63872297 269557068 203482275 918693260 40471969 832070997 762667803 904173226 50153572 289931568 58380753 693287886 585244340 669310340 809837179 455092607 1242676 952361853 685348757 104456272 30202670 958090133 524170627 511964207 210914454 546605671 64641893 891945823 298421949 595877750 688030870 334796449 741451819
214188458 263402249 463327376 804209265 891145397 662799826 764223877 529558270 37304341 172078960 472851963 143709989 68010651 819353536 487868316 165581732 633428482 301990050 719071278 295262177 151951912 499358545 376280738 501791556 514976518 794823306 179642614 431403919 973349757 716298903 726890490 965409977 810629824 840400050 810890374 398038473 858722314 558655095 668785784 360875578 397969630 412705209 879380391 948293672 410355954 981687996 797876592 281262359 581053052 728814212 112482291 676411477 467397017 658675241 279105630 887370585 301007919 493723588 288865753 797903486 863018184 294532291 760002832 478462661 316362686 431961284 437537450 112480335 872571464 640219465 928275343 16321425 801915615 71880402 408669334 683158445 345501989 855038488 472271881 289186033 177386087 181749731
46 11 318217
608902586 576468555 718059649 906067540 323832349 130858139 220331741 133692360 705560698 130526454 557641077 341684246 515486462 697124776 780027579 484267110 76127149 739964716 278835486 909239599 231761833 407932196 536636220 179979223 989947935 754825090 318922428 12610191 233398206 276668306 42574040 475456496 825508904 887086379 97962964 682266263 146001710 461541011 767508949 344313929 26264504 228832806 818208061 457100903 292300270 443646526
964839863 744831125 691851228 998210766 422832255 99036868 403721865 713767095 492741878 7618379 412789159
24 89 769186
511081818 107936954 592189108 178665501 78979114 209641925 592039320 751290079 995246779 501859020 287448611 959903926 64004155 951476430 137824618 32585888 221903187 757991133 17187356 771050516 450202500 350565756 877457823 618111173
178065684 435556652 620668304 345777655 327240725 112577674 923050287 762882144 980962251 855323961 954253590 933626458 633218738 250634689 880880962 328707521 144970468 815190244 770458832 599403942 999441094 335422412 462454844 305334084 133309338 579833187 863210988 536126026 356304884 333198780 745415406 504715438 954756716 710410174 607787434 191214376 485050193 492744133 58993327 994274037 501951109 567995698 187117147 775280541 401676488 177421810 14611193 766524527 965265052 467901321 843765471 481622420 790186858 179524409 616463145 672735333 75882338 783067902 958172113 166283967 683415946 50716742 5711024 945976880 984422048 696678695 196964836 54721266 958561259 749734113 104773226 959735282 222874953 956010947 405811879 506134352 644291118 981429278 38294414 861612080 192139624 289097827 429939967 678566106 331677463 872918325 924876923 326139124 979688307
60 84 174139
933690732 794750000 567087469 933832146 531339790 183854978 614639560 120816429 742963177 485227891 863231296 126232679 510840522 207152030 826055955 581440325 197271122 676987148 455767857 980738050 323863607 662060221 203436989 445595223 858520869 31761285 640173364 685584955 351776973 209751171 655378081 593237875 941982817 358805496 79634088 984377896 521127966 968750244 349745059 241868332 27069354 150062010 38974109 394309466 806276638 607081862 499562696 983222844 754239742 482921322 690790136 133411985 828594855 963075784 29851865 879952374 239405098 879933559 603919437 987695349
443532934 81785408 293652248 374824272 501599325 440986367 315743928 574011308 142666196 655587092 565303431 257621264 135957920 389967838 770829414 133079620 803482082 647701345 726642718 166505164 384662554 900902192 496253287 575924542 904121330 403303539 159013491 276403094 157904228 905946324 620761126 119206870 967878638 396011621 981933623 251184184 254124504 682946717 533841816 914293079 312927997 749128245 133540440 94634536 114763856 267956427 407307987 407493308 738644762 897753064 314465597 247856657 935137909 635469112 116295093 554522023 23695004 832006418 616472367 336114650 126208461 681359432 656635271 312409294 33465016 942117380 273560964 124098841 351349903 418546645 847846935 795958070 4072061 733651296 82249551 361150495 26626946 290162510 689155352 514701889 455376839 242032662 905670143 706683626
48 84 512804
21968541 357604691 619118849 731678501 981615264 870502054 948169155 312250461 195982436 56130998 541099207 276722534 859973735 683225871 694478610 735951088 707923514 867654432 409925677 532690208 53916574 486741246 312997983 88243946 72017874 341851690 890251901 399010266 995571141 681459374 871708826 31488977 370532294 158433486 881101072 110945491 494365970 902678628 598273715 790807791 22976949 641856887 527846735 618727302 314452198 495642102 320486498 729088847
365873401 303651712 427843736 496546336 727067684 888367705 41156636 250722718 824555713 427053039 226393508 45654408 647765927 912130893 900080536 256974313 265774378 301947947 612892684 523951810 592556255 424252484 560558127 816177918 697169446 303219838 483581228 992399803 3637752 491907568 501052282 159438517 232559829 331392458 380867812 540932571 40728459 387738019 642722810 753759441 162209098 883406632 650098232 731792610 770454594 316779952 183602299 162044347 672227034 441251637 215093331 198255029 785515169 86413375 572190311 33003030 584902877 32004668 134581192 865032394 15386009 430227134 730441246 995630929 521710159 1361724 369368317 368972394 303220435 597121005 697365605 333000141 849208871 390408477 208713707 124589928 259744853 878065875 697131998 103659926 399312319 463486018 917531253 500525551
2 93 514656
508524491 869248755
71670647 300727047 231395083 129741712 224253342 963931039 951593479 757723884 74535260 757095930 158404602 924608217 271404056 143485586 259222695 783273740 96359254 878150038 79246739 427975880 250827256 486331678 968131435 208170773 132626748 881069666 846834261 727390006 827047487 186680451 565801298 708751358 548177191 179355011 90307631 194473970 39645970 888614525 877865650 730972921 853472965 301538966 106658444 44760019 968605157 600841295 677690894 103559739 212078534 391660823 89655476 47635202 720463063 582819446 27036607 928584930 688841712 277047935 97147903 785893479 425032566 427501167 758511179 150207718 402997736 12497885 855828659 954684950 555418182 790744498 321285821 188200263 625681284 611796117 2982439 356318857 579039108 92628622 945248659 576989014 828993281 753961505 600276375 405442274 201852449 764942872 876861171 153811728 543890249 756930606 988762635 217535692 869740701
36 31 834828
114910928 475836726 487755833 205163541 9979865 898122632 564917088 33306617 370695587 136941430 9724707 41396687 660003288 851626333 304769667 298860249 732129912 466839042 913046354 461490648 964594646 994467304 663361684 26443424 75765033 451645618 117005150 889525926 986264510 590416416 833964384 757498353 927194152 205745012 711063639 574444987
239565476 798665255 221219072 866572924 496851635 18646005 459287631 596843916 335760331 231499652 749922879 6190237 580488168 590439773 83373365 531602318 611836594 974373837 259797417 460930900 758423962 447117086 362066474 680871839 289986499 246448351 518010769 769273095 101368688 720299526 275008375
44 88 550860
536507050 439629963 845768422 373565101 906223845 250753749 978092454 68061735 210432990 312615253 79209151 763078242 759003907 126331520 5070394 365901251 907753927 112881080 543198945 498185515 343852350 702860597 134047966 788828270 331733460 354953245 981804068 911753683 150199299 52086367 100385464 758042129 251286864 447822603 100755279 577839252 355124586 998385805 421463812 804417048 2573253 337468641 510313865 176403616
999356245 319917725 644618433 753289266 586344229 255704425 373626831 56993116 493102200 265079176 607784735 370262478 447258641 978257521 96583741 538244436 272627671 942702946 117892720 417743524 221703664 135292033 668953630 112561011 916213176 696998074 647086440 41620320 724938202 477115798 346008397 959275450 391048675 699001206 389431938 726072039 120800413 250241185 589645280 588749336 14791415 443480824 920551574 19542579 589979737 538107133 107767644 167653914 627115065 637865791 987607543 414402267 472260237 615302035 53118653 358627633 198529092 160209217 886747417 488705956 173533860 182156116 667888508 60140797 960423363 433736043 212160203 597596432 14434038 830720280 309438202 935625161 250099763 941693958 982903768 145585749 30582021 43076840 759390855 186697236 41059528 959318406 270315376 6461848 401594391 776894243 634405318 358889776
28 10 656979
139999699 784760573 79776396 585177535 780437677 184307048 304854028 211208507 207600018 745947956 381356102 427162660 909185404 626994356 477800141 239220828 384052857 57785696 727417293 153386628 979063683 777955360 376873797 219593958 234511124 145875153 919604766 526359515
488374986 45666367 452543574 9816559 389183781 223052308 188218536 793604376 237034653 66794748
18 62 386207
104795613 236289790 933535892 742639478 744852197 577384351 458806512 442884497 999341430 11064352 541185359 977568385 894181049 912419837 233229459 214459020 178268866 903603062
450155062 329354300 658639960 258273197 531746752 817564062 971004129 62934971 261509452 973662734 838930366 73770687 552736356 342920629 998606618 944216835 151003330 717008161 580709690 879775238 909442510 646816248 766855652 965898939 226886374 321303811 963506674 141609590 479439451 336522894 904383956 221604988 667248673 34253113 116462405 228892898 845476678 714219014 611295315 795990412 866265565 767138706 88805736 907092200 987736992 404173269 216496848 819901173 355058205 148318835 942593508 408451489 139311995 297354537 284879283 451506565 346344372 263489405 275506641 14505811 80562426 138481323
50 53 280447
300331923 482433278 337119414 126443691 14781403 111391673 280629998 156464467 754252744 21481912 928614162 249390591 356187388 771589826 26898239 768701563 564106936 652695530 832009759 874950205 916267936 905005121 496688514 202293728 230556718 960229535 678918546 384389783 725976362 454935211 500653450 891614485 975856756 857127927 76043415 617301091 396299162 392605234 982827529 169338887 365421873 523365919 603326471 658862270 637164099 22160774 376100797 824331409 683383016 824470237
991073256 19422721 222333997 393934936 576540723 897720216 407204452 474412995 720718095 526126430 341947024 626514001 887425411 860924494 50993832 297023618 608029222 830600851 479017192 941410059 716695448 690647705 261691317 178024541 482909315 66782414 691107759 590845387 466647315 488506640 988309083 981071967 645712810 200824126 442909975 733269864 20248125 252733462 947192127 706017855 239272647 641888190 715806957 909638720 671478039 390539514 871528770 966756516 761733474 302151667 456977159 383108056 415767408
92 54 661669
550710714 863046816 750181641 864157444 541234373 41439828 603672686 864071132 903473547 666088612 959002569 731185013 672586960 440425284 124540358 341946593 571786879 473931198 183612528 226524445 728933768 487438115 832115625 520312089 672646598 36317851 219784472 996511625 718492137 974298519 852008248 956321499 802753876 38471887 883938294 190901689 120729881 314605179 990599493 828362075 390569245 387733034 139177077 184927647 246974678 598526781 653444468 891949147 703446012 830153920 403482670 65597813 941811 144307724 740457959 816492148 353007135 833524451 105370752 116149064 438884011 377841022 801167561 284881611 139642660 886642765 36652309 598453137 595298155 853672203 720256861 207667427 428419959 258882658 629409683 504896463 795596032 528388309 345113460 130303618 52627660 649235958 716177148 182672741 998166941 377793171 151595713 747377229 843440731 612724801 806918972 332240696
839772495 424714764 425370640 536722874 194522349 20871689 653344695 15086380 716650140 450340489 271539383 458581667 599193520 296559858 327581217 250448343 412882826 2141795 65075706 147562352 282758062 422925097 670328685 620535744 933726737 554033681 503018036 802919545 107904843 621693564 76318220 536456515 294362997 115855537 468434974 543722889 109254348 349616138 665867017 460556935 52712448 157305653 133297810 13035570 357964928 58197413 646518889 451124617 837025432 888270952 388446263 15195649 358283832 712024782
76 39 823581
418844991 367575090 606510368 207780738 838530051 344962569 30994592 508292076 87060078 181926567 205354618 447965015 756782804 630827602 808090672 213820482 580160341 605079033 329905833 940914035 338146413 343970800 743944018 523861421 975332590 880766451 764889147 488523206 256504707 289067497 306662468 655379121 943021033 162147288 658247164 762726961 62371974 931159774 32946993 817034570 286642381 412965250 65568000 869559157 496884074 604543132 379558477 887927462 546518843 805183471 197155564 273329578 490870962 489419133 857435313 586187734 533567648 97555325 923837511 470603225 795071192 175475035 414826715 313524517 281836884 162950690 176396619 183133530 704566928 3990699 376380687 617362235 968331363 330969150 425811645 501826043
376094365 838187263 478086663 591792128 73793940 33531312 403257997 333421893 974706636 32564106 969859234 560293125 240558836 441417205 293027787 372646733 194841054 79754605 81024177 398950083 815819122 929149789 244773713 439201101 880258660 911311131 684841531 433242154 615196518 728436640 164210101 866227848 910794372 701852940 538971047 845921954 492730534 961744748 36789153
44 25 677663
976310020 715552098 558418572 641885581 942025640 632031628 946862880 508259810 39214649 447444962 483783888 25205464 151398479 722239052 972977808 797860952 429233828 908039616 975807791 681339114 438271587 677932070 620843223 640686882 523550084 969550098 185707175 385874459 3115059 589726325 283508615 835838279 752934159 678120593 983584206 96315209 103222678 82035976 573143780 590667243 218757571 14301060 160464034 732302947
574071101 412598902 136739720 978911486 839243349 254118686 792312543 196297619 541763502 806945563 536740310 593616582 237378387 787231939 298857837 978185463 307886568 840603880 783272074 128332180 595908403 540974762 276925481 295675901 358053187
100 27 314687
970084386 758139333 183651253 467157091 306324394 579996249 949159772 824097240 61097470 961670300 595009927 82748685 959414058 924960337 938937195 771520457 591453456 694535381 583452541 210178149 894536342 725749991 894057103 843620499 564404367 401400704 340935457 199883853 875229728 599683484 956643010 945845855 938325564 80056854 423179171 493013699 253674853 933308640 629479353 852397291 468872249 543577729 714789708 479291430 180621979 531355134 983192001 664269543 153706517 530330907 173407629 870197959 633259186 747749296 76928383 242540459 276292233 910705900 408634810 609425389 649028568 551491816 734094469 421440218 814944473 935483486 841487992 793330006 897929560 570606330 920630291 691185674 146060811 896057529 938768319 708963863 578709277 381373589 808970954 829813765 641985267 711356447 928920932 824183370 298661090 521923359 128734778 298694429 226767844 771541764 174114199 673633670 349552895 296895910 238089148 490501287 933338457 587191884 772491359 615562698
593676870 350006438 423620977 901430785 838812281 431116104 703065898 898726999 711255410 889257879 784727234 806634268 505747535 697217436 335484325 449081756 769479995 178867685 214556185 4477306 814854423 476599437 144178598 777573891 443591052 777060772 313182642
84 70 825500
181698803 205186163 653307520 127448345 691117065 553912410 330819139 285961411 970605598 484812355 397759363 689946524 567840072 879136574 117011111 708676069 3702673 97215464 674419665 393154025 436202982 899843134 5607353 720927094 594297597 746171263 24032809 420021737 989604487 665150105 880921013 179029608 476083270 519438384 582906576 292458212 771584269 326453852 719026577 283575246 25855599 825001219 266262536 522168310 929218554 475277107 690801209 546978703 545818713 716755763 85319041 863429316 704885716 546191261 44626196 563961814 423923933 998330076 986845437 798690827 330664239 138204035 841921155 732513853 833733412 842297177 239412560 911267941 180859614 928567824 68147537 161341083 699924477 980352076 876954815 39305036 132509548 472495678 644138017 945715419 788567909 886413261 541912398 278743783
145821496 688248745 428047447 763058201 661484201 2507087 625537683 168278395 100484562 868988048 404732489 989109708 242645919 394814467 366977552 40674152 218750641 624357329 260195256 112633357 274016506 116753822 219220513 784512653 187205689 220667295 612563101 207585229 375046056 859796221 235264449 985283808 256070536 167244904 178811320 950174131 495118604 985676781 392111874 948109270 929320680 169307665 503820719 644387442 188533408 960079309 180216039 536116821 881288657 374303952 227924350 40572609 85132416 590090377 980336970 501305374 836234512 500261485 12937519 673213993 64527647 785097296 679136167 129823229 663180287 601789385 5826669 292077317 303639582 349323381
38 20 208629
614065579 434985288 182053573 27916877 660292887 177544000 273236802 338282076 498410909 359743359 573371199 485852743 797474941 200703917 194698601 199339293 252730011 877102690 73792493 362666774 564086648 798777899 358565037 232032255 337883030 282804520 452256872 239945271 338103697 630763287 433953124 855232826 998639824 758905163 857611984 979251512 471906276 12552168
402756297 185244068 652352942 390897395 300473358 157463493 257045426 753219211 457386413 553922575 430722738 810335777 943985469 207059165 367199679 469339830 474115738 250196340 55695261 142334704
6 40 391172
127475500 622148835 400370867 62897670 723695477 42814638
530265293 596615672 562441969 731495195 267922417 700198464 809608108 579600761 160720316 658446076 424949838 458408463 383700734 270590237 519582188 284136439 147482348 868374926 495890133 182837642 293558086 22681587 756782589 337103081 420589298 582568017 453188722 512518759 464213728 771815494 469250272 361634348 419354821 807787076 828324491 597014722 164095492 243497924 227487784 887583308
2 61 513723
26571233 205453683
569890271 165308453 874307031 586072675 811234167 14019731 651307037 208985328 593845102 681707968 539010120 941460348 152663999 224135766 54046193 620008754 242050903 266752375 844140275 543973583 339971925 974403235 64644197 773601584 721089776 508106134 26585326 551989251 437699012 703872469 841281169 864776203 192384541 951172682 47016327 798691992 295365410 174744072 206129949 651126774 402956044 882547899 206970794 220300202 441953125 532153303 757138695 145168038 767442740 708866783 668976778 395444716 552322319 533403570 280325586 416245937 187650461 367024445 699025251 244527386 779337540
98 56 707362
496243761 624730087 300872694 525589987 801872207 584829207 493307111 329061989 146765892 16009133 379930800 680079838 279194931 401451252 659077329 785266809 199750726 929690705 210584272 737197643 627353935 989551712 704284878 703747887 145139646 558223897 872496316 872570677 173720046 150783951 24493679 37266618 119327478 730676087 604812450 405896144 513195618 173568593 586355403 796925625 193642470 342656543 757946562 303896521 212893068 486450791 7839621 326448225 375928716 803159240 560492719 406320880 685761202 89584530 959454041 263327716 985289670 901829138 485107058 17996036 195868152 823881423 328799595 524770909 380582522 256306903 454130838 353168273 978672597 230268636 243964509 925041914 207689644 681355017 36660817 633425793 73992893 873529847 25241615 329136182 795621165 666306039 897177974 227583102 276878594 860256691 678489062 829600059 522517062 690993317 277750881 44085358 408465558 461540381 788096826 137862469 604983697 957255489
819137050 137439437 311713749 982518541 665081289 722024352 68739700 924386683 93547009 850592341 398823301 352916555 285234871 561344230 204788673 925244229 306061566 146213036 76009141 226680047 452306623 181483048 355591548 27893973 99600286 686271213 915454580 533441013 732593959 501568873 990446188 537663359 513493620 966395177 75648619 574399264 681171269 708685740 131185977 81583066 270327748 941871797 313214929 286857484 370868573 24042124 252671930 396747652 959832523 303261383 738548961 105733848 19099664 332993668 788585782 143956681
56 1 512706
715084036 409357881 165374395 52927398 996937238 879887175 866195374 612053334 325799505 64186643 380187935 26030399 517920344 407655087 205928980 983355030 776929288 456881544 245139005 226343266 811065910 801201439 503414707 745702267 1700641 59366013 213522829 710708809 161255297 188582389 506431452 918185712 949292255 737447724 359296265 806155245 744829940 613511705 336922717 649430853 249779245 450866441 486881634 299388165 546936198 759382591 48663997 869639700 56159029 829839443 451488296 717698567 605068977 988938785 709315871 821335782
698305656
2 47 737196
861580862 863504380
581294799 884698534 397615108 28126602 109688259 116165970 865428567 588302640 442711217 372169882 229611643 750084562 962045088 551303653 400372820 182504497 157077997 973046717 123099162 808369130 338984831 138747962 357329751 332325578 569759854 711227687 230340294 74431932 956315294 342164537 260334178 668181518 887684560 28610288 339714024 180572904 324913382 189869922 655894210 554866493 830325809 43284179 897453839 853439977 184622290 108545891 712441169
56 48 480538
849691726 154348729 938794032 98338159 251450670 827694576 259819063 8053187 915474351 32473704 534801545 956253649 577593759 880291494 358739029 526320345 97440219 484478589 849761260 645068374 478464459 505178345 864150073 941415199 393874536 426692842 435709303 215539355 196050015 781740145 281317796 158034065 832035219 207399464 263015156 82674927 688078149 386709168 42989772 948766253 193770388 209115799 528896766 528953269 990707087 467092345 535791306 522698131 142799634 709040409 390535529 403167015 452257576 353462172 84690344 265209159
528913271 591063097 114465654 639897383 557827418 720780644 40448729 721385264 126241468 47508945 117227885 247384254 267734038 836960254 555425809 393037740 892414619 102975294 497620928 37667856 523822393 238672165 377297728 730699496 540362972 328787822 690565223 427597117 824812262 255849973 614425971 28584173 903942230 939092717 731727080 6961512 444106210 490315161 480152538 663243307 914087902 638179509 673576483 416310771 248222357 317557014 550725186 216735240
34 99 941291
459780575 232204707 996797164 225076731 213702127 367272950 566819588 657838053 39683692 960250241 230614128 584816132 786644392 993970365 327602766 439820924 175690572 156501936 776846126 640460776 854588083 781850214 433488408 210027059 274192810 713308072 318937722 143454381 393737968 544299730 589365256 508114457 412033819 780908442
501664528 81944541 77558198 123632714 354608585 779611569 913818971 541002186 587187371 152761701 824367317 430190838 483738881 906150415 810861664 678646978 658486252 845298341 41045608 240330700 353535507 730767307 170068598 16523181 424452212 939797530 352390383 558258081 579034958 531560590 279470692 303255570 604279838 400116926 883618986 649092232 899348599 970519975 535467292 120125949 822247692 162737393 6141374 96130592 510071015 81404580 635598224 162422756 85485337 35555267 721166384 986078672 902445577 302608369 808463881 690091299 333445003 534041421 814573545 726704361 440792015 53768291 577328041 499795574 142098104 980693975 742321802 547404822 831732971 513502722 872907074 663084374 482641286 568696157 851538289 67607861 214117020 61052190 373664181 358889630 442675239 432886707 971269271 698396137 402708797 372026532 613189549 263742840 957771175 260318529 230272744 927785938 263954860 990326625 94010927 119194315 833809934 910501455 990342579
74 22 894672
936719873 667982320 565953590 382874509 306227576 869179280 56768272 974592088 406232124 410799686 257292683 11295618 735529751 191091450 744784664 793196865 871121731 166962907 96544120 144539097 671370050 959745947 206770768 812432410 134088491 902101950 794373127 847556755 220118768 814897363 73061017 148732376 170295702 447785008 253995321 910961762 100334409 330195617 196461551 910949408 484038223 471546808 742887410 510045545 862367222 521203470 739823294 219282759 75275830 205264695 776250970 809683171 800281519 951706120 811620411 650945646 354926570 511008184 714816371 900701170 177438168 985650737 730529827 456575757 109477128 818237772 258713934 122686907 448433713 148873541 548406224 399885678 560293235 637917060
987880333 446414585 401310698 783161555 961848989 784790910 971619435 444684531 957043830 214776967 809601025 152768820 110482066 155636982 343243792 89695683 965100724 533510277 389766535 107954355 14660042 876628016
12 24 694869
818162388 721547316 135776767 431189377 555046225 424991749 266535501 420176829 914388540 825648178 641091599 218708754
884716707 224275521 700175424 158067465 183069084 848868149 43885556 246365550 760196854 522331288 603493658 965139816 593846518 729410798 721325633 424355794 245869702 268428843 121089214 935875571 758485805 931673059 85539531 685184409
84 41 607562
81652571 432725656 102889875 500464219 871859689 445295468 723910388 35252447 342476607 646446614 168344634 150741180 951496271 288492446 617771831 536472376 827934076 802704240 876128010 933474914 209215426 81369953 848640767 127518069 267207225 429957117 826971498 331416277 952488837 447676363 726625912 363958916 535202195 843275151 146932701 151696432 584608073 623701262 210620219 824426572 25321645 43487266 247717469 796957481 534919294 32246611 308706444 351950690 535022084 506576094 647781099 243083806 568388884 772733009 923549971 579279538 78166090 278112905 123005695 150186995 630658600 119936807 425231254 936663756 560272529 736767506 9371585 761264465 297528029 999327422 809137469 936340676 995023139 718820798 702098694 579931503 27764219 724109789 102871981 355337836 608485233 228502960 995185501 942627355
74529388 984339020 185549246 468858358 173987680 990794257 683201904 553755863 62104775 573732870 111733258 480896298 109755301 639867518 129025629 819251055 49180478 310830900 387995751 107337609 970958472 977725342 683479766 895025629 32013334 271551520 23131567 985926649 522945483 232566324 207694776 186712941 896026028 170110356 394610672 187363144 64325340 808538704 789406127 327019375 481637289
10 81 47407
789859554 951785768 656262970 955090949 324187356 725616486 155809409 845586776 310773551 435132889
936842506 937489409 912720570 650332340 990882004 236580443 184573584 255165959 169012040 295651847 936342849 326534826 340469552 178019234 207693433 992864078 771164357 307190656 939330071 917750635 156164977 469761300 636862579 869445604 157327341 293611218 941974823 746745077 516466060 277382263 723697078 23742602 38384395 154545402 618155146 276316942 301334472 123178120 53395430 13838920 371437656 852290222 881063881 402279971 293204500 925883644 275436166 844472823 937967543 360619251 166203543 363291003 333838732 114034870 447545902 881742528 905333488 446653583 489078739 914345433 231531546 994298895 510793200 850057589 782065451 529186655 381754434 442821659 60344364 362846619 268198006 839475600 781400426 434582129 770332545 988584190 127885844 165621533 883955391 744341399 523772586
34 63 126648
764884853 394139281 195287529 388848358 516469329 210460381 546620194 507947339 299680692 776882405 398932765 915743879 169824273 970635414 313961958 526623246 333477610 764346135 341959726 787339625 582092680 312248545 599901489 957516162 749148183 124935926 857907549 57245771 531952320 250103635 634605562 569765046 534039059 450288662
739520501 939990026 838595255 377296427 166895997 67547339 293932010 762215645 355672940 907077184 589270105 453884099 408867503 897712565 229305405 521501211 156352147 191359038 244459383 135135451 233483350 71132499 720769754 681388460 30035043 847419726 980835933 147244989 46346523 509685345 317802822 894050781 479412052 458078201 968800319 272714471 668273191 50656103 390863093 54571298 120982704 937684042 235571779 433377975 155960823 296441156 81012432 276450765 241669488 725636187 151716952 701924937 780273499 775201960 549805211 32632049 260330022 122552407 483106786 890483269 611392547 987726024 793041394
16 93 66334
582154946 796842246 800434936 527011618 179280334 1823700 803678771 429130673 857685370 452192903 343264912 542168653 786718027 124842217 984202270 308877230
409344811 168073361 478135393 899218034 927230433 124758517 798157244 976616201 879907764 400532476 914551065 52197089 207753441 608904454 504092464 536628668 979896549 335757485 704050695 906482942 221310344 239745805 141872577 800812778 778881331 868907447 75931760 120709999 339802428 732105002 553478141 139231917 565019793 61197911 65959064 70460094 426726273 313441779 758872250 165460953 118359281 399995669 614800757 658375760 644747704 586334469 579886628 578215249 987998048 232781763 907849815 884923477 912361038 585748899 257018610 537263898 479478529 94843590 437080651 266115047 97740093 313147335 68737553 791390022 319389494 80238579 488766260 74621019 931627286 999039932 496169799 983918952 938079870 251888042 328731746 354224071 489091654 512370741 640058030 424007656 903073797 939591806 701572269 404684981 257030996 245690724 86424127 503581529 864831610 122633771 681952899 878892397 389917299
84 79 85046
756027961 454686610 197479980 848627601 635011411 206314194 357565679 294014033 249068426 260376743 639833645 265739702 35942454 646569214 747168278 211775527 162465691 174038427 586585695 109422697 898413605 44535512 782195366 457925412 746441697 110587037 830093875 723626578 17089380 767986948 368981127 324855427 100026703 174578333 524544101 480884943 976271995 804254143 851309527 338965829 928686627 500558884 798183636 357023990 935662265 56493928 594349836 410505212 224707119 467601348 732121717 513968675 419192146 561523503 830959371 538947318 22878943 528676975 139583806 565504805 199801574 496811882 518676081 723123735 207594759 999398683 603504958 946672321 87530268 406341344 727127241 850940856 350081560 695107256 634750446 269110248 673728670 375428733 36377874 15034193 395206336 74804261 473739874 565815327
721278713 345536636 515308423 45707340 233009656 820367025 1037183 876573945 297569271 81544237 232241267 327786486 817826569 280711461 901921503 459764416 337127046 881591960 589590124 598427749 28973598 76855453 969451722 793720768 814651167 751742684 639443635 85981368 663829749 885277287 994394358 54713027 441740830 187678273 955169943 736708820 179339270 4250193 662512299 21148653 68777294 775835952 524170271 177484754 472591364 115035963 481958362 757453778 760368548 765683423 323797943 773749030 388585203 481509164 853005931 601051589 425059667 284423402 529751572 346413082 972585570 955579696 886408062 389123029 633423961 456260155 309918847 162735107 902525933 993283706 123627229 764629515 442662152 320928038 85391028 212407433 261839120 948962117 555321924
82 76 356646
678556297 735311156 83986563 725505426 714861332 289849279 10173678 500242635 827324990 627226872 930544018 834589579 421060074 18327023 1075067 137416545 130901331 585078504 305902469 27231533 980478055 311662066 18582554 196436761 319342630 520847098 240095727 337682181 326987053 676108044 589410264 59125614 469464327 683778823 965814155 440965033 967140978 394312642 537976928 703840710 534441787 758292565 184412706 593946123 682093359 760929691 302971254 385953919 19748440 534721151 546293785 268612979 883286086 785823668 723363724 982371327 109028502 832275014 578193504 344217470 367552624 973927161 865956382 819587596 998515565 342473749 993390501 113773672 569479055 653724814 911800596 312728146 249187559 399168749 73704586 174773975 895657918 947391218 490779640 460302539 579005548 66603481
346853673 825407361 559566176 13591944 640184470 253201157 445349784 458209174 203124588 640735269 628147078 55309848 776443812 943280889 347179423 9441143 571251213 924041085 709763190 890017611 120602900 577556700 455757581 945643637 461570159 813112527 98375119 382446842 967630927 240508709 687953673 896257405 798071194 777276696 445997053 299188835 932438451 30442120 792671344 837959372 581912780 405130371 149070090 144590496 13906521 670360070 544431272 318753671 246986403 740147807 306869317 912511626 806245145 936296508 451423279 974934291 458496288 189315682 379564737 516371931 755012595 159182514 528641519 566545262 50461489 655732599 173153067 179936050 799587431 600876508 472427865 496512815 209008464 380087294 433246236 863500794
8 1 908606
703757960 993007953 292238489 802981527 869795390 778534623 851544318 911059901
572027846
70 72 653130
855125431 635377170 884509441 401359617 857041737 236154189 224898745 249826244 351154788 907649331 50098134 822593232 343174186 765077040 6255351 443853114 47407917 351293656 609113937 337257317 405096603 579992855 316285491 867593398 885203219 803348049 705662396 374636221 647471667 795989469 843364545 664950356 156333919 71489559 456378952 632779943 594452901 133465730 308867896 101102622 53496094 374221034 298525091 416874011 539455164 828636847 992316722 718203517 184229972 5166092 288284906 191077600 140447729 158369048 140486226 661067822 397074920 878548249 370098196 926775162 279284365 170003352 312630547 81858393 44818422 982666605 457592804 112417573 709334676 782901483
759274765 880532329 131218852 749133573 715860869 814083535 635625592 512286782 699845540 577468282 64900431 205002851 231625163 559191234 282234934 135553447 255689142 113928376 373470342 662050539 706376599 270988173 678979296 965723122 138969227 584576018 348589159 351793926 81471713 277934144 390945073 919523129 573036666 661514450 712394705 719607216 919709729 107450008 97003980 807208802 554884774 777950413 909190417 228387013 306179788 942961760 828800720 106777605 215914396 30366934 662943881 245683507 880883398 625651874 476708554 886552073 579834549 570184520 114039824 802555085 102731892 90913136 218884400 982516301 869902839 481275658 950021272 180760762 522911697 37456392 56996880 206896621
2 24 581157
529456578 409244285
125846697 647886352 314073271 781909481 230002832 87527842 995976306 349828496 947820641 705981066 159028140 574058471 573531138 820864618 269575922 678473508 587877273 206347522 11383360 748166777 969063501 880644150 821041005 570537282
24 68 216116
146463179 944229054 640727874 375734756 132630549 829599579 763314479 756045621 40355265 869827381 247466496 584119438 105133792 468803089 559439198 994976316 449527582 254213728 842448 392440189 58601527 562104412 979230265 424392327
617051000 937197569 562503477 441780864 652811070 47843049 409283499 303524508 42839691 663112032 675415218 599695075 450484892 235222995 221708951 382138147 750860631 535560522 814168300 868955224 536435461 332748260 461971062 146752925 272875451 237698736 231598767 268949954 393185563 941017038 169648747 194397813 185273288 217642612 658996 179156583 575937522 556106559 33345477 789456504 288360008 13351361 554267601 99434948 455137859 937046569 10974114 386284382 549977601 347271167 543124668 77136430 735675615 899667205 53270005 557369214 257745989 361617008 986154307 482116258 271965543 153718083 792625594 628146367 558977320 521456298 878611947 683890720
72 16 745481
833340639 140373845 367599605 192098257 175144174 470832145 493048078 109603356 326698013 571295679 345190440 734611058 573677255 976994327 448686356 289564982 215566386 183097386 474897096 736495826 455811836 29515138 211644388 733287825 775475493 257816880 889734399 578702589 705070896 35612840 161504555 591362588 257477345 170505198 924429911 733481052 240972511 448296372 62531390 194454938 294085261 265084631 108536313 994481906 664001491 883046719 6606039 955820418 262711878 687868494 498451116 152096260 919664571 101076828 733116386 475923413 982310505 206875399 486151903 540765360 128554105 437119494 762406424 911354762 611498103 338759114 802438254 640600408 619716265 949313963 848467723 859786946
552626485 262550612 83019761 1811788 109818311 211300158 586459914 616732590 261494473 977509751 601387765 74122039 829651457 189989142 911950642 643978190
42 77 190581
482517971 630897369 642610262 240038255 400144040 205189762 754516079 786886878 845350000 305839059 912893619 885999338 943502710 987486516 137880034 662362766 838218150 764840595 263406445 309548021 714067258 393364964 911859426 711094538 839734698 489646527 694373817 982730962 354963783 102147880 881169807 375748447 497386050 208623946 151414492 178775474 393160162 312131037 885824757 304793375 584256269 312344777
979995916 490774892 191130819 125136014 190173970 35327993 848601466 676327888 476842631 925325240 65649183 550772451 274091705 386900109 237178056 910354227 323296524 244591410 10594647 261249176 336565884 551549273 429464531 253225427 300510880 620145408 476765258 968975990 137069934 536346250 809107975 976455728 213501081 542345488 252213790 260603724 518906123 392473777 717221127 317972052 739251990 459944574 985616711 95995135 491705980 75024174 568492021 145263192 527957139 301958920 15680446 205852807 786266026 290515029 952288931 576198210 798264485 719187588 11558596 28481828 382176401 389028945 928631617 82845955 138316550 987411388 392363824 46632169 52434326 384024013 231853206 95283139 534358139 580072885 694853430 717454426 899094350
82 37 632533
790838824 872823871 487744706 682068559 788181211 149407347 533661795 78379839 748007916 57612811 358532178 586262966 726159831 669462555 881110731 160070603 695614808 29881766 548744029 573449480 195643111 849640759 415540532 695681436 11805810 696754675 661595759 745666183 176765912 555573639 287489415 296629264 28354410 659521803 53949783 467891715 512604971 154722355 826837191 794422350 273132152 684498852 89745803 183543144 134497171 235748969 51106054 306963064 313466189 406061709 469477119 701627421 795440381 813754071 39770071 119277419 749113414 300367818 787518042 573185124 881661153 293718267 903119937 185215564 496732168 211871394 645348220 837434337 398132196 928965943 636919107 590770024 130595316 106728831 671276649 58821161 39396553 802657429 131215625 889193464 67115423 50584737
606560978 586676217 615282488 415093553 637864370 847469217 10887183 35872394 82446367 751333868 433373503 188065291 855582000 465504315 189959246 858044117 817479599 828263854 789710045 541163804 285332682 720559912 535556676 387688829 954042956 315369937 296369471 113979041 126012010 4028877 905459878 939628909 272051908 46065291 734711347 275959631 835048829
42 6 276332
811776387 481889459 301714743 31380605 442672755 153373131 990762054 769914776 851720236 235026432 474972315 359181773 137868790 8430228 310561350 563444800 645549034 267249481 705443000 83219290 691182301 803265766 984396805 894089775 363780658 423309120 663638114 436887262 743438208 383473604 299357486 816469356 993153287 219358010 781554726 350457556 29926025 276075140 885299397 300437039 588348979 605325474
30903405 369439997 943319379 85348418 794994934 633678659
76 56 597148
454870712 737256415 299713347 631128014 948780140 612266924 168030747 818734624 787166505 2227054 723723061 664320938 408586312 746619898 808099521 98246276 102716385 336214595 128680717 610420663 403428667 332553744 894884923 950452070 185163674 394145115 456886366 525738486 182072602 20797078 601240023 221632484 622903763 284347109 713474727 579982335 431809551 807862387 634404632 71809348 313905509 919466395 289695165 908015012 183945102 428462903 599954016 465480549 806812608 551088469 976768172 492581104 345891930 62080375 849668897 321243029 598080299 729745829 26991076 377494112 877131736 751452338 820766162 219184125 4261089 300504255 767765238 790520880 139702725 618765319 254965088 683816215 497093303 763753379 119878282 336911231
613699908 545294285 599814949 877475684 101582629 474466331 737504508 239200637 783936040 16207785 20628300 209315304 11175945 539958027 207271947 757345500 926116481 837432611 197060593 657516822 130497166 268397763 83423550 10934268 14753572 904637089 442623045 246568020 875906972 290016042 504959715 269096861 832084264 650521333 736078480 593120433 748432040 460003076 126694488 393377491 83546313 166465272 122464548 732950114 339879591 392626095 615149092 914532427 844303232 298050498 423802015 190181462 212244328 83819649 135332724 223826715
18 86 699263
22826214 212794278 494512531 598446830 480850798 462332691 287137735 457696790 902214392 350548815 453037424 919442550 450031699 438394166 487126703 281319458 396616145 707310864
952565892 604797988 46683673 116444853 440715492 508713318 144825704 600141323 850753081 832402685 129936529 352412076 735302633 284200866 575683130 466340461 375426378 968030537 166776360 779460726 236391959 646544001 773114830 451226169 408427420 669399288 627629987 481119121 752341507 777297745 341358296 787873055 965786108 17510089 338187761 509237426 953998892 609433357 349362246 179124384 952526800 173815791 572454351 600052627 702462922 90358506 362792271 614315611 468815515 575755707 363637108 58123827 431394921 283404566 280884502 997944223 957489937 742537850 277382563 962419380 817232893 839863309 919395329 910596108 341787053 577360103 904519654 13935359 715911649 335030290 251151550 726348978 724330587 333171512 127916994 927939223 363360268 496408140 631032239 85527772 997193545 242304561 656290186 370098830 83092715 410587702
40 87 130500
995129460 531188327 903303652 503753667 129737961 259814913 728169880 699942786 164427730 193608385 79073877 975977550 370805960 333109924 186772676 482045824 624384394 73497560 522635273 253455207 326622818 801620788 569852930 297154094 851395582 391429736 615342207 717069276 644598395 761972574 479113281 471788726 864242000 167199785 737547262 390333025 197684059 30641110 709304739 409991322
27746078 9139725 755254801 849278396 852780862 929808219 929209076 110027097 351836963 616983023 137632205 629260003 821566119 191404548 944140824 10066674 440105255 447277535 882273641 157084058 295291773 861424040 495370329 420046612 554707064 425282352 948522564 893685435 651835202 121396981 320723075 343389798 361227478 776500300 598771182 391803624 807797623 670825236 627388460 504596096 618747494 121033115 336466629 960976709 248534294 486231046 675090722 645522893 848031478 438976650 508400403 623409503 507799307 730136379 428113662 367570877 841885834 781301487 931984774 123684797 947415449 445987288 946568560 713187383 676701316 750485142 723153438 637513305 756714011 452588917 68612282 28433205 120636943 879690460 327721340 638518042 381584863 613301062 100026668 228706443 256782308 968002261 140189757 430392915 702972298 57526841 560840819
44 46 692418
870456060 392281342 798691152 172835130 917331444 592985220 213629453 134518347 563285724 764011444 921107447 968850343 74408153 607644273 150740394 164189178 262401914 475282005 983263686 816912607 120294098 837949209 860630898 424377372 447111706 90937159 482007047 652412183 396844855 612074483 257404839 231325219 505055037 620923443 224259265 742512606 377348469 190892325 37838230 864835373 132130807 115489377 924792073 603108842
62360603 601135860 992924117 888454122 947004222 947158667 780852356 355027315 993763025 662460452 73359039 343006993 195937041 84154038 699121907 881547568 826032739 107550769 444939991 224549717 651572113 552106510 398065945 217039864 96539765 880001602 421679297 762360327 834072492 368256281 397496362 579985108 381389476 538503491 331338296 342703160 320609715 478787744 513685705 266429103 617652319 54596903 569306012 144503469 886331308 314706394
40 66 260693
969919115 951551120 939133415 780312511 948003849 806143620 159375156 772645396 600912052 685443931 183909841 162731632 487022678 201616176 410421956 614486690 372228279 311494473 930504440 18742310 603936822 973203341 248993092 360339173 870199346 972352822 840212174 207979198 467274379 957397221 248854116 419184951 760648367 382504069 847222453 567709156 339850197 681273206 32747422 521381410
8076768 932582468 20159593 26705513 140597839 649809102 739525298 49052692 81926684 190362346 873319623 684640102 272391385 571619270 191529549 721859994 197842760 49381429 803848716 533773772 986362971 141432230 830959822 649548302 849746811 193251683 329360467 38033909 974431161 659211721 143887736 597378037 959920703 752547377 198403066 952520570 509301587 416268558 328723605 205981870 841976857 139218802 397351807 865263671 547223336 987760741 196449630 41129365 417755572 681290519 39413285 789366465 609086906 375152381 976523773 221107049 827555841 207785512 94355863 359584035 923409825 675025460 587502240 761749738 959945186 28879061
14 86 442428
497474750 85051226 60441580 974177423 504221093 794893384 829051275 101855746 904741787 160902518 276230484 121759675 494956485 627759099
259436228 331120941 145451387 348505192 34091881 698329309 879230450 820830832 720914881 578782820 558200683 691706174 547690082 826323949 658743936 702887821 953611527 333488191 502148584 484851436 976639913 356584551 758139771 799900791 538280801 845082561 412872564 680629190 366600066 766443013 241799662 241975700 406739350 165926553 651037224 990114843 931764506 41119029 648945612 115069225 17083731 309284183 521419924 298483703 563382602 871284736 889030519 827950135 111596509 646358165 373743512 678869794 789742060 308360172 178626012 611403162 985113200 577960737 136202589 245977052 670148076 462743311 381421029 650655212 995055375 269505236 833771840 736378462 115331804 202002108 292976427 413481750 341050665 854183907 941037665 426802471 371794398 647004909 679959890 332912114 519735104 265336480 27196162 347822032 268828745 600579656
90 93 910164
96164833 249943224 463118522 798212749 59857982 639401905 650188252 293007614 545032534 608557336 817628908 857296342 869645582 798412934 274281609 278901499 421840771 517978511 844283081 837855488 78196249 955020046 664055303 47648145 521534626 616133807 580002649 595672130 628028659 463880582 181325547 816893130 13998853 967006753 191278359 633768701 939950694 923667607 509565452 224044099 22358807 847103773 72660636 556397323 425433694 995013929 489645821 216276925 978149835 572124197 837144173 908768103 587136565 74416747 615484630 758607956 577583900 331759442 319573817 610517925 525938452 529420718 56809239 580321520 47655625 422359882 303480361 855953891 936584586 751487888 689254670 176591136 883913609 245628563 603910992 244701160 955206950 758162920 591917691 433523055 627600167 124996772 604596609 39485311 212884190 237090998 381951005 710642991 755226257 487536964
544926879 842040607 22929106 713628511 659332459 206363393 469901505 493101068 537054372 167468093 812172434 740506702 349261701 29320585 618088720 522404419 320444119 249173629 52580741 784425444 308369286 760968316 922983067 531418874 676292623 314894862 919895744 680995134 485548467 637104545 156040394 405339588 83560631 392005381 455310513 437321027 266908841 113495150 579795538 96824108 640835306 919653449 297539699 96406654 541257235 979040053 660593177 185888423 772311059 320935241 636361942 770883701 520926120 696019805 757208951 237297796 465343335 528688393 765751940 373535617 603927672 765641211 413989698 62650790 238838668 231458038 416728149 422417405 60785392 820460305 481733841 7643195 952010181 736529878 306674141 464846754 716519380 568929689 813608044 852560770 118441741 663631794 32173730 769913026 532206170 902110245 316829588 472635997 553901429 639115195 6023459 567790315 106875213
68 53 337503
346472735 549837263 14502838 753287977 483835140 194246150 523531889 627016011 395140755 549521090 329113648 805611289 111260242 730815942 902161614 949411372 74392330 601535280 60267758 695143636 737490549 991262779 293640588 872196556 567324129 412012636 523372512 510548400 762309064 863775626 388409357 449041448 950634285 948839903 570231049 131880745 22922662 584378829 763571754 457928555 601945307 31158958 105463779 336724365 417741359 834198791 228491854 160916694 159318328 743042626 508335069 553756961 19776866 300996398 599167666 58235899 600563532 903009387 776057152 638124800 226410692 864489710 690075395 44939717 656152275 736984544 900960842 714957438
910118934 24612025 855878833 698583457 953661861 962944566 220351687 649257753 552732002 136900571 399235832 448170604 199404830 312165597 319996256 701807152 977958423 423277070 251876217 884309250 292601150 250486093 326820847 906869464 464039023 273567495 941468112 964726844 874085680 227296394 455245207 344131447 600086448 20434630 484809936 8003972 985590241 344956817 192049569 961027738 701168298 293500670 277543045 800774573 735772338 696092033 513237556 207869349 91304279 26847372 142087611 906659041 887370743
76 99 231637
509464518 420604885 261905669 172692051 466911342 998373177 167030896 973066959 78257554 989356672 495889819 244154767 643497360 181488083 662094508 240517781 907288863 112935675 366330429 708811588 350998028 11696687 394551508 80916392 167996037 903580631 459567744 482476509 227431999 284643959 627307532 542996358 921418429 775697183 437855624 991095093 70376525 205210293 81493891 123010910 570846374 617727100 678383720 62498222 68680948 41803129 91206373 179686854 883910492 775483189 828506569 754730227 354505142 331764137 148763002 729142343 51961407 244500381 129153588 765821184 359845708 507608519 288220305 642569963 396457071 627612465 980677825 673055545 441485742 499267367 69786272 673977950 476899243 228149046 993987671 893625706
961849434 593786589 992181288 193590747 45541858 653946929 598883222 883150124 756476685 219322301 903415038 97863879 403137917 435398292 124200153 770642409 726482092 549289612 416330006 450231493 610611614 326441087 444250802 869677673 896055091 582920395 790035305 138853542 753522250 667042862 913992133 695325394 916524878 473521794 991716842 386855308 528201894 402222191 620519876 98029299 191980947 201393047 559930185 1448302 960126869 443400134 731995852 788812382 235314019 523529243 702833944 443617053 464919627 758753995 778230392 837885907 443323512 495974388 837041032 141669510 623600589 91650148 28151735 282267980 497862583 194291621 908221110 191211557 348025896 572351558 571281224 858796515 98892337 189585114 243184932 366878718 713581848 736750452 952734433 468372840 877736405 180354471 959356012 324401042 449400965 865496424 105660472 67174077 826475253 526077985 461440350 721049753 218614672 452538240 647784008 691216442 154204482 464728833 407524506
34 14 158550
646661445 538643137 351167536 885450388 469653877 680662925 18801452 288248009 631411142 267305541 588435705 891724476 248122273 370337326 463493104 167698306 422140716 168460393 780264607 49542063 388444543 76969883 190071508 158513790 546693211 169485331 455041717 375025923 557132392 97915971 21700730 960593110 796144171 732938674
316466725 233315016 162122826 356903892 986376814 667237896 158620395 485206486 503755854 97185820 119522074 394137127 610453400 952947048
76 34 225695
451715339 643101021 856146997 121531618 283711738 321490275 794260461 916545117 841187708 6591577 259134737 805109934 783812032 789695515 624373934 360975242 73841327 320181621 424927805 185549171 399813677 351501410 495884157 530542142 848531999 267236042 769014959 101402949 831863863 218663404 336909059 801666067 130209179 465738357 31744051 448446038 675207516 96119856 17471139 896192156 819919554 704389462 900708445 318345045 690074532 417934550 324704032 821261479 159203114 481197368 944656702 814839247 534314894 451476050 728959160 55310442 717541517 843906695 332734549 769094984 555678367 44580749 93983183 596190134 889612193 497916659 910098644 119883585 275005182 85529510 589806475 552106617 151623499 32051514 742492612 285868285
162474747 580522000 209202943 415502170 548171043 676000845 992370300 645397442 41557166 701384768 928638324 282190330 196363497 283643919 401930725 870913477 359446805 743331347 107624593 758627516 152248621 190015816 166646870 4623912 867277184 803140226 243216465 89707638 230570084 640827724 924568119 860580634 854534627 688401720
44 46 973379
467649486 794040078 656530622 30608514 638742164 575372942 343827454 649292180 114379868 773529066 577771220 121161858 315627164 328854565 612491015 313082491 199263347 538579034 934702014 639347123 138712127 615900318 358291206 66533923 21061169 812473450 710273559 60167165 700771983 457108029 320259240 404086128 784207809 543158494 418755230 787209219 694402260 400318880 403327992 505222159 126875741 853207184 230541282 453943451
133683059 917980476 430232444 842175184 304960197 349223700 579161849 911600469 757844744 977596777 43602645 989964325 999073037 978379678 354434376 337935227 395547108 510520418 647673900 478904492 505611065 591111866 626226920 455451708 149349427 30630812 749085305 610758229 791213509 920467938 570075926 273119107 485710015 592635284 417399853 388918055 730134944 366586755 849032628 672887548 465725170 414889023 484243535 294575298 669546182 922981605
94 90 871238
580768561 98732915 627958087 585837219 15596856 659729974 838002155 196690279 608399798 442393409 851705504 747487051 197194869 999940428 631817834 880135089 578532501 615574434 696303956 520866147 182359994 52973108 720141313 883052849 238871489 213245324 354706672 1120521 246892086 815333339 620501382 963263729 177251969 503106099 325503911 143669800 956830071 350992682 764463737 810857393 350610969 106486841 413943073 357165769 854899034 327893398 384596096 697314451 982717925 893862210 534768559 327357078 777402001 740458772 517002101 698664661 235118891 479344396 911664136 920870709 163547341 286771012 371917896 550604256 373687757 735421238 206147724 827963061 97316888 337696469 707494867 809428660 375607788 751512808 766147223 863158072 303798998 892155331 98550306 855322734 345846055 571199184 932327424 620822283 31220539 49793910 490626455 511455432 683229934 214613801 313675662 450963798 758214262 837763327
394749777 9180328 937819911 887196693 535077988 948631523 644490714 279843545 533377191 851447030 138843931 802297236 980719684 872689281 308545431 316638313 503624539 947115942 194595925 534312546 684157501 477749895 390753285 856858706 315669257 129314481 920793927 568503657 839791230 355206204 180298255 199717352 196694287 529096809 475197979 134315161 670419529 16235038 972039992 212432663 299897509 237833126 841178009 740750156 994822320 654472853 396997784 687228738 371531691 358555962 196268325 468285136 699049975 701237689 871504818 267096410 767513896 45530547 213815614 133317617 898582029 204372646 199455465 215399155 415765966 659210645 35790642 647582486 366137694 335067469 337603756 311937907 477901187 90897954 754335366 482247278 783987646 601812265 837512436 294446066 587023634 54569375 453191804 222988461 923612762 257084227 53281777 198746195 909602827 662450071
12 5 677347
20402447 341409764 355203485 890301299 531306515 539465740 855314092 658354842 831823646 70865492 256213470 468845681
762205192 444209026 250089018 219656238 329929803
8 6 372011
451371916 185563299 145004257 542275795 108275792 468428917 918399573 666434114
296604088 947327464 73414809 839706035 609620948 904686157
70 48 910246
464400773 660237011 368616089 412556368 105138829 125553007 682068812 877485492 819987149 224903549 17787765 216886656 741116323 38966325 445613479 341098262 649724818 567440922 916258620 225859780 281643094 282346395 625360383 772394613 798390836 75708290 34897093 68780766 269599472 20697699 121378510 939579164 105237730 240492332 101598067 474068307 593685153 199582648 969787778 62308422 366874354 913404164 711719325 145410934 307044044 205176668 763580795 476152327 742002633 232384573 456112143 8424989 943029235 304211240 412521826 430255197 264712726 381790720 163094683 973003251 522471823 512677939 680797709 456754822 240786137 879659318 434869466 831990325 700196159 973038556
270158572 475368699 859173576 844562498 386019943 64696004 869733099 723996789 807698320 771921730 670454107 235675587 846778474 617105726 781159224 233763684 233690237 766249383 15852893 796741714 255333815 830038779 869200509 399705375 180117021 245038706 334550505 275327266 842941754 366529819 733159480 341223975 535810149 632103420 303408248 624346769 448929097 39628391 527888606 160064554 731577270 809434786 432273808 460347569 465578678 390879358 9195487 556798076
80 13 304447
757326725 479296054 123924883 263717292 846009465 827058301 878360129 62790026 708436397 335414775 798489414 808350154 160073761 704531078 511399955 448951714 263131037 89088119 369198403 835102625 971383792 311994852 67754100 713275397 11445374 179822890 335452960 803721191 457692982 74272737 277752093 15011266 196841430 558634719 689011541 215044159 183273635 814526872 788183284 446309636 227863019 700463227 745756179 803042441 498249170 236724265 852285105 893335043 643003065 70439473 558166063 663998799 845068133 889010169 323674426 206662082 1219783 231688893 506223536 574160787 870695341 135748016 671718710 662229480 216387818 486842232 431384180 220378583 41296584 792413975 654648398 81153354 629940765 233983905 924317399 564448390 496869339 46552439 770794040 554138489
364779486 534587887 343866897 12338663 164242187 304272667 305341556 457376919 179132190 885434133 611626708 988466203 52817446
68 72 527419
809100718 288117873 482625231 906455604 452828117 338226067 706546755 965512935 283195947 545623659 816533818 506771960 786354126 364137789 793904427 831235049 489447784 595542137 724455031 240893832 668176369 919678459 748136166 76247286 827128219 583393030 298890081 253990057 372643523 84980754 997254892 714139797 806615329 765443623 740517760 254129958 809020344 996875565 379996527 22870949 184319808 471939906 197042114 290812193 114918415 443494737 315163033 274286933 535484625 772803025 503819051 659614219 255307017 438245183 116203275 406131002 838388368 534519419 751514038 535408733 768440962 797962176 590491966 383314097 274583274 823204687 528797337 468172360
781195745 45814450 238827436 234115862 592944329 188588836 14920363 633289807 215122010 273014572 614191874 569197878 165938559 372374353 244832365 839462144 794467305 830318908 64557836 20188008 817043630 81368255 588694808 470503560 488283534 391762505 500642125 451446761 680496548 520978732 333544665 527650097 936637273 738049036 124758563 129218287 859165544 353544827 55503886 822473624 457301580 23985585 777007308 1338004 967577411 671607898 161857037 844821112 83794675 305452122 133632953 127925809 249436673 525458939 979856182 400919173 573600609 994782576 148984676 15540175 606372103 342232559 433912169 488960630 744799011 539482572 551494295 994728220 534595763 17194798 535585544 950377947
32 60 745549
930987013 682712677 164283001 911262567 100224877 706151107 342509561 41879815 387397154 154554196 860360147 225092258 992571762 94335287 425833474 694338976 427441877 116166809 391071921 80390292 564686964 407841999 111476220 86979343 856887821 334505333 962791634 853025244 740074084 910856440 626202769 455166179
810309139 911084537 909042010 274432568 339076091 461934927 763951977 498143018 98931420 246780411 951720672 557048472 498013326 847444045 291979633 924440795 449176170 840487076 310921061 553873739 231517991 301622858 222570284 24416346 785619918 730569721 775645984 693080821 397546932 100572170 565043395 125478763 128277566 139066413 897922159 571502333 423749211 791169538 152611047 595219530 896100731 101678109 261533156 972843800 345316391 818242791 337446549 572616479 888123367 795907192 634135584 156393124 290889538 559216269 733751419 717790289 851988391 125465027 268386810 513131771
12 33 46961
972517841 90426258 243562367 959916836 746801151 462531988 607935939 128152146 389090806 401616241 596172132 462264182
219591639 712662738 761732636 624109069 560020020 694725613 275299859 909086303 166698848 70544965 896143625 597537369 408274340 549464678 207660461 931967595 846408184 572786048 208523747 681188928 720009324 913999427 452725234 802368199 477616149 478456624 384202540 718019552 212162049 413600552 720064011 452634038 513751385
74 74 715381
233146380 887948677 644405897 822296509 903989414 757446305 151805918 400061556 5187990 226448108 494231483 27668712 252489076 374852447 781553790 134958471 843170372 66915461 62845545 540728919 371548672 876579445 728461499 412237925 445964159 380227409 402461509 340436295 710542285 841106912 83684559 807433248 349467736 912481780 497178268 965571603 53478647 165622101 628952411 596374602 337685138 683786683 362100819 297102417 842682599 401682285 369245848 305656226 14034724 703394391 340640930 163528669 12516429 825134164 333935972 863039370 528434395 244209306 230565167 137550630 619355276 749064407 453190806 958099528 358375020 444483365 925626854 303200079 516628347 86002574 155035877 626898232 129075620 708615687
9362666 252685792 681709644 655802655 921257175 496209197 829195128 805335092 721643456 914414003 645436431 764680881 373498948 647568547 539209927 592995576 484044076 996910998 847806439 501602201 82325768 172381599 235655987 883258456 608226177 849394923 707947028 431152213 341313387 211621837 619687363 566072694 143980528 418692713 847056724 507358496 721695776 759947336 929233522 665233249 992622705 486677684 171009336 866983781 768769655 460314685 544849583 86882914 691550888 762946016 786430883 140905907 595655333 970425097 767854939 441677377 829008672 103883408 351942 624147346 510559876 524724502 456964194 991131154 233746237 24557265 131526468 921446194 891443459 583898399 506734569 603271436 405194115 438380682
44 89 96329
131753372 759231760 728222092 809540304 167739029 754595654 272417473 432673636 353318709 487199627 896693711 862285527 940455478 582225407 2481699 53544195 427214293 546598588 803099062 539795754 119493587 811218312 532071091 441669384 973686262 633381152 624306924 579080257 844682482 856096471 208766144 189228570 495110656 690202519 415310874 149076093 888896374 862300860 784596626 529172247 561948430 421664071 95896470 663943238
89481021 819806264 324871040 21968498 793497470 529679474 562919921 27213691 506466404 23233656 297996871 418041569 414711639 95683568 58758783 94650604 367825975 662073707 524793684 699504546 651958896 187694459 327482092 757266392 374555321 562336826 281044968 586385680 134842308 16154859 790838568 663153155 170905502 610904796 76080522 480704032 857303714 381048915 287850460 581273020 146394247 604321518 248734240 647234674 918792207 41150689 73393538 11028209 415701805 388218347 927806315 479066177 562296956 817874941 528708278 980672313 776812049 102474302 634724938 281764560 977964543 648081802 914453425 289744807 279793595 434000671 524138139 42134473 408483852 551126493 560169071 859347832 987696830 546875833 934512441 715865491 316044272 563403244 791115867 997762087 785589293 231940186 648963364 728659753 727134817 92328998 684107288 280047364 973976941
68 59 57118
76751240 813074047 684242535 605345885 597733401 712945829 234931093 68959684 203332568 160675847 194616050 295637838 236984738 873405326 193928157 370597594 20286198 549365671 512585897 810969888 177777424 305569704 281302228 447347504 233209432 828779110 581228205 607911028 549459191 394166186 353593099 903916817 780033962 77504105 555430146 755477128 107289162 822723059 735637931 160486654 352914499 380814984 894991667 207562218 253029546 699472122 762410202 323043929 562633539 568404679 651647079 962084078 850839717 503844331 19599066 922694401 106010083 292881332 305046944 18181266 895740839 212984576 388903661 830128080 175304297 112944160 419122711 766054420
358894262 852948368 17967565 162597898 841728972 626348158 508657748 516963311 116195863 976206336 12835507 973406618 784156225 910784522 682993855 986085262 783765121 130590071 23376693 335531975 356347543 618683296 697952441 976709534 15474765 860212121 301035128 728128959 445009191 337344900 983018855 613738979 274857873 886964029 545701445 915505135 996211995 728494309 687868866 798829216 207305567 10743489 101023803 243405972 591344620 506377174 900494113 450293 476002325 193400542 322612643 110753117 574485919 866693415 39544526 633143603 428240206 703159505 106072925
86 46 144200
979360723 250922392 410657159 965887008 385934766 36557153 638578141 605126155 22107717 578806993 770309096 458762690 636958976 37607636 705477856 38860842 541570083 719344526 590401695 124268519 460325732 39934308 549851803 762464221 2079917 50560281 704144054 163925730 184342440 637580402 256821002 644986595 550686642 272661409 350969797 444685160 625120725 492201524 612934681 154285403 24055699 718039301 763345358 369880782 700631414 703595287 579488952 731742187 413819621 201866181 59850234 52585443 641557993 170637367 560411389 167870226 574273944 529218612 845221373 638554680 383733464 719993029 177716973 261481889 923541880 800892115 553247148 500362345 887348191 831813452 195445413 987601438 139158796 415496137 340763121 532854817 324400800 252226737 561276738 850466820 242149315 991295327 752871145 667463069 240915441 24678454
918423315 465844207 118279337 367821785 331539892 444800403 713019901 459091207 318393697 753161985 753599214 620665398 348176570 264179783 208188669 315744382 309071631 506950424 658733235 302441811 404553511 943173224 289345630 651357031 627794572 736869991 979844109 616071076 646345074 213535382 21713672 514669717 345138453 579058891 592577270 977514026 138781614 145874087 516973028 223236923 419908636 147928199 132758166 165947546 443770797 919039442
68 63 873017
844335404 960650407 574423780 117653621 37154188 228032662 410951754 242437540 101980721 226406409 425769859 123815670 526783991 30187404 668846074 671068572 474920477 466771449 599450713 750911040 649397086 233017566 512526651 461421704 57015117 716474368 712470499 396845117 649321280 991729181 751243565 169549832 819426684 639258043 102130352 570320067 256422309 707440545 710186307 881447656 475069076 895589788 663005893 973905929 555015579 931096257 569120960 894399799 719481818 170004429 601631789 147674680 626668014 420660063 81731954 412500305 557026291 443749946 21257745 435124152 806467913 95659970 805160957 994071393 595049512 500031067 192240817 662906290
415784175 193865854 702659066 618810313 895650868 134507840 181251917 342816840 848121614 453965811 859319074 607312294 494744715 801186750 429558386 964819231 134720136 139533550 633081522 882871355 263943083 95592424 633148800 751175008 225815264 379615552 558038511 705982432 419701918 209746099 257035554 220692468 88413401 15450400 180290880 752819657 110680457 104245510 715761609 698362157 569103747 981182827 501010059 680296575 298790137 355408402 365019839 337312840 983691091 16184415 56742805 634163400 127967343 923111100 223015273 954686796 893013023 330318995 734080127 664037792 239363186 315911648 12929558
46 16 556790
524146659 278893931 265967366 262499617 358828522 317190469 853201182 498373847 675800284 877638380 36252551 951708257 432775781 868063175 145860721 67715234 131567556 405935233 842619132 166658312 922976062 389200956 976745251 41015903 710996357 872154784 803755299 616870687 965507936 878029180 895734317 282077315 842196139 970407145 942425100 107776672 451289319 789577224 379723166 77580011 206111196 381764204 253187032 388353824 393958406 497798660
373673094 637133714 196442517 833309481 891655740 463616972 356130569 820643111 205293048 540576319 296507865 490594639 813561963 202567249 399947538 368878736
92 17 568338
75464603 449547428 640487133 217867980 832070508 623693336 693091802 912983573 648388187 905760589 426727030 999587783 65242940 696137934 937804262 281518102 505317615 875867833 147506699 687707978 421981685 884015245 858862608 304839430 105656582 583544443 872133688 969357336 696340203 423790840 81029521 875589229 927130221 162579233 405750381 483322921 930049978 816045580 95125393 661240799 524485901 524487819 477759143 194948688 474468188 3022095 25816360 599162605 783561080 833270905 169759238 157055779 123442458 521989509 217403078 598092403 230483217 392271539 665892830 552211112 330569304 250068422 990216403 463394622 877919666 326685385 955524999 298516523 348278985 27094127 457358191 842104662 519919379 935898324 208355314 298063227 608681350 70880564 348647034 401424101 274562569 627735761 813454945 322144001 340690876 970701476 114618181 666265312 829787780 865623681 622831291 646732963
729294724 772727010 957626925 102491579 400436286 880785441 573636965 583631296 613888611 868092767 332648975 531827637 309122982 50326532 534383800 103303558 984180094
88 10 798863
389595769 613418677 903724386 386937641 637151180 371342251 793587311 837518785 532409757 904815135 841147769 946160466 779041054 750613456 218940849 740126749 284113976 997491006 329932805 641389090 67553990 207045878 457664144 727584429 732869917 145584591 943050332 850109563 986544458 648409482 796164409 813318541 511708039 456440343 855453785 559063232 917395412 838840702 906740953 894291531 270958609 917907264 106270605 469524572 271967089 600912785 699759872 397342157 551475855 503548288 896507344 140278194 558147784 778898300 877972049 793265930 85451974 348854949 974378271 133780640 788077951 874585705 353187452 370513128 37384304 533424110 562142250 7368648 219668186 304623562 898242217 859690593 898937539 29887345 153567574 117781539 445319324 791652906 108400265 424765510 171882518 210564737 436446619 362911930 141926865 410618672 716354350 459504317
958740620 774846725 256636094 858752822 70117404 798195243 614020555 169773142 941168289 499796378
74 49 894965
928245088 66914799 492884009 610575013 601017020 104208822 239697069 105728077 797584102 64152531 873283273 283140281 787577424 398204203 893782435 153028763 825228526 41628533 769228213 183894680 298458479 840778231 540229827 850702590 310189797 123916806 54036581 186736125 792875931 929214375 916648059 940482339 677295796 666198339 969476520 278730996 13560025 17440721 106703639 291021671 544472433 461868833 34188166 423875713 932236473 389243131 219825094 118163325 449327021 411497968 31504473 290289175 831659219 158893211 808683699 723329432 981068610 881582416 239507707 978412458 618370196 241003660 118980815 627829882 696127294 310216648 497910529 980142363 165104642 559376958 288220935 859030692 854907963 821349206
684099728 460100440 888316719 554417274 889799795 629785305 731897483 881828282 619546208 214786084 52254183 684971880 616636374 996818804 30049248 870800716 731760 579179166 876148034 552408136 707509690 763210859 719865881 327137511 862215606 257807420 256054978 104731151 381343521 931684549 854811885 890742467 725133686 59705519 608701185 261840499 889883362 694184831 183467344 348852901 313645760 142066257 859268387 84477660 467417615 198476259 653549163 836674985 140224868
92 51 838341
628050081 529938949 844723041 775985502 614695014 570311533 309958817 876638315 615833570 391123110 949322717 786609441 310308825 500701366 887805784 837216160 236353383 666764580 590860129 964426326 365058759 899500818 623744907 548043546 928194993 942809319 440766512 46446228 96477453 37005983 743150852 465957526 666324455 703141382 687148621 212315645 342180683 622471874 899011523 606501295 983633596 36018166 739849013 596073279 323415390 341403741 185392768 431475795 643416549 75936921 591086433 83210313 648615255 155914149 205272471 703959808 36502684 600340178 401725943 309417630 593890420 731510465 431037402 401460964 366164209 171759840 932833544 267055783 103445352 392248227 763472744 989345467 382696383 268380136 183201605 872095990 611449817 600506065 402860937 65719105 489268797 197390065 745570033 31677344 247717925 135656564 626173348 908331182 287034338 245803569 160513684 250424950
463459858 382781209 456052686 77685873 817140497 252810758 161289134 74610235 888892637 801377922 166114207 144595572 530361771 737481590 813911577 869522459 719963982 850863677 544461042 83144628 351830509 97015074 543382987 933361160 956084719 431748145 105809166 878451203 588717991 12399631 512161268 665944965 309733383 730853397 237423035 934600451 993511413 343311986 701736816 697154716 245654530 333071259 821082246 390622709 212079254 964291977 392496666 28719488 277165831 997843139 830366400
80 2 393288
691849310 184580122 488866293 336285481 77940833 998800168 508997975 713533680 807173693 682184125 282722341 714573808 399679952 781752263 600819555 539807727 618088599 901253381 674164326 218594144 701902676 522455702 756116175 878171697 174607299 104161382 982959034 963592333 406222347 865662023 441920602 934431899 87851514 175619704 301413370 724567106 338524793 733545270 46757454 356935950 165384315 414492562 846854345 884829093 853418672 936149352 911217316 486189872 522965448 359026445 565355205 401632600 855818655 501792353 840335067 532248650 503901979 692095434 70903391 615043649 631446929 495834092 714363275 524955656 859304363 856660817 707980239 681477389 454405200 541077618 935262500 91944120 798194030 230215323 523877732 707680533 366438467 715128727 693070706 192357031
898675705 317486739
86 99 41994
769688865 209816545 945367367 553736869 263887193 887626609 69558991 371646891 652751800 171166188 668896705 183256940 254321352 353680515 828221713 665133919 733232507 837521571 370246512 743888133 160798497 930302739 272009574 362904350 558410425 175502046 864515334 368637279 241841928 915969928 886761130 173147072 7193730 182547587 276962667 610882425 848828915 47215751 968893943 133064198 418492014 60877516 514594619 405671926 553686385 298726677 950138086 947731158 291605632 860059486 133509820 851938114 56255356 627103282 651662715 172181679 605825477 714522175 807804249 28907393 94729468 122058799 225981804 365149165 252799808 567680086 378938498 392128624 72411760 638466048 682445492 939472206 619837887 153219398 541218821 92012139 138706814 652414066 283159750 948289318 520722603 674835098 686572872 834497966 736765631 876698885
905659481 894877111 468213671 960398230 130409850 876276202 534786772 633091612 502591148 695916336 883211146 365986605 504613875 437911191 722500589 346143226 996961160 680840624 960907333 921641791 898256347 330616218 439911342 396315509 482698455 131403535 379978933 976886358 218375527 301267094 124819078 981024809 543583708 320521484 456233138 463485762 186312951 290152843 198330745 935029438 167834384 726881898 654978293 664330913 273395000 687361781 302579029 185012262 114410175 911970242 241961817 445235847 587003381 225645687 97103262 596810864 707640004 88251727 516359469 226878504 75905736 258815373 547668723 45262564 83148671 470441627 571284806 843433624 710562239 188115965 323358523 687862922 478838256 190401461 561364884 686168753 567735683 146162934 67132485 277273279 774587028 719534570 984886339 851246775 484705590 482417057 127377326 2172707 728162045 51074707 358913595 38009991 181328380 581567276 574140491 725410586 501368827 640839115 595457849
78 27 616567
816856293 732506838 377355617 622736956 766678664 339029645 596310187 485535785 971412753 595911313 964423970 137605109 609387314 724502710 767432487 612688573 566066401 279674125 606128475 573704594 904434025 6012264 2426162 262738325 852432238 581533004 266320104 297329851 60685860 376740333 324469388 344263896 950860471 748778055 805222178 220434377 51626315 730859837 995196021 216282621 290449721 177887787 580257064 431940166 656439630 886165188 394828725 43832189 394879193 368568475 442362509 70258376 562157389 266478304 672909107 585377179 984993371 768194765 681722018 402699627 29322730 130055015 750580740 101929515 877912691 538463451 570488388 235202878 964700317 628408864 31696302 805450107 969843104 552768506 821838566 54669205 42539788 320965140
136450773 715587789 749544060 119191197 675968376 45312305 67403480 99553199 862556466 429766636 562602362 432013009 616760113 440384708 148108342 401826293 288911553 589915606 21888878 17268234 751129800 818016464 670407139 543555816 841086772 971694941 143944683
32 41 503993
569446887 982866674 116521283 545892932 781029709 871235473 967443418 326764962 432982981 55174708 390865913 220389279 414652191 350451581 210897423 951476804 756074675 461613478 75695203 833960394 148925613 609549113 547130304 788370694 881167871 483260896 808495845 578073581 520655050 167736581 693683552 125201516
842668612 488035556 476028185 233334134 740599599 500999764 393203735 536808187 677239313 592736410 667327689 558920629 59895577 949480525 696473019 631239832 54547464 41469391 452510873 698704645 686230078 691644842 465417252 518111049 881465324 930124927 73894616 468502525 624739042 164004950 688920487 70561353 399201546 121988310 291992212 184619609 820339713 882965597 199181248 42491403 797200252
10 30 808759
727286342 493334355 701454285 63869751 308647915 463024704 971874460 536583666 900182537 657410770
107796616 827243095 152963824 331337309 912955304 603264505 585390826 195197707 641617543 901562647 109330462 237719985 261080968 268224238 855708350 519087530 336224771 172929997 110539026 944808778 406476138 540248606 876383675 705373185 934507595 246178765 863687345 847803261 650590005 504333526
6 23 695482
410798051 743110408 14564016 810979080 452120968 150808060
185769723 144962444 207193544 328264110 330813476 31594730 382986706 439490305 622054702 658927293 283714963 320107449 670652071 593504349 440765210 38880750 677216786 688067299 526885498 726649781 809326687 493204388 617463557
82 63 680105
240742298 413900135 126129107 261580057 591030672 402880762 265306398 379704940 822393535 307513014 202830379 904028306 684295309 898332303 910664517 961820022 63191882 952268427 744248827 206116930 997148307 99782484 946236879 272582121 390696 63744051 330882200 301873924 983919926 561116269 545477839 812721271 946540623 861116339 521374168 455170856 289366717 122874368 852507629 9068548 83703256 373810827 872611771 653259174 811911270 289212500 296330539 226542256 320753686 435829011 600168847 273853065 949069682 594395512 271914437 639372883 867096101 202975133 42618505 696910700 84491786 847744079 970934872 247363525 442380205 13549087 220432486 166481061 272219850 433238032 526448866 642235972 939973817 894054063 318709673 4362854 961084899 645655126 527089287 566065322 513779463 406799227
572933056 16791399 74099593 522208847 895438577 313802323 297049687 748165644 995938862 456593421 807730477 517590691 662039177 880239622 5477562 306826224 330375777 604493145 869004306 586381576 35138313 956041379 158716256 24739296 273174706 113721281 489172742 989499116 800036824 797437339 450545057 267391196 648082504 846859244 627968611 333349894 783099710 510932392 649476130 416294300 207848822 732034713 695849929 315366718 738348395 40140168 155184241 598290515 445649559 558586315 219236532 816615234 261295033 258438883 705075454 938479221 216424120 354797106 79718843 365051762 758369683 454756486 328464848
42 15 315430
271316992 902566698 324226205 123394090 71852069 138158137 958500100 256043256 298636614 53899588 654447217 120904748 206086804 965437676 385891985 148712494 660167198 918760843 946498200 365780203 769488237 144927421 96346014 664932110 255046314 363007120 102574428 88513829 39556687 250438257 394032890 79868083 716311583 769318738 370997097 950171635 609788416 915070558 134930156 259138220 828110902 87293346
790307134 79977115 713568909 236817821 366249047 708836821 35424122 491099255 127720579 419883311 873844873 235034120 150852249 178547440 658329293
38 90 146540
509090332 732953275 251354286 673474536 959002352 735360786 291977814 882145584 621626047 620485123 763078109 881987847 117127360 428424893 96575520 263678885 96964848 680556612 525493139 533932330 644304847 902803410 219529726 572710695 230289142 155799433 765979649 191257430 569405807 960408285 747506835 88414629 915354791 743608941 37405369 525041704 897443223 72919162
136992792 474876940 477508743 321901619 645182152 564115121 775960359 439176093 368698286 681492211 998961996 580903875 153566474 950985125 904142584 839530216 826535434 98480636 882735319 207639586 779950202 863981415 672948910 387775884 559615342 374967859 681844507 236559678 295964351 39131580 103529935 574751823 957119440 233123518 230327779 205451348 970333381 453883145 910238213 701654506 432577180 751953880 398485658 191388934 852429162 571447768 19966912 677544819 873971710 100805561 773280300 543992559 674806795 738373811 463577280 962392088 788818345 336289670 508014918 160234640 657145304 131945045 401537597 667858949 641824872 615772395 945725639 308206856 875708667 801884619 455252405 394623619 885798127 536264125 353753642 975781220 122846539 951804849 785480435 484422863 344451936 663603812 499259621 904900594 956540710 375817316 832899115 857592696 876540473 918226256
22 78 784356
594888737 925943118 783625632 189381122 136346595 765659215 714582584 583482389 915740208 942135828 8294673 546625412 239118883 363229736 446382062 662379652 251468711 498078748 252540566 918849499 355772540 439913446
511520206 876094538 713238977 341170075 190329519 907143574 895136266 101578118 105921468 438802841 334045957 782873421 511509642 471779689 817844562 185674365 550382325 806911564 110763714 227683612 676248678 960729103 17566205 494280652 506320461 570575855 968773595 762971402 829675295 453522420 887496198 370768381 805873702 231758948 862576633 233077923 973273438 936263689 385013503 593791509 759148190 925801957 965827994 145366066 856028051 785710219 366167290 448554580 767880596 573429426 333368119 552697103 165845125 918395809 654407521 828752962 278142551 147545963 398572145 372423579 200199447 866911422 368299358 229541666 319392141 304359352 526040047 13024792 473374064 869048787 713248984 45411439 973989979 486642040 478690525 684525247 571389381 622947664
34 5 490739
999443285 170774916 18219195 508325861 5984948 881605837 187940158 138043315 721218612 519802595 670388836 887867118 289948918 101351820 908430141 703866032 522586882 464606579 414459031 889128880 80738523 396468511 688780838 541772511 593873605 44268110 571495708 915376232 678833256 100125651 431986435 30633996 895078097 947150003
307004575 370625474 306527373 404765884 588972670
82 84 358350
288661888 27141771 494154622 607972372 154621645 7428381 729567927 839474957 698006654 21348416 172276210 531675934 807259787 62186773 904560669 174592571 931953330 600356841 688602560 920787040 390068126 276236727 97091667 286805081 156359965 226822283 151478166 746104776 263893298 258496799 824916944 616469789 837838404 62109146 50179859 300290230 891724464 125640433 116865650 28872050 525415613 889264671 38335871 154479985 349987838 555345942 121716685 283363442 525481055 782219342 633357922 208904512 822053663 293677787 842415239 124829889 970791708 863100528 548476981 346447725 112510720 858462214 188346853 527083760 606106690 145361206 234504331 307605277 799946619 554839331 436305050 306488249 423463599 820615657 373033110 549746801 853223558 291913737 948357162 861765330 507889567 912071264
988037115 367807388 256755725 731565962 302891080 51601398 963410042 358650286 14342112 337971809 456444682 498978263 755177125 876164221 841147705 317330758 336798628 947873744 52703798 884338643 601249172 144549770 352240239 945835734 200853248 135970564 889102857 653091603 643066108 80109457 48111459 117669314 607372710 67159674 909447765 138460304 629276721 715919733 703267552 634942292 118308099 54627002 518133573 325032141 545465807 855167212 472309864 801887084 4534917 698742879 738567494 115686448 785420410 431978816 636061498 590077601 843700158 342656239 979907459 38958018 318487974 117127206 707500826 998983016 888225562 330743571 688937235 671345659 365568297 792994025 202223064 856070560 867740602 293437737 114628240 178302558 573163040 439527965 34244293 495219614 562848455 454347599 319576402 374764030
28 63 200314
906446850 154255335 783985741 395277132 496419850 686194955 851224845 859095767 80331901 991241525 908453109 663284728 111734851 552336943 658080192 300738898 232795464 528373736 167540166 445974136 172259008 265330253 867172229 925639814 793369563 300235461 794912127 272193746
331318992 928648087 981689001 178154603 676070170 351789353 552965113 402968853 117423245 874090430 725579954 346833914 904531726 146125979 334620372 220906432 670947505 331438812 496822605 218346390 403502370 209731410 17774140 457811320 649877011 735001586 141985576 782669698 286039600 379315735 98919616 817572804 441644175 849165662 660237217 363515579 756735057 959346075 443260274 890588581 169128060 775113576 252379894 399881255 553807770 827942534 55244158 598789278 809895409 369838037 588569596 687681240 773264769 974838945 242766080 338555409 280776679 212107705 827721822 383383375 316709014 460025655 60302180
12 88 867668
542478524 557017767 730491700 854565991 129355090 873921869 485331484 464885243 324822536 750866124 58297324 51414475
350313586 389972775 59400268 45466156 336280504 17351036 896952819 553883452 849931239 584284742 966333346 460568704 267078097 964789438 252681868 403307130 149596483 376560968 877160360 207518476 140455679 434377758 615989612 982788628 609153567 818991660 963399681 14609929 645507330 804482884 736272665 130998491 419361210 491507008 408496104 737042244 736479677 388501948 783455075 598417497 96186242 792415669 601388417 385708809 10289553 501130196 109701494 730238307 4278298 339451773 689514604 910056510 505141850 809085372 786826450 361653959 528431110 978666055 674159594 854100822 774227338 281353507 252642715 774812318 744488708 378856201 142874075 344573070 895411214 77475556 72347159 27006729 831174638 625643663 29800856 798914864 852780033 348677916 180658367 645092452 916181996 190134674 972134896 724255512 923958588 787614222 714789749 536251782
52 99 554028
654517996 433643779 1194279 783049821 249656476 836192689 442932027 302429472 76553337 987201964 937444313 571700470 339969318 902460725 225102639 34881988 93726321 524111914 546321147 38350827 710296125 425804003 154695004 914954118 723133646 123850843 679843617 395413564 393468433 660275230 842503045 234827916 527882691 493902850 124184264 417226305 218250127 749024983 543713117 603499888 847197641 486844060 421609406 885160888 888922351 795548607 877477140 149251912 784566369 750922984 545049929 749753697
151793734 450677832 18414205 396406112 539402158 469984395 545780358 727300942 536645804 100462449 918186808 484998800 731805737 915606771 909756677 551122083 341334782 7733056 991249589 864089904 436393731 973186245 589593438 546418039 606523036 321522290 132303022 141805160 489130301 291001992 399048034 146682066 608119210 173829986 178811445 300142991 691083166 196543180 484932069 309971051 360376795 587482199 110175748 777348110 393593117 454928870 177212555 837176701 655841423 241629969 440438870 492339956 785507905 565993738 279762464 712094604 565950414 796236710 511152287 910042039 728869263 302884749 784005928 539404191 363918856 568932226 195916545 403416145 725672995 122430441 22347178 853988196 99210032 78377267 35525853 26702401 188032611 865197761 201678974 397171125 191389804 729879912 714247445 337602862 459117030 845224860 137553679 646221117 676818617 601701240 474551979 627288303 132935890 885968260 784380118 973605005 930322511 963490192 816300456
22 54 824877
921446064 11029837 890222898 918391111 876816953 927750558 287757855 476140533 88316124 969040319 744874510 599574616 753823378 648340853 405479435 954144099 344659901 67751810 920262069 487421209 516233062 487607537
915981687 66729459 266068014 749969562 580020538 670275308 216678 333723266 851807995 675061231 762512675 357523561 480036502 319364901 342801858 194832828 652861027 553665118 935368181 898308902 159848362 436361662 849915414 850740067 183990073 581253908 168293992 479023793 988822880 791753899 555560777 710974050 495214623 810179958 704707707 58886535 673964727 825405950 69533787 354902034 341775936 207392414 531518848 797548152 274524692 679914350 470757109 941618111 747033821 223818100 464761458 141819437 203600619 788242962
72 31 530821
589546038 346800550 958138375 374245597 108875039 978480297 561028789 550808249 85305397 210205845 338207604 685804112 947176459 884289847 534819939 998453947 916910480 110896030 276913912 230321060 323400277 227625768 27156526 659371153 294956753 905294273 748856545 79752693 87753847 89315289 30908870 808965839 314756294 56364737 575761171 680137436 396224085 884268516 708182073 318575497 220184577 30202915 547668861 408276093 537866988 807035003 751139642 335435880 628946537 547341336 444074630 433853941 629027206 316344641 525126520 698384482 945163232 896490820 11386568 260196439 859982376 47953379 216524388 536256622 846560867 225833268 630824958 660406757 630600529 528936615 102112934 139676754
32734001 597730451 510806760 633894227 352005815 485264784 223092562 484482894 939998362 287396996 224784354 775857514 284801000 43783791 654947263 349400062 668038175 154751301 277894539 595459673 510496137 286313456 764487567 120363137 178966145 265883049 216669070 360227947 743996128 444611759 460884111
34 65 609966
955040067 733043293 372952151 306610504 267640897 930230841 981285912 645852873 274313841 711609879 678475434 174322018 29158745 679178289 238935802 288399513 626557825 918306344 984204894 460144995 694266911 405093860 276560093 105785792 707424027 212263211 994117316 677408285 189076877 926559627 130238623 743787696 269554450 720673696
826575684 905419253 931795419 741507930 390485191 650421682 24232720 567714227 633534869 965293259 229544026 682660214 189945432 946846125 663456381 98720815 661587180 717754058 66149326 127722341 755150276 575041823 893243193 254626695 91930832 229175393 614065093 340802012 399766776 544038947 455911256 87723092 486991386 412624916 863926783 241211024 69327531 855921002 375894388 366077952 173467816 560656267 290722917 668692054 537655668 790202875 803376982 500010384 989966485 315173110 307423872 16121727 852871032 159753804 192831427 225191824 419523133 675937901 227114894 179728026 382678794 377128412 22355145 459770766 199155673
