998 3479
1 2
1 3
1 4
1 341
1 719
1 866
1 905
2 3
2 4
2 88
2 292
2 293
2 928
3 4
3 155
3 285
3 371
3 621
4 186
4 450
4 614
4 704
5 6
5 7
5 95
5 141
5 447
5 567
5 681
6 7
6 23
6 35
6 40
6 746
6 852
7 550
7 664
7 727
7 863
7 934
8 9
8 10
8 11
8 12
8 13
8 273
8 335
9 10
9 11
9 12
9 13
9 236
9 972
10 11
10 12
10 13
10 788
10 851
11 12
11 13
11 24
11 976
12 13
12 152
12 442
13 539
13 939
14 15
14 16
14 17
14 18
14 19
14 20
14 21
15 16
15 17
15 18
15 19
15 20
15 21
16 17
16 18
16 19
16 20
16 21
17 18
17 19
17 20
17 21
18 19
18 20
18 21
19 20
19 21
20 21
22 23
22 293
22 632
22 683
22 724
22 817
22 865
23 144
23 384
23 612
23 654
23 976
24 97
24 205
24 213
24 347
24 349
24 561
25 26
25 27
25 28
25 29
25 30
25 31
25 32
26 27
26 28
26 29
26 30
26 31
26 32
27 28
27 29
27 30
27 31
27 32
28 29
28 30
28 31
28 32
29 30
29 31
29 32
30 31
30 32
31 32
33 34
33 35
33 36
33 37
33 741
33 807
33 963
34 35
34 36
34 37
34 382
34 788
34 936
35 36
35 37
35 668
35 739
36 37
36 471
36 490
36 853
37 239
38 39
38 40
38 41
38 71
38 692
38 815
38 981
39 40
39 41
39 277
39 385
39 494
40 41
40 428
40 448
40 921
41 212
41 516
41 612
41 923
42 43
42 44
42 45
42 325
42 464
42 837
42 906
43 44
43 45
43 74
43 149
43 202
43 948
44 45
44 252
44 520
44 611
44 972
45 154
45 208
45 925
45 926
46 47
46 48
46 49
46 50
46 51
46 52
46 53
47 48
47 49
47 50
47 51
47 52
47 53
48 49
48 50
48 51
48 52
48 53
49 50
49 51
49 52
49 53
50 51
50 52
50 53
51 52
51 53
52 53
54 55
54 56
54 57
54 58
54 59
54 60
54 61
55 56
55 57
55 58
55 59
55 60
55 61
56 57
56 58
56 59
56 60
56 61
57 58
57 59
57 60
57 61
58 59
58 60
58 61
59 60
59 61
60 61
62 63
62 64
62 65
62 66
62 67
62 68
62 625
63 64
63 65
63 66
63 67
63 68
63 621
64 65
64 66
64 67
64 68
64 728
65 66
65 67
65 68
65 150
66 67
66 68
66 89
67 68
67 818
68 142
69 70
69 71
69 455
69 712
69 717
69 802
69 881
70 71
70 335
70 345
70 559
70 589
70 724
71 235
71 315
71 749
71 872
72 73
72 74
72 75
72 256
72 815
72 877
72 982
73 74
73 75
73 200
73 756
73 833
73 913
74 75
74 231
74 279
74 970
75 92
75 540
75 625
75 765
76 77
76 78
76 93
76 440
76 598
76 966
76 979
77 78
77 228
77 380
77 654
77 755
77 854
78 154
78 333
78 652
78 791
78 956
79 80
79 81
79 82
79 83
79 84
79 85
79 909
80 81
80 82
80 83
80 84
80 85
80 375
81 82
81 83
81 84
81 85
81 238
82 83
82 84
82 85
82 461
83 84
83 85
83 611
84 85
84 372
85 670
86 165
86 472
86 725
86 746
86 905
86 911
86 939
87 88
87 164
87 400
87 518
87 591
87 633
87 858
88 357
88 578
88 851
88 882
88 964
89 90
89 91
89 274
89 282
89 711
89 964
90 91
90 226
90 329
90 352
90 500
90 537
91 256
91 305
91 468
91 602
91 622
92 425
92 486
92 494
92 728
92 841
92 875
93 94
93 95
93 96
93 97
93 715
93 958
94 95
94 96
94 97
94 936
94 960
94 981
95 96
95 97
95 581
95 803
96 97
96 154
96 240
96 306
97 751
97 969
98 225
98 399
98 471
98 924
98 954
98 964
98 967
99 100
99 101
99 102
99 103
99 575
99 588
99 891
100 101
100 102
100 103
100 512
100 892
100 953
101 102
101 103
101 146
101 496
101 661
102 103
102 248
102 273
102 362
103 143
103 374
103 731
104 105
104 106
104 107
104 108
104 109
104 110
104 111
105 106
105 107
105 108
105 109
105 110
105 111
106 107
106 108
106 109
106 110
106 111
107 108
107 109
107 110
107 111
108 109
108 110
108 111
109 110
109 111
110 111
112 113
112 114
112 115
112 116
112 117
112 118
112 154
113 114
113 115
113 116
113 117
113 118
113 690
114 115
114 116
114 117
114 118
114 792
115 116
115 117
115 118
115 775
116 117
116 118
116 595
117 118
117 132
118 934
119 120
119 121
119 122
119 123
119 124
119 125
119 153
120 121
120 122
120 123
120 124
120 125
120 293
121 122
121 123
121 124
121 125
121 171
122 123
122 124
122 125
122 932
123 124
123 125
123 935
124 125
124 349
125 839
126 127
126 128
126 129
126 130
126 131
126 132
126 864
127 128
127 129
127 130
127 131
127 132
127 657
128 129
128 130
128 131
128 132
128 889
129 130
129 131
129 132
129 393
130 131
130 132
130 369
131 132
131 651
133 134
133 135
133 136
133 137
133 138
133 139
133 140
134 135
134 136
134 137
134 138
134 139
134 140
135 136
135 137
135 138
135 139
135 140
136 137
136 138
136 139
136 140
137 138
137 139
137 140
138 139
138 140
139 140
141 142
141 143
141 252
141 457
141 575
141 747
142 143
142 155
142 368
142 729
142 852
143 300
143 527
143 659
143 713
144 145
144 146
144 147
144 148
144 149
144 256
145 146
145 147
145 148
145 149
145 197
145 953
146 147
146 148
146 149
146 486
147 148
147 149
147 582
147 595
148 149
148 333
148 478
149 959
150 151
150 499
150 606
150 704
150 712
150 820
151 483
151 496
151 625
151 806
151 873
151 911
152 345
152 546
152 563
152 613
152 641
152 839
153 154
153 155
153 372
153 486
153 572
153 937
154 155
154 254
155 250
155 814
155 930
156 157
156 158
156 159
156 160
156 161
156 162
156 163
157 158
157 159
157 160
157 161
157 162
157 163
158 159
158 160
158 161
158 162
158 163
159 160
159 161
159 162
159 163
160 161
160 162
160 163
161 162
161 163
162 163
164 165
164 166
164 167
164 615
164 867
164 961
165 166
165 167
165 354
165 710
165 932
166 167
166 350
166 460
166 787
167 273
167 705
167 965
167 996
168 169
168 170
168 171
168 172
168 241
168 462
168 684
169 170
169 171
169 172
169 183
169 288
169 431
170 171
170 172
170 366
170 733
170 814
171 172
171 214
171 560
172 626
172 857
172 936
173 174
173 175
173 176
173 177
173 178
173 179
173 873
174 175
174 176
174 177
174 178
174 179
174 513
175 176
175 177
175 178
175 179
175 977
176 177
176 178
176 179
176 251
177 178
177 179
177 374
178 179
178 239
179 346
180 181
180 182
180 183
180 184
180 275
180 341
180 637
181 182
181 183
181 184
181 328
181 397
181 406
182 183
182 184
182 464
182 537
182 923
183 184
183 347
183 914
184 317
184 339
184 355
185 186
185 187
185 188
185 189
185 190
185 191
185 615
186 187
186 188
186 189
186 190
186 191
187 188
187 189
187 190
187 191
187 456
188 189
188 190
188 191
188 290
189 190
189 191
189 972
190 191
190 485
191 578
192 193
192 194
192 195
192 196
192 197
192 198
192 998
193 194
193 195
193 196
193 197
193 198
193 923
194 195
194 196
194 197
194 198
194 579
195 196
195 197
195 198
195 926
196 197
196 198
196 340
197 198
198 874
199 200
199 201
199 202
199 203
199 204
199 427
199 904
200 201
200 202
200 203
200 204
200 313
201 202
201 203
201 204
201 446
201 788
202 203
202 204
202 840
203 204
203 324
203 979
204 754
204 879
205 206
205 207
205 208
205 209
205 210
205 211
206 207
206 208
206 209
206 210
206 211
206 748
207 208
207 209
207 210
207 211
207 651
208 209
208 210
208 211
209 210
209 211
209 348
210 211
210 908
211 390
212 213
212 214
212 215
212 597
212 614
212 993
213 214
213 215
213 336
213 692
213 905
214 215
214 247
214 708
214 892
215 313
215 466
215 668
215 713
216 217
216 218
216 219
216 220
216 221
216 722
216 909
217 218
217 219
217 220
217 221
217 528
217 806
218 219
218 220
218 221
218 668
218 873
219 220
219 221
219 284
219 312
220 221
220 282
220 982
221 445
221 620
222 246
222 337
222 667
222 718
222 727
222 736
222 830
223 224
223 225
223 226
223 227
223 497
223 538
223 956
224 225
224 226
224 227
224 345
224 759
224 878
225 226
225 227
225 456
225 713
226 227
226 520
226 636
227 600
227 679
227 746
228 229
228 230
228 291
228 313
228 446
228 952
229 230
229 422
229 577
229 691
229 876
229 974
230 343
230 452
230 524
230 621
230 860
231 232
231 233
231 234
231 235
231 236
231 707
232 233
232 234
232 235
232 236
232 320
232 762
233 234
233 235
233 236
233 458
233 541
234 235
234 236
234 432
234 580
235 236
235 373
236 654
237 238
237 240
237 627
237 662
237 739
237 758
237 924
238 315
238 352
238 540
238 716
238 868
239 240
239 241
239 242
239 632
239 730
240 241
240 242
240 574
240 601
241 242
241 339
241 453
241 903
242 764
242 818
242 879
242 902
243 244
243 245
243 246
243 247
243 370
243 652
243 872
244 245
244 246
244 247
244 426
244 613
244 731
245 246
245 247
245 375
245 981
245 998
246 247
246 717
246 745
247 618
247 831
248 249
248 250
248 251
248 252
248 679
248 763
249 250
249 251
249 252
249 281
249 295
249 395
250 251
250 252
250 351
250 758
251 252
251 608
251 902
252 654
253 254
253 375
253 461
253 562
253 815
253 817
253 948
254 369
254 752
254 821
254 866
254 890
255 256
255 348
255 440
255 447
255 920
255 929
255 939
256 449
256 587
256 613
257 258
257 259
257 260
257 261
257 262
257 263
257 264
258 259
258 260
258 261
258 262
258 263
258 264
259 260
259 261
259 262
259 263
259 264
260 261
260 262
260 263
260 264
261 262
261 263
261 264
262 263
262 264
263 264
265 266
265 267
265 268
265 269
265 270
265 271
265 272
266 267
266 268
266 269
266 270
266 271
266 272
267 268
267 269
267 270
267 271
267 272
268 269
268 270
268 271
268 272
269 270
269 271
269 272
270 271
270 272
271 272
273 274
273 481
273 498
273 747
274 426
274 472
274 735
274 841
274 856
275 276
275 277
275 278
275 279
275 280
275 496
276 277
276 278
276 279
276 280
276 339
276 462
277 278
277 279
277 280
277 616
278 279
278 280
278 636
278 864
279 280
279 623
280 527
280 547
281 282
281 309
281 627
281 642
281 865
281 967
282 340
282 436
282 650
282 903
283 284
283 285
283 286
283 287
283 288
283 289
283 925
284 285
284 286
284 287
284 288
284 289
285 286
285 287
285 288
285 289
286 287
286 288
286 289
286 980
287 288
287 289
287 338
288 289
289 597
290 291
290 292
290 451
290 601
290 730
290 967
291 292
291 315
291 347
291 821
291 965
292 496
292 618
292 688
292 724
293 350
293 376
293 570
293 980
294 295
294 296
294 297
294 298
294 761
294 811
294 982
295 296
295 297
295 298
295 345
295 603
296 297
296 298
296 314
296 581
296 657
297 298
297 335
297 595
297 931
298 669
298 955
298 967
299 300
299 301
299 302
299 303
299 304
299 305
299 879
300 301
300 302
300 303
300 304
300 305
301 302
301 303
301 304
301 305
301 341
302 303
302 304
302 305
302 424
303 304
303 305
303 703
304 305
304 374
306 307
306 308
306 309
306 310
306 311
306 312
307 308
307 309
307 310
307 311
307 312
307 979
308 309
308 310
308 311
308 312
308 904
309 310
309 311
309 312
310 311
310 312
310 345
311 312
313 314
313 707
313 903
313 922
314 680
314 725
314 883
314 914
314 962
315 352
315 420
315 641
315 998
316 394
316 495
316 515
316 565
316 571
316 881
316 967
317 318
317 319
317 320
317 321
317 322
317 323
318 319
318 320
318 321
318 322
318 323
318 423
319 320
319 321
319 322
319 323
319 885
320 321
320 322
320 323
321 322
321 323
321 375
322 323
322 790
323 522
324 325
324 326
324 327
324 328
324 329
324 757
325 326
325 327
325 328
325 329
325 958
326 327
326 328
326 329
326 910
327 328
327 329
327 560
327 915
328 329
328 571
329 330
330 331
330 332
330 333
330 334
330 549
330 576
331 332
331 333
331 334
331 493
331 610
331 757
332 333
332 334
332 475
332 925
332 929
333 334
333 626
334 513
334 787
334 874
335 336
335 337
335 338
335 821
336 337
336 338
336 624
336 666
336 857
337 338
337 363
337 441
337 775
338 396
338 680
338 976
339 346
339 368
339 737
339 980
340 341
340 342
340 343
340 344
340 528
341 342
341 343
341 344
342 343
342 344
342 383
342 546
342 587
343 344
343 457
343 880
344 641
344 642
344 643
345 597
345 911
346 347
346 392
346 545
346 960
346 982
347 653
347 907
347 964
348 349
348 353
348 521
348 653
348 679
349 482
349 688
349 721
349 735
350 370
350 634
350 746
350 948
350 974
351 352
351 353
351 354
351 570
351 707
351 806
352 353
352 354
352 884
353 354
353 367
353 693
353 859
354 564
354 640
354 683
355 356
355 357
355 358
355 359
355 360
355 361
356 357
356 358
356 359
356 360
356 361
356 616
357 358
357 359
357 360
357 361
358 359
358 360
358 361
358 871
359 360
359 361
359 720
360 361
360 778
361 573
362 363
362 364
362 365
362 366
362 779
362 901
363 364
363 365
363 366
363 384
363 962
364 365
364 366
364 660
364 747
365 366
365 442
365 716
365 862
366 681
366 871
367 368
367 369
367 370
367 371
367 611
368 369
368 370
368 371
368 571
369 370
369 371
369 486
370 371
370 819
371 622
372 373
372 374
372 591
372 840
372 892
373 374
373 395
373 631
373 877
373 913
374 439
374 454
375 393
375 579
375 642
376 377
376 378
376 379
376 380
376 381
376 729
377 378
377 379
377 380
377 381
377 568
377 780
378 379
378 380
378 381
378 539
378 653
379 380
379 381
379 646
380 381
380 722
381 787
382 383
382 384
382 385
382 386
382 387
382 708
383 384
383 385
383 386
383 387
383 691
384 385
384 386
384 387
385 386
385 387
385 537
386 387
386 797
386 909
387 820
387 861
388 389
388 390
388 391
388 392
388 393
388 550
388 875
389 390
389 391
389 392
389 393
389 395
389 966
390 391
390 392
390 393
390 741
391 392
391 393
391 460
391 713
392 393
392 902
394 395
394 396
394 611
394 854
394 907
394 998
395 396
395 705
395 864
396 725
396 810
396 868
396 950
397 398
397 399
397 400
397 401
397 402
397 403
398 399
398 400
398 401
398 402
398 403
398 763
399 400
399 401
399 402
399 403
400 401
400 402
400 403
401 402
401 403
401 654
402 403
402 486
403 537
404 405
404 406
404 407
404 408
404 409
404 410
404 882
405 406
405 407
405 408
405 409
405 410
405 965
406 407
406 408
406 409
406 410
407 408
407 409
407 410
407 904
408 409
408 410
408 821
409 410
409 669
410 588
411 412
411 413
411 414
411 415
411 416
411 417
411 418
412 413
412 414
412 415
412 416
412 417
412 418
413 414
413 415
413 416
413 417
413 418
414 415
414 416
414 417
414 418
415 416
415 417
415 418
416 417
416 418
417 418
419 420
419 421
419 422
419 423
419 424
419 425
419 963
420 421
420 422
420 423
420 424
420 425
421 422
421 423
421 424
421 425
421 612
422 423
422 424
422 425
423 424
423 425
424 425
426 427
426 432
426 472
426 925
426 935
427 594
427 630
427 872
427 901
427 977
428 429
428 430
428 431
428 432
428 702
428 861
429 430
429 431
429 432
429 491
429 568
429 809
430 431
430 432
430 563
430 626
430 902
431 432
431 709
431 912
432 539
433 434
433 435
433 436
433 437
433 438
433 439
433 586
434 435
434 436
434 437
434 438
434 439
434 514
435 436
435 437
435 438
435 439
435 666
436 437
436 438
436 439
437 438
437 439
437 538
438 439
438 761
440 441
440 442
440 443
440 640
440 668
441 442
441 443
441 874
441 905
442 443
442 643
442 712
443 601
443 605
443 682
443 882
444 445
444 446
444 447
444 448
444 515
444 628
444 933
445 446
445 447
445 448
445 562
445 720
446 447
446 448
446 968
447 448
447 915
448 891
448 971
449 450
449 451
449 452
449 453
449 454
449 455
450 451
450 452
450 453
450 454
450 455
451 452
451 453
451 454
451 455
452 453
452 454
452 455
453 454
453 455
454 455
456 457
456 458
456 459
456 460
456 685
457 458
457 459
457 460
457 560
458 459
458 460
458 603
458 760
459 460
459 683
459 717
459 970
460 693
461 462
461 463
461 464
461 465
461 691
462 463
462 464
462 465
462 522
463 464
463 465
463 719
463 738
463 969
464 465
464 837
465 602
465 863
465 869
466 467
466 468
466 469
466 470
466 471
466 804
467 468
467 469
467 470
467 471
467 528
467 865
468 469
468 470
468 471
468 880
469 470
469 471
469 738
469 934
470 471
470 628
470 903
472 572
472 750
472 759
472 933
473 474
473 475
473 476
473 477
473 478
473 479
473 746
474 475
474 476
474 477
474 478
474 479
474 965
475 476
475 477
475 478
475 479
476 477
476 478
476 479
476 724
477 478
477 479
477 566
478 479
479 617
480 481
480 482
480 483
480 484
480 485
480 878
480 881
481 482
481 483
481 484
481 485
481 938
482 483
482 484
482 485
482 503
483 484
483 485
483 970
484 485
484 652
484 670
485 711
486 525
486 594
487 488
487 489
487 490
487 491
487 492
487 493
487 747
488 489
488 490
488 491
488 492
488 493
488 716
489 490
489 491
489 492
489 493
490 491
490 492
490 493
491 492
491 493
492 493
492 655
494 495
494 496
494 502
494 569
494 753
495 496
495 616
495 653
495 821
495 863
496 789
497 639
497 644
497 739
497 806
497 818
497 979
498 499
498 500
498 501
498 502
498 503
498 538
499 500
499 501
499 502
499 503
499 613
500 501
500 502
500 503
500 564
501 502
501 503
501 878
501 948
502 503
502 679
503 690
504 505
504 506
504 507
504 508
504 509
504 510
504 511
505 506
505 507
505 508
505 509
505 510
505 511
506 507
506 508
506 509
506 510
506 511
507 508
507 509
507 510
507 511
508 509
508 510
508 511
509 510
509 511
510 511
512 513
512 514
512 515
512 516
512 517
512 794
513 514
513 515
513 516
513 517
514 515
514 516
514 517
514 970
515 516
515 517
516 517
516 801
517 653
517 906
518 519
518 520
518 521
518 522
518 523
518 938
519 520
519 521
519 522
519 523
519 837
519 877
520 521
520 522
520 523
521 522
521 523
521 932
522 523
523 800
523 901
524 525
524 526
524 527
524 528
524 561
524 712
525 526
525 527
525 528
525 613
525 914
526 527
526 528
526 839
526 880
526 958
527 528
527 879
529 530
529 531
529 532
529 533
529 534
529 535
529 536
530 531
530 532
530 533
530 534
530 535
530 536
531 532
531 533
531 534
531 535
531 536
532 533
532 534
532 535
532 536
533 534
533 535
533 536
534 535
534 536
535 536
537 631
537 876
537 923
538 629
538 670
538 841
538 969
539 541
539 711
539 731
539 973
540 541
540 542
540 543
540 544
540 545
541 542
541 543
541 544
541 545
542 543
542 544
542 545
542 680
542 892
543 544
543 545
543 867
544 545
544 638
544 861
545 866
546 547
546 548
546 549
546 550
547 548
547 549
547 550
547 816
547 876
548 549
548 550
548 806
549 550
549 582
549 707
550 616
551 552
551 553
551 554
551 555
551 556
551 557
551 558
552 553
552 554
552 555
552 556
552 557
552 558
553 554
553 555
553 556
553 557
553 558
554 555
554 556
554 557
554 558
555 556
555 557
555 558
556 557
556 558
557 558
559 560
559 561
559 562
559 563
559 834
559 951
560 561
560 562
560 563
561 562
561 563
561 774
562 563
562 682
563 653
564 565
564 566
564 567
564 568
564 569
565 566
565 567
565 568
565 569
565 932
566 567
566 568
566 569
566 614
567 568
567 569
567 854
568 569
569 928
570 571
570 572
570 612
570 652
570 949
571 572
571 738
571 904
572 682
572 816
572 821
573 574
573 575
573 576
573 577
573 578
573 713
574 575
574 576
574 577
574 578
574 977
575 576
575 577
575 578
576 577
576 578
576 630
577 578
579 580
579 581
579 596
579 725
579 856
580 581
580 790
580 878
580 892
580 973
581 779
581 959
581 966
582 583
582 584
582 585
582 586
582 587
583 584
583 585
583 586
583 587
583 761
583 867
584 585
584 586
584 587
584 685
584 791
585 586
585 587
585 651
585 744
586 587
586 726
588 589
588 590
588 591
588 592
588 593
589 590
589 591
589 592
589 593
589 609
590 591
590 592
590 593
590 639
590 737
591 592
591 593
592 593
592 663
592 924
593 624
593 968
594 595
594 596
594 597
594 598
594 862
595 596
595 597
595 598
596 597
596 598
596 600
596 963
597 598
598 635
598 865
599 600
599 601
599 602
599 603
599 714
599 814
599 948
600 601
600 602
600 603
600 855
601 602
601 603
602 603
602 949
603 908
604 605
604 606
604 607
604 608
604 609
604 610
604 841
605 606
605 607
605 608
605 609
605 610
606 607
606 608
606 609
606 610
607 608
607 609
607 610
607 998
608 609
608 610
609 610
611 612
611 686
611 704
612 880
612 937
613 616
613 851
614 615
614 616
614 836
614 910
615 616
615 689
615 728
615 748
617 618
617 619
617 620
617 621
617 981
617 991
618 619
618 620
618 621
618 637
619 620
619 621
619 629
619 738
619 923
620 621
620 726
620 868
622 623
622 624
622 625
622 705
622 782
623 624
623 625
623 879
623 891
623 915
624 625
624 835
624 892
625 726
626 627
626 628
626 629
626 630
627 628
627 629
627 630
627 763
628 629
628 630
628 957
629 630
629 711
630 837
631 632
631 633
631 634
631 665
631 924
632 633
632 634
632 681
632 706
633 634
633 642
633 933
633 959
634 651
634 808
634 915
635 636
635 637
635 638
635 639
635 640
635 917
636 637
636 638
636 639
636 640
637 638
637 639
637 640
638 639
638 640
638 738
639 640
641 642
641 643
641 739
641 938
642 643
642 713
643 680
643 879
643 881
644 645
644 646
644 647
644 648
644 649
644 650
645 646
645 647
645 648
645 649
645 650
645 980
646 647
646 648
646 649
646 650
647 648
647 649
647 650
647 963
648 649
648 650
648 873
649 650
649 866
651 652
651 814
651 975
652 689
652 916
653 654
654 998
655 656
655 657
655 658
655 659
655 660
655 850
656 657
656 658
656 659
656 660
656 759
656 963
657 658
657 659
657 660
658 659
658 660
658 914
658 978
659 660
659 957
660 783
661 662
661 663
661 664
661 665
661 666
661 816
662 663
662 664
662 665
662 666
662 932
663 664
663 665
663 666
663 799
664 665
664 666
664 954
665 666
665 712
667 668
667 669
667 670
667 708
667 907
667 982
668 669
668 670
669 670
669 816
669 975
670 923
671 672
671 673
671 674
671 675
671 676
671 677
671 678
672 673
672 674
672 675
672 676
672 677
672 678
673 674
673 675
673 676
673 677
673 678
674 675
674 676
674 677
674 678
675 676
675 677
675 678
676 677
676 678
677 678
679 680
679 681
679 995
680 681
680 729
681 740
681 925
682 683
682 730
682 952
682 964
683 817
683 913
683 919
684 685
684 686
684 687
684 688
684 689
684 743
685 686
685 687
685 688
685 689
686 687
686 688
686 689
686 714
687 688
687 689
687 818
688 689
690 691
690 692
690 693
690 714
690 982
691 692
691 693
691 958
692 693
692 732
692 764
693 702
693 961
694 695
694 696
694 697
694 698
694 699
694 700
694 701
695 696
695 697
695 698
695 699
695 700
695 701
696 697
696 698
696 699
696 700
696 701
697 698
697 699
697 700
697 701
698 699
698 700
698 701
699 700
699 701
700 701
702 703
702 704
702 705
702 706
702 710
703 704
703 705
703 706
703 713
703 886
704 705
704 706
705 706
706 841
706 981
707 708
707 709
707 710
708 709
708 710
708 863
709 710
709 717
709 870
709 912
711 712
711 875
711 933
712 786
714 715
714 716
714 717
714 882
715 716
715 717
716 717
716 879
718 719
718 720
718 721
718 722
718 723
718 888
719 720
719 721
719 722
719 723
720 721
720 722
720 723
721 722
721 723
721 832
722 723
723 756
723 915
724 725
724 726
724 968
725 726
725 732
726 875
726 960
727 728
727 729
727 730
727 731
727 839
728 729
728 730
728 731
729 730
729 731
730 731
732 733
732 734
732 735
732 736
732 737
733 734
733 735
733 736
733 737
733 805
734 735
734 736
734 737
734 777
734 891
735 736
735 737
736 737
736 966
738 739
738 878
739 778
739 933
740 741
740 742
740 743
740 744
740 745
740 910
741 742
741 743
741 744
741 745
742 743
742 744
742 745
742 918
743 744
743 745
743 997
744 745
745 776
746 747
746 748
747 748
747 873
748 815
748 866
748 891
749 750
749 751
749 752
749 753
749 754
749 755
750 751
750 752
750 753
750 754
750 755
751 752
751 753
751 754
751 755
752 753
752 754
752 755
753 754
753 755
754 755
756 757
756 758
756 759
756 760
756 927
757 758
757 759
757 760
757 774
758 759
758 760
758 865
759 760
760 858
760 911
761 762
761 763
761 764
761 765
762 763
762 764
762 765
762 859
762 950
763 764
763 765
764 765
764 948
765 872
765 968
766 767
766 768
766 769
766 770
766 771
766 772
766 773
767 768
767 769
767 770
767 771
767 772
767 773
768 769
768 770
768 771
768 772
768 773
769 770
769 771
769 772
769 773
770 771
770 772
770 773
771 772
771 773
772 773
774 775
774 776
774 777
774 778
774 779
775 776
775 777
775 778
775 779
776 777
776 778
776 779
776 927
777 778
777 779
777 812
778 779
780 781
780 782
780 783
780 784
780 785
780 786
781 782
781 783
781 784
781 785
781 786
781 873
782 783
782 784
782 785
782 786
783 784
783 785
783 786
784 785
784 786
784 957
785 786
785 806
787 788
787 789
787 790
787 791
788 789
788 790
788 791
789 790
789 791
789 862
789 955
790 791
790 961
791 905
792 793
792 794
792 795
792 796
792 797
792 798
793 794
793 795
793 796
793 797
793 798
793 931
794 795
794 796
794 797
794 798
795 796
795 797
795 798
795 878
796 797
796 798
796 937
797 798
798 840
799 800
799 801
799 802
799 803
799 804
799 805
800 801
800 802
800 803
800 804
800 805
801 802
801 803
801 804
801 805
802 803
802 804
802 805
803 804
803 805
804 805
806 923
807 808
807 809
807 810
807 811
807 812
807 813
808 809
808 810
808 811
808 812
808 813
809 810
809 811
809 812
809 813
810 811
810 812
810 813
811 812
811 813
812 813
813 866
814 815
814 816
814 971
815 816
815 862
816 902
817 818
817 819
817 820
817 869
818 819
818 820
819 820
819 906
819 966
819 978
820 850
820 962
821 972
822 823
822 824
822 825
822 826
822 827
822 828
822 829
823 824
823 825
823 826
823 827
823 828
823 829
824 825
824 826
824 827
824 828
824 829
825 826
825 827
825 828
825 829
826 827
826 828
826 829
827 828
827 829
828 829
830 831
830 832
830 833
830 834
830 835
830 836
831 832
831 833
831 834
831 835
831 836
832 833
832 834
832 835
832 836
833 834
833 835
833 836
834 835
834 836
835 836
837 838
837 839
837 840
838 839
838 840
838 852
838 855
838 969
838 971
839 840
840 994
841 883
841 915
842 843
842 844
842 845
842 846
842 847
842 848
842 849
843 844
843 845
843 846
843 847
843 848
843 849
844 845
844 846
844 847
844 848
844 849
845 846
845 847
845 848
845 849
846 847
846 848
846 849
847 848
847 849
848 849
850 851
850 852
850 853
850 854
850 903
851 852
851 853
851 854
852 853
852 854
853 854
853 861
853 955
855 856
855 857
855 858
855 859
855 860
856 857
856 858
856 859
856 860
857 858
857 859
857 860
858 859
858 860
859 860
860 925
861 862
861 863
861 864
862 863
862 864
863 864
864 969
865 866
865 973
867 868
867 869
867 870
867 871
868 869
868 870
868 871
869 870
869 871
869 998
870 871
870 908
870 948
871 992
872 873
872 912
872 961
874 875
874 876
874 877
874 951
875 876
875 877
876 877
876 966
878 891
880 881
880 882
880 883
881 882
881 883
882 883
883 915
883 957
884 885
884 886
884 887
884 888
884 889
884 890
885 886
885 887
885 888
885 889
885 890
886 887
886 888
886 889
886 890
887 888
887 889
887 890
887 901
888 889
888 890
889 890
891 902
892 960
893 894
893 895
893 896
893 897
893 898
893 899
893 900
894 895
894 896
894 897
894 898
894 899
894 900
895 896
895 897
895 898
895 899
895 900
896 897
896 898
896 899
896 900
897 898
897 899
897 900
898 899
898 900
899 900
901 902
901 959
901 965
903 904
903 905
904 905
904 974
906 907
906 908
906 909
906 910
907 908
907 909
907 910
908 909
908 910
909 910
911 912
911 913
911 914
912 913
912 914
912 924
913 914
913 956
916 917
916 918
916 919
916 920
916 921
916 922
917 918
917 919
917 920
917 921
917 922
918 919
918 920
918 921
918 922
919 920
919 921
919 922
920 921
920 922
921 922
924 925
924 971
926 927
926 928
926 929
926 930
926 931
927 928
927 929
927 930
927 931
928 929
928 930
928 931
929 930
929 931
930 931
932 933
932 934
933 934
934 955
934 964
935 936
935 937
935 938
935 939
935 956
936 937
936 938
936 939
937 938
937 939
938 939
940 941
940 942
940 943
940 944
940 945
940 946
940 947
941 942
941 943
941 944
941 945
941 946
941 947
942 943
942 944
942 945
942 946
942 947
943 944
943 945
943 946
943 947
944 945
944 946
944 947
945 946
945 947
946 947
949 950
949 951
949 952
949 953
949 954
950 951
950 952
950 953
950 954
951 952
951 953
951 954
952 953
952 954
953 954
955 956
955 957
955 958
956 957
956 958
957 958
959 960
959 961
959 962
960 961
960 962
961 962
962 968
963 964
963 975
965 966
965 982
967 968
967 969
968 969
970 971
970 972
970 973
971 972
971 973
972 973
973 980
974 975
974 976
974 977
974 978
975 976
975 977
975 978
976 977
976 978
977 978
978 979
979 980
979 981
980 981
983 984
983 985
983 986
983 987
983 988
983 989
983 990
984 985
984 986
984 987
984 988
984 989
984 990
985 986
985 987
985 988
985 989
985 990
986 987
986 988
986 989
986 990
987 988
987 989
987 990
988 989
988 990
989 990
991 992
991 993
991 994
991 995
991 996
991 997
992 993
992 994
992 995
992 996
992 997
993 994
993 995
993 996
993 997
994 995
994 996
994 997
995 996
995 997
996 997
