100
6000000
408
278
27
202
42
353
12
309
361
3152221
5395492
4898933
773484
1567585
4410706
5384477
1898518
4444979
1460170
381101
83592
1016237
3294554
5548275
4004386
2218707
4098008
1944349
5120110
5886781
2003272
5870273
650694
1235585
1211126
146637
3853608
3853029
5175310
2689561
232472
2342763
4788634
5130335
3021766
5379067
615738
5750809
1269850
420301
3496272
3324503
1345644
3737545
1285616
3183217
3955818
3470139
1132310
5288681
3383662
2787313
5678234
3538095
4663696
2834317
3142958
5073469
4379590
2952221
1135992
5648433
2740234
1872455
4598156
3729457
3048998
3744119
889820
5540951
346682
5756513
3556884
5037235
1864746
3031907
1003048
5955069
5165200
639491
3595202
3256433
1961734
3563515
3065076
5468377
1377218
3019869
2592190
