100
8000000
85
365
42
309
90
278
12
27
138
3765091
4542622
10883
2071914
261335
3091126
5124437
2237078
277679
5600330
6636261
6707962
4310363
426654
5939255
5832676
4034317
7677478
497849
2006360
1209241
5153602
2938253
7144394
6436885
4180036
7933267
2035098
1564429
5226900
7367221
843102
4784243
2713554
6464735
7337106
148407
7976088
4847449
6630150
5849541
7348332
6036363
1455874
977115
2515476
927617
5571128
2046509
6430950
7311331
6475452
6041753
6967084
6923005
356006
7670497
3496188
6631959
5783700
7052721
473202
4040033
2221464
3728365
7692036
5888967
6703778
6207539
6614650
4794141
1081762
2655183
3875164
4690835
7474096
3983767
4111118
222659
1079460
3135241
2247452
7176373
2407574
7837575
7407766
4186847
2520828
2054729
5407220
