100
4000000
18
361
278
42
27
357
309
90
547
2193041
1134362
633763
2440844
2970835
2598546
1086507
3900978
3539319
3890600
1658461
833672
2300703
3132284
2867735
2149296
642097
2956118
2822589
2420980
1985111
3521642
461743
3816604
2005855
2160476
966887
489758
2098689
2731230
1949361
1829552
2294153
3111944
682585
928376
3495407
3792388
952419
1508730
1254191
599102
1671993
3854034
910235
690746
3628717
1922628
1495559
1473310
2516861
3942562
3857583
356694
1923285
935996
2588507
3780758
3960369
1260610
2784901
2992562
1415143
2724784
3847325
1939116
2375617
2320858
2602519
24060
874531
3445512
2086143
1623704
2135245
3639916
3407467
3652268
1778669
350640
2474841
1420852
2719133
3033724
584705
330356
2463457
1304938
2600589
2295080
