100
10000000
42
278
365
357
18
85
17
403
90
366171
5127222
5417183
481644
7665975
417386
1981117
2025878
2398939
2971640
1982881
7082982
5771373
2218324
7055075
5723216
2199417
232478
5547599
1204490
3503191
3156862
7905073
1818494
9584595
4373046
6930367
8628218
7425139
8769680
3257601
2001252
5161103
3618004
406155
3695146
5191067
1242878
7626719
8504180
4702111
9384832
7085653
4938614
5216395
9901456
4220217
6247578
4904449
6554960
7763521
1964272
1570543
5420364
366515
7209276
1732247
5614208
1869679
9682270
6971321
7671223
8168074
2907315
566216
3616537
5370718
4253829
520610
5385791
5028102
6943563
8678254
5187855
2199606
8595427
6114248
9906609
6812010
6060961
5318562
4318503
212304
9280935
6108316
7348337
201728
9310589
4815080
1852601
