384310658501
126377603121941
60252370026653
72131643222341
109763524163490
37956731245277
236191295639052
8484085215756
165388607098211
203470977042232
105727217708671
615108131156
17289029339354
25397814215748
70864054654416
8447810682097
391681083067
161932291250109
104013371575758
20777941413830
64187414445953
4551939563595
157561035697369
18673941510408
115964142807650
12545504963190
22887576272193
16894588326502
28578293474169
42236208810058
164570708805037
20587020232393
28863155518363
60784950756330
30487730286949
12516268432396
323515949008
9994865371063
27689020999690
218991857864253
32717699196191
2382598270250
185502261638211
185116041657401
170333999445926
16789708561818
56450688850200
8330786141334
58984087694061
53491607694932
250562766580210
193001209631
146398369425276
202319319989910
1800384050703
97461742063277
290205020886
6740513391758
19160686868737
147608947401020
91697878915869
102015462042699
63936213497845
7913903260982
3730051780322
145920794721689
3094821427551
161429293627318
63859580307641
16895696924789
109392108806252
28343510424780
134507092846463
11971913702635
57863406855820
3794655706912
19738550954471
21973311498044
254245195658853
10454606965798
12332719836441
18345766916424
63053426296101
145927619140091
84815213343010
6852240881247
24445438483443
7226541720206
33653704037257
16944495010076
8750195657169
108682601089390
75860442179977
54246327113869
56747731104477
50679681730115
198785204334
120466598778803
77879692422046
32926081784594
65401628952495
148587328472808
536822920957
164253676823846
3679450021960
10768159952237
118124091914150
253296003281541
165925546495108
29620322661888
4225866813511
2084915860900
162796031856862
36363093591008
39436808991965
383593404399
21002293174313
2728874854630
15134318798325
9613550992304
42681599331778
12777566021872
69568787825971
10284050889180
96620773618523
47869828772942
1448164644197
46248586157253
246662252731808
65409159530055
12453125520164
113394526994
1038718627534
43357418601375
200088665535865
204018680424
30877362577416
37541787247613
134269220965388
40230465698611
103323508775199
99525823745298
5392010046361
6359458791538
246792833696660
11604974061725
1675827013394
42956733710206
6439892545431
37380958783013
24051415902218
5396876660359
175465945238291
83343110720677
82699013196468
44192944928499
1261564493963
3548639828902
43421568489207
302625904453280
37700380014158
201825351813374
69989700692820
13076632073198
10360568232827
5831427802604
122014498612645
12099921130211
1616402159772
112440845731637
52468944287893
7206538004148
12629415415966
279110206070824
333954562074555
13142970755846
139744682207209
23373370381884
8960421695140
204074124005254
153194546416959
90003952833119
17758283175384
49981750830120
144433634526447
7559857718547
215975162451672
32819199677498
4552794651
2132394870548
222122360430577
225797539696492
1453027255540
7357912264742
1586474013820
106458208249702
57969622102649
54599334113665
75074461564903
66201552694170
166014551552770
20871625756171
4832086825974
110741144093373
69945190425316
177836448039722
32161632012521
314929265854304
21715381394043
31500104193722
124461609411150
191151971178827
16111897912417
9645455120728
34819268239425
22505403108523
55761142733469
27841713519457
3380042964097
90258697723954
41429204657717
5894339149808
12904465825692
42174596310037
1118666371593
259199504695425
5500678371135
292395102195124
143609399840914
80022506926260
178498663954511
220730790749326
49470438923483
5602177265757
4956305323256
121492457613326
20080297942639
165174487714283
107930315168709
98022771738166
15338845962869
8117896939413
30706704853421
92706401207149
9136146286241
299643392936226
13101651703756
101743501345597
-491222007
146276172263783
39650579367314
63182730247417
88727992657814
75656917542893
78811622301531
103082952945501
66100424452574
21604280965242
144132983759285
34956091848726
6917315847282
3114883283952
171501405868017
22873023707526
6141107429516
330585441090995
84523160550941
39461876907650
19729884060129
16859991052073
4179674301537
20903296058840
15767795135992
32459361172795
18138401625094
60752852357622
109775712161284
262966849193
338218577
4153144453228
10709197325239
10808640801334
4254706025702
193414049660666
24788383187521
17901309065570
359586228479568
245168548567097
898110732096
130075581621395
40425465116711
3711931004080
69847509495006
105709802976168
64622311269203
74008644926769
206641249498375
43710931836398
4465096534285
82723717466455
1586310848820
5240400721682
3995618638023
203980895229133
4022510942617
769889091085
10942067930277
35544552285522
26522643615258
21127760590643
59960388591059
7284434911344
6695824764568
40239603304588
312442842590255
1893685891694
59388835185190
126954557953918
960394689169
89472213973151
13209698700887
60772833180741
7814659626123
2922693969414
15523586338509
10630130086083
2144213496413
49987116396720
101302272778366
26910755134929
30979412423518
17934913102032
12053055614660
86058021168519
82869782166273
28619258479591
1253167907203
5472573873357
27803646136772
98548424336152
38452911805340
45564969065844
37642597676100
20300953538022
3550442664128
24228947728118
266518877275567
245777035187530
5118652356242
182194985733852
18337507343359
82704421014077
53773333478326
24424260844444
190200872954084
42906662490181
2401151303615
21987427880272
45138878624453
9497638175417
39069129192701
8866345684239
13514406699802
37499214987148
150507542700284
56608664876708
54013884826995
29804229632891
110937548958010
176402904047782
1998993257499
51081955472079
46424582202410
18282224580676
62267662736648
87910775609820
1514643908299
38091125112247
9130369592868
136365102178522
9791589881631
1717316847796
