-510019489
-474252187
-467105387
-497205742
-529504462
-484397517
-530313985
-483036189
-488568387
-487625863
-490717867
-465846554
-485747548
-485079812
-518362407
-473881260
-484991063
-521264873
-473512321
-539623738
-501591880
-511688820
-515052693
-502409692
-359077178
-490956194
-491293363
-498730559
-472783195
-528286090
-544890090
-495526785
-494775560
-534091443
-489065533
-521343918
-482770651
-498421355
-502318808
-428398718
-532061218
-522347537
-557123397
-455466627
-483966626
-524583706
-491689485
-526695601
-509383522
-497444972
-533016997
-500614660
-461432230
-510187734
-553486016
-499216461
-496288826
-486804099
-452124931
-487515907
-484878268
-505179457
-560719175
-484421365
-519275908
-482998747
-485761196
-494198275
-504880444
-579378075
-407460033
-481448532
-513102974
-531284308
-587696852
-487523713
-517118069
-253757246
-583779173
-539605080
-485904827
-516318091
-482383028
-487461932
-491182940
-499232457
-515797288
-495951163
-463728858
-500088256
-518707118
-505013696
-557285961
-551041937
-448009962
-497474911
-496290025
-497585480
-488665835
-472691223
-477936540
-478805613
-418810624
-522015333
-493717699
-520980003
-468882720
-513583026
-481419968
-517157923
-457657540
-477096120
-519492729
-486840342
-498517435
-506738174
-473816059
-491851228
-539935531
-501092443
-511683035
-475319733
-494101581
-472848888
-509940105
-505416145
-482334602
-476115409
-468333163
-487080795
-442745157
-498344744
-496305358
-520575265
-441828290
-506537513
-398118805
-511151013
-451626662
-505373632
-444899230
-535893515
-479803124
-485358104
-498205484
-535494606
-494153883
-405154634
-491636731
-518409354
-500851140
-444799417
-496360171
-467237801
-476820654
-522216685
-534146091
-492665453
-515071881
-521654805
-502243148
-472319696
-508847025
-521374574
-508870689
-505392135
-488185814
-513381255
-517946946
-525609092
-504968124
-496176340
-391695939
-484790801
-496873624
-485475804
-468940550
-448303262
-482991749
-490225255
-384936188
-490092982
-460180424
-519066478
-513441300
-510744480
-475664762
-448854130
-444108988
-517268119
-459876067
-496880494
-413381706
-479635151
-494843621
-533947663
-497816486
-541373376
-529460236
-491205543
-497805972
-508700356
-500117577
-479903300
-509507193
-528953739
-552084986
-464479969
-515823182
-489934263
-453428575
-500171614
-474377114
-529272781
-494866784
-500263181
-486286633
-507658469
-492645184
-547373923
-425166577
-460613610
-590355335
-509115621
-524178973
-502119619
-522902106
-486674753
-530519500
-513087872
-480851514
-489999453
-505816449
-503757915
-515420510
-531426592
-493646023
-518529862
-503422317
-495778965
-457847869
-492151935
-457818937
-516890571
-486036257
-512480453
-496881921
-484320659
-514857064
-516039049
-480499635
-509175271
-493584570
-493887920
-322819800
-471286237
-471894699
-534893316
-523183962
-478398954
-516987483
-474579144
-497520637
-509310092
-503934125
-570613821
-481319778
-478853230
-484755785
-528382387
-539907938
-475588745
-595911883
-513631338
-497120259
-511484326
-483737521
-538059511
-540600353
-523594878
-525536108
-481137509
-488198937
-529337717
-500793007
-487475812
-517162176
-493686301
-507828415
-517223280
-477987666
-451561836
-522393091
-437754076
-510046249
-529051310
-512806459
-542675631
-506858153
-509569990
-494431281
-511299898
-500955822
-471604514
-528831888
-481978164
-506991220
-493405932
-298176671
-484595241
-493931839
-488667926
-501539734
-464902622
-482622230
-485031372
-494595731
-485384162
-514329237
-410208685
-508916808
-494603088
-437985561
-501846518
-473117528
-501000164
-503206544
-539205818
-474360757
-565406477
-527414977
-491157705
-477683825
-513690390
-511869115
-495761873
-481079404
-481725571
-519607630
-487155456
-500356350
-508184325
-495006399
-527809043
-593690225
-483209131
-492232138
-514075427
-462650888
-476574243
-441390456
-475576398
-486914069
-492925888
-550981822
-484723514
-489005177
-480437381
-496321661
-631230059
-510184687
-504684525
-481753149
-227535477
-496769320
-486963725
-524856497
-495600364
-496629211
-522750298
-460896021
-486943514
-541059061
-527107765
-488892617
-546874568
-470528149
-487692413
-480382970
-485330157
-519051755
-497524847
-481738197
-480879569
-512337569
-451689315
-329651932
-482789027
-508171642
-393624881
-473963766
-524712137
-484854331
-454938889
-485267143
-544244566
-484552953
-549402555
-528455075
-504919566
-538566289
-506471702
-460218763
-428716469
-449683129
-506885197
-507496494
-465839923
