215538510044446
6904357507029
168891794923763
207125535810
3796541709421
21509640465079
40048222572327
46234828248665
74302732306845
66089133905363
42846383725997
32829188582769
1114131769817
3530796912681
19788468759364
8973184595015
37796730187285
4037485973424
22684855008577
15590973651956
17046333256498
221624562459938
44976630883280
84162237094854
32653987698569
6029356333678
136677738615853
142613852723346
108191075727475
20045549444704
14348451774550
39669130674629
23667811695832
57289086496764
6087327179479
5372791111768
78852780888211
9958191758273
217131282511549
450692765602
256895744128746
4891388481796
85244185034255
170988638896862
17795305276528
5630160793590
26616858845561
41629871362601
229388061138955
40874051366772
12084328273271
3550435230280
67060926931968
22225444267203
91087316134209
49817789113475
9454206363489
76938683341906
2778817711042
28500109008061
71440488123266
68115842346961
23878029113199
25153812755061
15753052676840
218431534497483
159067757219
54286810862712
187648398101349
18236495359
56835157927677
143066617766867
43808795323723
271188623323907
205879882907535
21498655411466
179076111428123
51478545869900
68393683385561
85688002910232
41052329632465
7764073192367
38616642203892
19988784325937
2464175045952
22001581481723
150912978478421
13077525160631
150741134788515
39481968737189
27967929990947
6014001059518
32227141359199
69787696972785
4763055537668
71070687612179
40972043118624
7499101086501
14612250554801
203355730600451
25179473367849
29657645887277
41271567817636
31479730651082
164504494229588
157152159550515
74731206849163
1437474027131
92945564232409
8146620006024
2262656247391
50242540591467
162365124498863
75481704283452
298475026971
216151902285952
26525023642414
183287727996106
5090243088086
79165626833141
3488745222419
13650313490201
277300324459383
177693126593673
17416800207382
9140612575740
145463525360767
28945057948232
11754268010976
72360696416625
4409805792246
29653959710452
399203135351387
47820865111206
25373809071992
36019900279051
35076860768326
49398766400183
18357910070429
70261683487566
86364723916642
14630799900038
55860590000862
29970071299507
9516530101232
32727550469475
53302992311319
56337629928521
6400296983001
2586413726627
115965682186056
121960478057475
19182569012851
151624915681025
79334224709874
47569655037818
180407591481
10566242780470
2611643338646
332102947948145
14570152554912
47882453577622
103754125617963
1619401715707
41581999703996
12807273476805
199118186179139
41318038231103
11992492350820
57651515493148
14495574694101
62662437441008
96902445051502
34053503095609
47362355555886
13765589538176
98500275481538
89295612540222
9928578213721
185417076657817
219587526354442
134464456710598
171089925463458
68082543564
33495650102597
87201122662718
162793516113166
58778185876332
52138158610340
16811322930270
80389411712829
128885239283764
44483321240577
22889149536279
9470438302891
101785718815346
68672233443
19152344492176
74580462679555
141285487405237
6062515622819
184407978326471
23371839357095
103721781159623
66326032681298
21434846842312
155427019964818
39189080015039
39422336642114
25118440203824
10156598985645
17441219110697
48881581505341
43311307357370
55101980506775
122455212177064
1815279402744
118329655381960
95859593243450
41710256797398
375707327
285729378931686
1884358063120
27264625688463
258084788305208
73450812240316
32920052822932
3857483866982
48786665322478
93873735605666
57690410400091
34181342175643
23778558059275
2440894063277
90187493639273
2194033302104
29456516586503
112701689153225
46999726384604
692166281992
7320743861635
17419632680148
172222432645115
13091662701952
112167850575305
11493724628303
44181460893956
13309561875014
44269840993808
5815878859653
13961096748966
94461076702601
53250065512878
125959317361903
213315493489577
40402920995227
54683627676057
279445283772535
157120407491178
17306624262855
5424755155290
93001061018392
22292158056296
84453916214318
384239460663433
79659153025276
97723225229407
78717559994057
42914352431471
2732115464096
23481855545941
8220883118541
21040707888399
259233689124777
1307463152696
71975742406470
36521216458754
17219706410866
6672327546487
6939636452277
16258951864241
24866638000696
38896114480678
36344909174288
4574427808150
31522078045913
148718984801875
9187967769386
45131942434525
31434638767102
8456441937233
12573938457792
117011451471661
193055131451
59641437212608
409664759885
33674179793805
24834549969589
127443406152233
42847554382831
33691212717638
4779788746681
4549151337004
7242177258138
8163755399058
608145488
9624683621215
19696036173919
9198936252315
2923852868303
144408066309595
113358028303839
16219287493096
14106164926492
35996701653382
38147166487969
47102955015111
51914986232915
266936081896764
18462494230963
89786905278196
208207691858617
38943062808041
55652357511776
260696028902440
3099777698710
29234984337397
4020090529371
23331170129181
9204340850429
128105632558533
184999765726495
58556336563545
43247203241203
28011879051830
46572822781898
35874705614915
40603403849270
207291234486523
96835697416954
22834186788035
5833451502718
34937688040334
584301491413
50130407517168
11567977178346
5221965511333
1532333421063
36637768421620
43833385729805
81061111678401
132307923740161
28983674365672
5951564265950
29179104231037
35919235398839
34590120826648
23274688099863
2323002844621
147963514301709
7489965866086
80034230168404
20205239735288
113084521362923
38239257965166
176467851125529
9230876109122
117989143429804
69108657456285
173616511422378
374150366548099
7000803166392
74040163301150
74691957329424
14953006976809
21502313836330
1089364067774
176892659081846
66017851249164
28823727789441
128020377851007
6730776172512
188912822458549
92358289747725
89986172420700
