-509013438
-507499856
-502311350
-512058246
-661896823
-556066254
-494215203
-514637376
-506351398
-483465267
-503965097
-487126730
-525353130
-503237227
-497440100
-430278180
-508570163
-482775414
-474485719
-499049333
-543476577
-491247551
-481075217
-522475126
-472769057
-462824006
-539587104
-530952101
-497083535
-507118404
-552956007
-543464076
-511471298
-505467999
-534980034
-473796962
-458744598
-521143200
-493195206
-495368910
-516319333
-493469793
-489600928
-531867501
-519672436
-444687536
-455894230
-496732069
-516366548
-538105402
-507371675
-503536378
-491949927
-521391949
-505958737
-458386423
-467546230
-431450532
-482624988
-481403072
-474703764
-535848369
-445291423
-460465974
-520144493
-618260757
-494038067
-528175285
-431191850
-515868007
-558219856
-487423428
-525319794
-482733971
-500396469
-505845129
-514861765
-500564147
-536576168
-421550762
-505221100
-477825759
-499044282
-478375817
-496510180
-484689701
-496332242
-481818514
-477030756
-509663724
-462788445
-495407576
-509089496
-516023377
-530503408
-469043775
-488785104
-518304126
-494467446
-486653430
-470813634
-475266895
-512393592
-522071619
-405162360
-487922247
-465749409
-459493423
-499981665
-495141697
-488447381
-537932945
-509535505
-531123573
-507559867
-492401666
-509650480
-457579287
-504034981
-524962374
-498023003
-469745929
-493902140
-486463652
-503988571
-492162816
-543364015
-448541839
-506424906
-471428245
-448189406
-536851873
-458073184
-543507692
-496647318
-437480673
-507291591
-519045456
-494101317
-523077872
-489126437
-516102859
-482783284
-507077245
-514606883
-438662147
-484504512
-484031704
-490376699
-503483487
-508276588
-524031546
-398524062
-513524209
-487936357
-515858697
-531017114
-512823647
-484402079
-460069371
-486820700
-422226881
-559451844
-525235822
-481282369
-495642238
-486468402
-525055888
-546052525
-493957474
-514172068
-512687417
-506317656
-448254525
-509574331
-517421108
-487984272
-510010510
-519223962
-479204078
-484991935
-480210016
-453339004
-458359012
-492342631
-330843380
-491720783
-467833725
-473438950
-559711890
-482946615
-504737136
-506943299
-430444297
-517201275
-530171351
-496835364
-499327822
-511417921
-516606834
-466242383
-494645331
-462460305
-521497314
-491979873
-491763205
-518015297
-493858082
-439396184
-493168475
-471256895
-490863247
-548897281
-512117477
-487872124
-269447608
-493958742
-484520474
-516542823
-525203254
-463433742
-502467253
-512351337
-505087883
-493596101
-464423175
-465330708
-488711235
-500344600
-433852560
-515747744
-515324599
-497271673
-487059313
-524711717
-524305361
-525088649
-481347596
-508700716
-550804699
-508881967
-463639625
-472970459
-512398085
-486136285
-499919411
-530354913
-506455897
-496384040
-504970575
-471067315
-525503848
-532880305
-497253988
-535488700
-514529485
-475688785
-492374286
-501868015
-516450136
-505202778
-485000810
-471738937
-517182275
-479568799
-520232178
-500190629
-470480673
-522848666
-508359356
-450741351
-482526130
-477581571
-558987395
-531362161
-488832428
-484392172
-479599756
-499446101
-467239527
-505093896
-505495351
-503967466
-516588460
-474544780
-543947365
-470150333
-497140867
-439147705
-468875586
-512790925
-502799258
-516843069
-560084476
-505225663
-538655434
-481002878
-510797577
-488867662
-491498265
-510584952
-485211677
-492251823
-520778006
-489538241
-500947872
-558576343
-483783432
-518553271
-459216663
-515709606
-535729031
-403042678
-435562029
-528098061
-558668172
-435361980
-502859083
-477247269
-486003135
-460716746
-491054067
-459820846
-500899051
-541397786
-519815409
-507734660
-507731559
-499576972
-442111552
-506729147
-554525369
-506141049
-541323101
-464436286
-497007147
-494309729
-511792148
-480562609
-500743650
-505703165
-474405168
-508019260
-474014254
-482262662
-508982778
-477178946
-499932296
-530554377
-514555575
-517927697
-520611095
-525248585
-500534494
-515942601
-466725866
-469055300
-479977921
-493791228
-500511831
-549021199
-495279942
-484608305
-508381361
-452944597
-486241116
-434485621
-514698243
-482835732
-508209367
-487717000
-459143561
-493593769
-517172339
-487033484
-509549178
-505982299
-524220549
-519491199
-492525236
-512557805
-496923218
-511378787
-422296616
-474876825
-513287975
