839
2 1 24
676538137 731467259
796909375
10 1 43
803377481 118856920 350660768 666026638 333140469 641171216 228671623 226260374 699557661 309716317
888407523
2 1 38
34611074 646929894
997127638
10 1 706
854806182 42202256 481260860 949906618 880680229 761798809 848854062 159284567 765609734 523722203
508883162
4 1 496
64815716 732776477 293595323 875596878
454368179
6 1 207
837505533 748301809 635272808 195987810 916203641 726895780
133877624
8 1 358
205067507 536207976 849917314 663124308 589929030 192304297 976056528 407503523
662820896
2 1 990
307716855 457950627
280119189
10 1 989
761230577 157105658 94533869 547103655 229063686 107501328 997591043 671565847 267573015 777574878
883813356
2 1 194
269460028 235876430
950109878
2 1 351
842744739 717216801
113788750
6 1 762
236176905 387246339 429733188 737987708 293666206 381344738
476540589
4 1 564
532802960 745208759 494878066 755481877
853589319
10 1 214
184369217 379376137 436038814 917634040 812663485 252779354 892125424 806522927 193636767 394287228
547089627
4 1 760
722513599 170504316 505416579 245602173
922872412
6 1 294
233069695 357618636 222374525 79616687 447473267 172654736
695925511
2 1 815
248516737 748840254
838094781
6 1 697
412682228 744800328 951658448 536043762 973422648 968552444
549103197
6 1 260
343610710 5114754 417840024 281058613 917810507 41599026
617963327
2 1 105
573158773 252756946
292230496
6 1 387
270841942 176560376 86418327 812138996 234966751 996253
633716639
8 1 658
409027928 432990639 735905191 526156159 586081935 519194679 945995305 317955942
668934897
2 1 204
698732435 411651682
900550328
10 1 703
757971414 401329471 29831055 39495139 60312518 215382089 287081471 92493768 95185209 636324835
724730322
6 1 619
637907034 133898539 907620833 757997805 766075404 378133749
643019602
8 1 404
380677640 5121014 927253269 396022510 426487191 860209675 35333453 21444867
729340339
2 1 528
908461892 381408749
717940883
8 1 28
52430758 226913134 370689045 91661146 764521822 902702523 317169063 562355601
544005687
10 1 986
285785373 327032980 102741376 524295223 496794188 741000570 248444967 867801809 769739476 747948186
625974007
6 1 66
881726290 663577953 926368051 458686128 817130746 776289844
192411692
8 1 586
704950090 146338813 533438912 779579714 530502105 819217570 33399629 977111848
644346183
8 1 908
655980717 338043616 723251286 575898124 801953977 493753557 899948368 498704061
918290476
4 1 775
102983308 644944180 461134094 829931626
340939849
2 1 736
213932970 495254996
267428327
4 1 689
637853853 797410104 780774729 624278482
104296091
4 1 891
385385819 612372363 200157614 30000130
508090463
4 1 768
291680680 633883604 560787933 311046864
11180551
10 1 45
305417576 219201582 701004435 58449573 288201898 314085668 697692607 403415330 512169885 569815153
154443095
10 1 376
639955721 977075862 411812873 138010016 542543979 43934246 557493509 946285349 367035639 991059910
572852538
6 1 481
93510736 66061014 170381743 896167135 434437459 222235205
669605252
4 1 466
457086459 452071705 202008089 57096682
182385251
10 1 765
595042571 869175541 125430485 985062374 416342381 223897818 577557966 526089010 874005710 174031133
691114987
10 1 413
132127425 407883394 940528050 39437099 805801349 599161700 156656946 418753052 335013614 465578910
198441474
8 1 534
369509788 688151666 419311624 986472484 312414653 693110602 217682565 654015108
158405146
2 1 119
697513022 510803247
905174632
4 1 556
869500588 658324587 57975469 579919910
305762760
10 1 438
431190977 478669055 346175947 205532660 731952046 738479614 366090986 840490832 993861674 721593170
585707740
10 1 621
95147716 656400275 494386270 120527599 440395888 337888050 252294653 849768770 360107087 496087667
850126451
2 1 249
665456765 250027560
499155706
2 1 355
366363664 206435239
421350139
8 1 332
276118962 507049775 426107558 986609915 246318283 922697929 898819313 973597855
535244401
2 1 73
511070887 479314397
811673306
8 1 818
501426764 840316698 255900709 506965789 510717114 369142480 439633738 808155357
263986774
4 1 914
123963092 539047837 563940940 734183526
148833609
6 1 999
892369784 400756799 837785155 912227917 58384526 677812271
454178572
8 1 403
376707845 217076615 920271300 873227365 437624223 75923952 221671710 80229685
723605475
8 1 498
6216822 700638810 454691433 509521462 270890770 258837521 303820872 846461434
660559842
6 1 193
721067796 173036706 137908390 324955574 999255340 81154610
978700949
2 1 165
609239165 754820121
265666062
8 1 487
323469793 51319262 192608706 873906686 42602963 762765721 450650043 334204242
60723705
10 1 51
190398185 121876400 935203892 206657971 693492972 510617642 316010172 184318723 204560796 57242855
824342965
2 1 229
700837915 129624186
348926793
4 1 472
474122139 624505908 246707783 707784177
467865743
10 1 790
139829317 466376958 302700310 303864943 781923025 839213639 525989816 158945199 565236869 527161840
199401820
6 1 176
744677639 852896859 116810664 713554990 428311747 329835805
927488834
8 1 12
23918004 650536159 20891891 594140555 535651271 305149059 149775535 771155817
300191565
10 1 27
338946980 610399352 58461917 618726680 15591510 939142941 530012866 161822141 779698505 722516362
519685367
4 1 424
305603303 437914380 681822420 603384258
792928745
10 1 674
2556109 712631583 167329384 455765328 239281054 339698445 286685030 32943393 238114425 777646022
456839141
4 1 971
511546543 833815022 994527080 928296090
757328653
4 1 533
409048049 532568907 301642421 733575669
757570285
10 1 921
544278424 77957779 242542751 438780464 53150905 400573403 838041823 824484367 265770818 469655054
558947565
8 1 667
429163111 998456033 477567064 296499234 381830157 501501378 694797183 273704365
865970591
6 1 392
926890810 741152998 944328119 802108102 250849847 245562907
691671773
10 1 36
815729941 62350834 651542598 688208552 583972950 665834685 98995282 310452176 782204327 695275471
905845885
6 1 436
349179475 599541 82776586 764424644 486305839 241081822
765042115
4 1 942
49558480 174745395 322125014 602830269
711164810
2 1 970
731541410 853132003
321420228
10 1 532
973337568 179280521 266556391 143865707 610112819 523281676 982196792 394686902 174402832 377820490
593666010
10 1 857
568889346 588555663 679329875 505713840 645235910 637649902 188245067 689562252 555524416 67750389
190567517
8 1 956
301108151 290548943 490261416 930883234 336610048 274505883 160797909 518236156
831718837
2 1 864
497753322 308672562
79801703
2 1 473
58933309 646671702
609794879
2 1 120
426977936 785531367
867886206
6 1 549
934021976 161689536 214263375 252976885 14956828 36867470
818005663
10 1 942
254258580 319509738 111518538 973638619 95606905 98152129 327177919 494491609 825820186 23287217
549022790
8 1 830
542833027 941259843 341384370 69413383 31144590 708242493 633247666 803475480
577411422
8 1 672
113233865 287611358 749787877 794240758 256656190 746336745 107690063 542124879
241483451
2 1 188
287975412 227869271
977608452
8 1 334
95485978 507297726 37044358 890792545 803078929 11788501 928132775 69599758
395329776
2 1 182
823220865 532543146
919937441
4 1 993
550455892 793651741 540823518 681975666
356433775
6 1 175
987539076 271801063 507136254 788105953 708121544 769730870
803934739
10 1 623
121304114 688956512 272978797 597035491 133082698 291727375 720509314 615282515 294364760 801162386
948454299
10 1 899
21107890 123720115 749142989 534537799 951571611 311127639 425495429 793522111 152883539 112357392
754059086
4 1 613
632885795 96798638 646193038 137452971
746612448
2 1 125
536669059 231182840
405621358
10 1 118
706995416 738429889 722446459 464248477 676549200 730011120 508710949 626730627 536930964 377402517
983704904
8 1 599
414480368 796087645 974881803 337196320 491966599 229084650 219980396 793682699
764953708
4 1 611
589818385 791091977 783074825 762426369
824618116
10 1 767
130601373 935474184 411176008 815781747 337477311 656558028 669488954 324306067 234280283 937583320
161571013
8 1 280
679140410 460138356 290452216 602240298 58042183 268121193 219317280 805519101
35565795
10 1 356
710665255 703739028 60743473 344345756 607032707 837814741 549726469 170448951 237898400 828553669
658233938
6 1 120
802388150 619467496 448056444 354996874 779386052 357969171
888333622
2 1 458
730916282 677358267
463422475
10 1 194
421781956 83549064 245551899 596245001 861405917 495900103 926388598 553014915 219500969 282902076
690227328
10 1 348
438010545 558459537 375790783 301253640 343866496 670512847 392914630 108788324 627368962 303292261
591322459
8 1 374
614135166 297305524 730215541 336333582 316675733 396098321 500208022 169651874
17481108
4 1 57
723826940 107421333 533987338 437393615
6625570
10 1 14
12805333 375753520 973577342 492516992 776287640 179836110 142725952 944645538 184851538 849688124
384383133
6 1 566
107268412 735625597 670440097 908836513 697466236 487129123
352066485
6 1 426
796380095 605923657 505930819 176724961 409597972 33608733
769084163
2 1 557
763770780 622096048
910661820
10 1 822
256420595 816686109 635494931 671780349 75905753 148667590 513840218 621340175 570154678 926313828
920839228
2 1 580
92558732 67478406
250181771
6 1 996
564878532 319404962 293137643 163521175 140705419 466879658
255938099
8 1 61
12230508 223998981 82404979 240401833 296141986 589417364 639663783 961292665
786760001
10 1 724
277706195 114789264 968759853 519079492 28119785 982185900 528654948 770780562 606255691 232375654
254472347
8 1 334
132813958 405507786 212776965 177587600 613860669 42217767 386311787 835291153
328518304
6 1 329
696369173 560797693 303588806 290160482 581183681 273068366
655383458
10 1 363
315171137 696043450 304457719 560927256 345802435 744858670 788617171 622926264 508523864 364425186
765461649
8 1 402
812777514 973759684 574188806 853401482 447218947 535291799 313396848 175383530
750069356
6 1 757
368807490 439812656 20636787 609001784 547556284 413864700
983965322
2 1 939
808808145 5481301
444907582
6 1 117
477146455 480045006 266615968 902587766 196081059 4730589
936044701
2 1 463
233969743 951167327
737130963
2 1 327
316450377 47935067
148936102
6 1 958
59164985 680779712 474645017 800943535 413172472 364337100
647124219
6 1 357
703173430 967101547 38529042 755027095 151357496 355677063
931632683
8 1 490
367603310 863008425 861417066 967845468 467076348 556244240 466082190 806740352
333523593
8 1 229
770663853 927336853 548148811 14094244 553501891 42255356 331139756 438739244
584988249
2 1 177
355796933 685055022
275412430
2 1 490
749862834 215758129
442454602
2 1 930
435010025 986619462
94122973
8 1 197
806990722 775590354 113635244 288429847 682332456 130395951 144051040 24943842
360467650
6 1 939
141701235 371517377 898093040 837195205 295876145 498489729
304538357
2 1 466
249162350 865540254
844181386
6 1 472
351037378 502220844 346034202 189041117 213811093 724827938
291980240
6 1 760
682327723 60988365 948773488 773239230 576397740 623490203
437799145
6 1 278
303516272 221702940 959705952 622273381 185605041 12507202
248534037
2 1 979
30294194 241697832
217193009
6 1 116
380542001 418944038 481978321 746350986 711994602 145602733
558634180
8 1 663
968286941 578516958 638466928 899369103 687108290 115130287 711719581 687496353
167189333
2 1 687
630541901 876038283
821496158
10 1 774
577440835 288670388 558392734 911158491 813816403 48162634 950307601 630880453 498239648 394942854
977378567
4 1 550
298230108 232451382 990663028 384116524
381717434
2 1 412
419235514 829015285
278097989
8 1 979
508925320 141875716 150493690 319029220 116540639 47425691 14830020 369936384
76428885
8 1 317
453334809 221245439 912155033 474919311 18092101 743032587 300434223 431863681
554567973
6 1 55
794535639 331031104 58518416 775355089 736191912 83766005
3159770
10 1 308
926060347 265939718 435034504 466812142 329077288 924211955 141403518 457455915 735717803 293670460
648306317
4 1 709
170150487 139936347 318702888 683502276
627789482
8 1 700
215813489 804819659 277119680 233798118 137371596 723877276 498082253 320266961
580338318
8 1 294
891639201 141282387 532634410 154136447 553313005 10937596 149863958 794824916
75034712
8 1 998
475149241 771103330 456379837 147365676 891287027 948972404 688880106 965040959
444597005
10 1 554
588754364 322204432 784332053 862244706 349042021 487302793 791413663 626056912 147756307 534627812
852798274
4 1 780
202629370 904015638 855571926 593724031
867243603
8 1 377
238819043 988716014 512294842 622194739 887038995 231330253 193606123 826869968
599489734
10 1 380
821277566 478255522 905209324 594789330 596709999 114193812 288239868 835555337 786511460 913705419
154052926
8 1 826
60871746 960776226 877474961 615780320 377195004 88571954 780193704 372230158
928307759
10 1 126
846493644 232436904 482186087 672338663 972146264 668478750 145741606 802739002 298591616 967687046
175844010
8 1 104
437658640 836454803 347350368 188376061 426482774 98408251 947739274 306729892
95073451
8 1 49
508873207 805156501 592264622 312266018 467240036 263108110 312573609 142335480
192472075
6 1 598
64864743 251031726 333104000 64239844 895506873 43650190
778513522
2 1 738
962816172 923835390
89628333
10 1 548
995950885 11917227 607861273 297688980 365456978 49505951 919543249 188057947 743938103 14202158
994215752
2 1 38
611763273 657691161
615430942
8 1 614
303525635 302433318 219028119 827497679 334216241 930551230 478703260 798763482
103455296
10 1 30
928084147 954756878 135680471 673968136 498053489 87181155 332769749 752381649 85121868 960933146
927660056
2 1 919
538644684 539612060
721763249
6 1 40
822782087 142764172 742821323 188306412 544327802 384563864
696836857
2 1 578
233570962 802370592
42274788
8 1 859
917644943 86506630 435980584 884907232 22562556 804074916 135185935 761578326
289588108
8 1 885
716651009 240243624 670178654 488989864 372877433 553116119 746216500 924884408
13975728
2 1 435
841330604 500047784
905975490
8 1 102
768532721 53532621 359351992 38916177 431537983 60839754 209985492 575015195
243729405
6 1 726
477057943 590513553 31529466 995879099 881958184 173175251
704106098
2 1 70
240702671 478517416
15853536
4 1 715
683785952 714630903 107246748 618608298
441158760
8 1 380
699305583 970415185 106982955 489828566 773918487 538639658 419651372 166614971
713160949
4 1 566
244354553 444167661 177255743 684930002
193583068
8 1 815
148585423 682862379 91115447 369731885 523997674 185577412 161410305 619550059
649434154
8 1 458
815339308 983869469 462796591 712810691 281623836 215888088 142543026 40091743
140046830
10 1 482
391546803 274781922 244586426 580808870 620455205 944598263 334849146 715353623 358084839 660935112
53855301
4 1 21
268305850 50997866 253870527 349982474
236157801
4 1 818
587479235 346840910 951834627 103151173
888393770
10 1 47
825854905 436873680 661748604 552585176 332487013 650489348 489757663 596217020 194640869 950588207
395699854
6 1 928
122299987 494496959 203999680 563947110 12260417 20419882
174854296
8 1 301
405242174 510319051 326476730 108484504 36956905 437084140 913940898 459442097
719115698
2 1 642
462447015 740659380
786045238
6 1 86
515445279 833714171 52976240 110783567 279489148 834119893
9728233
6 1 602
777323636 359952941 756845860 479089547 36946578 822921259
351979051
2 1 814
968474262 222841569
988726009
6 1 753
742102252 649008013 182702143 269734112 421786716 672060291
801126627
6 1 998
604870838 899093395 117304650 816602154 626275669 834449202
700163736
2 1 10
859635869 581345346
71477028
8 1 333
259436077 557214371 477085756 440703420 790566229 9995516 2287191 7610612
141962791
8 1 960
777338005 28213085 477858116 832249765 445349851 259380863 975234987 1620779
749337495
4 1 124
234795003 19036955 155177164 824799178
14812952
4 1 144
51959571 669544348 74654202 798585482
751069409
4 1 80
479086541 988021599 895430464 949242129
378784304
6 1 79
716232860 164499086 210415676 598123221 51899343 414877831
677985687
2 1 811
897559098 20844414
336722216
10 1 107
299461973 945211602 734585374 359273369 489712955 639746012 335717725 110268041 302455852 524804418
337823659
2 1 111
27419410 734240389
576532323
4 1 224
128319426 9340671 825196773 360723392
23951381
4 1 201
714247462 221030169 241078237 393400451
32203455
8 1 368
645440822 895848077 443586791 52936087 573866409 999498352 579335083 653008397
996068613
8 1 217
314752800 999718486 739128833 692297162 690273026 705827888 896094050 994879321
767742307
8 1 455
609678010 380889382 945805278 357347335 178611073 957798001 694507839 847432229
37241449
8 1 666
176607736 637743478 930436064 284246543 831848464 798586859 632786770 791177551
948344637
4 1 449
942614907 750271121 997484433 448427606
164066325
10 1 185
626673636 601767030 496818286 399076852 102926530 893188062 50379767 749655873 697526518 402884206
304542100
10 1 585
735127206 823172025 253192303 670174586 978199791 452794574 969699189 596073824 3370062 43609684
803552148
10 1 671
323041966 246687536 797987908 632841689 258996429 892297548 876741620 696834036 284949284 705302746
209990655
2 1 161
901295955 103135388
907184426
4 1 93
258737288 539211383 691693792 353442869
258999835
4 1 818
145888491 149149381 509930719 23927379
170362629
10 1 263
770413970 328583975 101532875 288630228 366286142 896813984 757668109 287272926 573854376 993516741
370697978
4 1 941
215059017 429036466 234594323 783210581
142425339
6 1 236
81415590 805535384 77596823 223043173 480727318 739316533
710186889
8 1 92
553945782 851685107 372220862 669018676 663202387 644095711 498391060 374854175
232235894
8 1 114
505036042 64866357 166703070 566147887 750690492 280538261 81184302 630238949
933532636
4 1 199
829972077 671344837 30411031 118718996
72317710
8 1 11
234080286 484191519 931934529 949573436 198820527 320922318 711395186 665377075
803121554
4 1 257
105825013 132734470 468862257 994495828
89272083
2 1 866
179072558 372564285
117557518
10 1 426
829157053 874924563 330388935 390465649 658365245 820039720 596555666 37802071 761668620 211548578
262406320
4 1 723
632580179 199011560 592128060 498243236
604532277
6 1 224
195264112 564514175 839420353 554237916 120686095 394244519
141836148
4 1 528
347602865 706166389 173756134 826229856
693531404
10 1 739
163627856 764812491 447966542 48102615 953547546 477741244 988201229 183844583 388008766 784328507
514919403
8 1 648
709131437 566876924 477091941 880322032 730239614 117968959 961086910 412555211
307875677
4 1 35
322892877 518154860 575254766 368098349
836662701
2 1 746
188998779 537484048
622816817
8 1 816
382108806 308150297 936983511 282057891 601461622 147643406 437674106 206030586
900592368
4 1 801
923678501 196505100 44861836 1305455
568378517
4 1 620
499019239 233403378 788969741 76344990
998236693
2 1 960
701062511 307313729
459432698
4 1 795
694987402 146616920 207564699 959330632
337368458
8 1 721
856735807 681881472 405549408 65372490 164750766 118058963 743588074 549239923
606174910
2 1 150
817088876 49548053
28244749
4 1 210
514997925 870319194 110328252 700031885
344674015
4 1 844
631193069 912005946 770278867 978359425
422586576
8 1 907
225018456 970677497 968662681 157623322 606854798 446562255 133854785 177245126
389949431
8 1 454
586866153 627211917 619990175 669432417 758709290 503471385 982771626 656770954
715391828
2 1 412
453496021 141398086
89924219
2 1 682
375990065 799658457
603359194
10 1 861
54015097 998193496 515741442 459673665 551882054 687883103 353697911 995413217 820862929 565032654
24702323
2 1 443
875844450 511554675
889123674
2 1 773
749871021 833245590
996459431
10 1 964
403826798 71818907 413089227 11699872 829232477 517583047 556092008 252568672 144535450 649162206
784192432
2 1 585
430915890 151215780
708749823
4 1 6
3239288 39730746 242852078 906916088
956804074
4 1 723
158042910 196659048 553285224 673075432
55253489
4 1 580
445993470 999963846 62063501 528159946
878665840
2 1 386
398344515 256858537
928345534
6 1 485
270273262 614542739 891983275 827306737 833685222 806859007
260520884
2 1 916
192517714 510109528
743085866
4 1 315
780830071 387507159 38416090 77055075
170334572
4 1 444
176871207 433627646 923570456 672675095
299138731
8 1 145
324247020 134568073 735243425 988601532 942408668 944912619 784512906 329896141
330317550
4 1 330
287670319 663166128 34908292 139255799
422020254
10 1 421
935753135 3952883 599758485 276869365 659506443 288664178 289067937 260742115 402198445 781336114
392362313
8 1 921
111028133 84591727 151724692 642190692 752099418 777967146 247241528 2675723
306716852
2 1 621
333855458 287551511
451916604
10 1 755
810602614 353832050 850987825 629129794 173937779 497221352 836794975 217061372 896694396 174969849
294349168
4 1 388
937104779 628577629 975012579 369864269
787015881
6 1 448
919322577 641131072 99480257 268757418 398806008 614659385
219752908
10 1 379
989596670 231824146 314075161 630075109 698894212 661814986 168361367 769676572 441159556 504395106
688814960
10 1 941
13695045 646785667 827598987 796946314 814080350 501936214 51039866 622783206 763356623 205140102
404387110
8 1 384
58316820 713803339 57818868 76482987 377875699 614778271 798043496 183284774
934335198
10 1 483
39211328 658422893 324035303 62778841 406046649 454263517 189339591 411227035 68931971 804704538
768577202
2 1 865
831125336 273465806
235589489
4 1 450
325310682 744002603 356408132 980607794
569522567
2 1 997
156151760 997021503
818844543
2 1 859
358436891 709225158
167896905
10 1 318
594048885 449943923 483587604 385012493 1842748 56948838 454374062 479566003 56358157 911880703
487728471
4 1 969
629279714 432757854 710857745 991376515
20606247
4 1 948
677614168 420650851 776036414 911028297
250672571
6 1 901
40998883 558457998 616327662 559042121 132560840 693123134
408127378
6 1 917
78960091 381721249 579679360 190852075 746805945 692185719
909996426
4 1 462
788288064 885901606 810422923 976508711
117143277
8 1 96
629145579 474730891 186166662 485900114 546888479 107640608 547711201 269343083
181999823
10 1 513
775717688 959322839 421254885 730911651 489503618 337476506 604386972 625891323 720607915 171848506
264441196
2 1 579
962794520 132498262
608939592
2 1 853
364064564 546467006
264305727
6 1 77
264090759 320825420 599061813 434300749 540878154 130491098
840359407
2 1 922
295876532 312858836
152270576
10 1 483
808179367 990401680 495993764 769010405 760750385 62769620 280278131 233136537 313974837 478682190
680746863
8 1 810
278007419 992035003 692287233 24967498 295105128 878871104 497971675 743846075
955563018
4 1 647
729519481 128507855 492613540 240982669
925263694
6 1 44
343758777 172230794 51223086 716269991 322142418 414104378
826746450
4 1 6
298330395 958388203 590364377 257220411
533949276
4 1 797
340182894 589305607 557553248 794813413
731600709
4 1 910
650108767 161817128 361379294 720635939
331361241
4 1 267
330043770 638687601 286310467 335461809
227352854
6 1 609
99588386 282746795 646731485 972564000 639869039 712907367
675415731
6 1 390
476289248 17950431 100877558 248774241 660290383 73248165
295510335
6 1 681
636602206 325932495 214153590 993059335 137540007 998214637
782347680
8 1 134
471726833 187652942 128985882 565692766 223348471 27745615 61911539 24575660
45237719
10 1 327
588015294 427192942 303201499 545824022 718133768 814630390 648971863 596793043 683648426 335120012
588245098
2 1 65
159383694 103504664
477566601
2 1 613
931792240 83257914
999285947
2 1 33
414163329 999191509
293893739
8 1 242
382639450 525337590 301746375 546060410 163781493 869802090 261864852 995134878
659279058
2 1 153
121610764 479325717
518708133
6 1 787
767580713 841266705 444940847 668481251 852284534 942392274
445485202
6 1 271
63574097 185606979 141053874 289371575 498580888 577716921
730093470
6 1 664
313608 22922807 810245639 570642997 128108540 13782865
858422095
10 1 278
441345564 498186392 315535942 282616419 749731654 14457922 800277945 85218803 912710494 20952493
309906148
6 1 475
398278749 576596975 568281851 803055270 165057618 109517438
9854861
10 1 395
88200242 788963663 838612884 39129463 144182448 472385319 61138928 704482738 508472851 400871154
149584711
4 1 467
542450756 617213191 305137656 938371708
903264993
2 1 7
354810912 620547992
6256184
8 1 881
623655752 688478549 338029006 644714912 590302377 548158086 136153180 13821957
481026268
8 1 323
652454913 291888278 353525443 949009322 136131815 727214364 232222416 482126540
77590591
2 1 319
361431051 6195181
765618535
2 1 132
675024040 724583748
515906866
4 1 606
685853589 696092361 130842170 97496228
444338295
8 1 824
756611015 962488899 954082581 999357952 132984973 205345967 34908864 831763660
675509925
8 1 617
862946269 323407125 653254120 310939573 954675101 198924173 363533568 739747340
171810770
6 1 9
837424858 328355210 722077938 49686278 182053109 742369349
513638982
10 1 410
290927905 915576553 143278839 765959588 387881054 216061956 207424538 130096590 522301039 261931293
575916869
2 1 342
100186387 620309943
209963016
4 1 371
457115781 125773142 248576729 494464829
892676418
2 1 264
451980996 668584148
43770520
2 1 428
906352802 255753966
461774257
10 1 769
114513250 431900695 215824585 316938697 278552376 952801295 909126723 461946944 144447141 240403737
140028705
10 1 454
380566879 814123139 192542214 66667811 831351124 508174842 329240833 770528653 972241234 582550112
375233570
4 1 267
12749098 223854325 98027049 325433194
601589172
4 1 406
642780438 255171670 405145892 402330823
845062172
8 1 471
742984130 418954110 256327244 570430778 496606041 547790940 585904689 373551709
736136404
10 1 633
139105400 794825413 956898506 73394070 635339916 700783671 157702533 993520324 648923344 306506938
980383417
10 1 671
219233947 899650746 833909197 521514309 504812666 926400376 29004356 159910364 141382732 49022654
601386493
2 1 856
330881182 47587522
66021212
6 1 746
529872289 164183757 376643975 299063374 776878260 185469943
668012810
6 1 185
448753538 488880300 608390288 242541239 368786954 967904412
157953780
10 1 987
878298254 814642899 110756481 294129511 117207392 671337842 25800809 971197051 853552232 556289224
96419788
8 1 61
271025994 169729003 196938569 714276247 521166976 285905067 194720505 924397682
850824504
4 1 782
508075928 583715546 666488054 135061459
410029092
8 1 450
545500667 155817436 443217208 755563441 60456111 89429728 552188841 648220790
231676294
4 1 703
965701152 145716395 63934336 478898066
769517663
2 1 792
635743596 769571943
454441110
6 1 173
148756327 945768621 534500062 742762388 653181712 476907802
430883041
4 1 746
548345682 211129224 204539566 90904142
422819060
8 1 121
703144117 408447653 850425530 606685824 898723721 955318613 306691428 90471719
495602491
4 1 251
921057733 479669961 277821173 824723121
458524301
4 1 423
233546024 866888422 175693649 283045179
759286492
10 1 582
182800270 646777047 107585422 72030435 414428688 297968742 173665032 620172011 724117986 29264874
38724028
4 1 581
228636741 811196081 661919863 854439338
797645272
8 1 102
667657234 671432344 563265418 815007697 774617526 684886271 760283902 899292782
80751152
8 1 489
797633472 775494304 24897546 28350072 969644981 216703964 695105981 995130435
767143259
2 1 410
883395437 446305
244251428
10 1 790
770828120 789282043 561158542 398051682 813257301 692767541 190150688 719730180 549076640 334764546
469944177
10 1 751
849649569 630516761 111199035 927793213 368302038 660740662 493325578 110641009 36633952 444213837
186131395
10 1 951
207702971 860068363 832463838 151149249 287046416 17178166 772379049 154624705 583324784 96768783
551821339
6 1 431
973677742 754778703 789900802 438801179 236270986 201882405
899149192
8 1 834
559224732 263621704 796491469 143685975 174900554 340295475 573600422 546990228
776003475
2 1 16
468715556 617297008
304714945
4 1 119
61715543 638430886 319653181 824609466
635586000
8 1 314
640523351 906622312 914760812 755666742 727212735 578769614 607026198 89811615
427535442
2 1 168
12625735 140473061
890262066
4 1 864
611367178 154419563 56948141 447402593
299204535
8 1 767
824123509 904372621 741305434 337518713 240185215 898527630 68684383 500968590
191505697
2 1 709
527870370 645695829
246099572
2 1 749
645896481 116969081
940359364
6 1 931
68279594 597377661 862064351 628986742 297123507 294732410
489799394
8 1 745
777648113 840011534 880191119 555589049 213690337 733181057 550366979 322196010
635029552
8 1 228
882432651 206316695 318055544 257402504 217761700 336317061 428048485 462440730
198239794
2 1 602
606578328 400130149
515193429
6 1 653
690796171 936315840 850904492 652069402 751181183 345961222
273550540
6 1 301
667868877 973301485 326755604 142953686 938523825 791026065
356048998
6 1 401
245773067 991171103 937123281 400434404 53645219 459429237
539211074
2 1 592
357501249 147405667
53109358
6 1 570
315357337 478619961 539995180 277570557 531161794 237041876
548901487
4 1 99
931108741 416480918 232296583 546815683
516184830
8 1 529
639913771 171749410 342148584 828479981 829262113 546420569 900974969 497022480
135129152
8 1 381
668455410 577872658 195685186 867140579 851515611 479758660 632119176 837669996
303761963
10 1 432
789335148 256075167 677366559 319616372 29703508 821814410 592635167 368699192 630955447 91470582
283808848
10 1 292
369202627 893143897 737940862 651408630 684366119 932735720 486561520 793376313 818555651 849693751
548788374
8 1 668
689488164 487968178 666774564 20531301 466131260 13392299 814018707 462473893
5191066
8 1 258
310542635 403398057 34006838 529140615 609568729 954987731 514338884 789086256
88697687
8 1 997
138566458 252582212 41925405 475400401 817545817 627781199 838874486 606615168
618283158
10 1 302
67119195 481133296 32780119 823851437 948713179 50075290 714976251 123738827 212821175 935691433
109115262
10 1 400
177347113 934341588 694843966 949837324 751545420 521175269 161841246 218358166 938612982 738600611
206838060
10 1 55
91280026 993599650 929773092 101811212 346925700 722274646 8660620 813912405 292723937 725758466
296864909
8 1 306
415891031 183660653 863188722 322957840 252308544 323240650 176075785 970646365
642907982
4 1 717
78409026 294889893 787161576 362705179
933013045
6 1 199
135294240 668255289 627435637 673835367 265303981 186463868
268187935
4 1 172
352696806 407378377 509226362 968725627
709425545
8 1 639
15209065 869532681 383126007 295113228 4192946 954213247 492914950 372716272
232508972
6 1 679
608337144 209024086 550199216 688181495 255267238 655863979
654869306
2 1 525
561132178 531907659
281950381
10 1 151
10980991 907062825 645511998 55701469 812777630 583641320 61574641 987540265 490037858 704578859
555839738
8 1 991
770404495 838086175 398726367 273344928 189511882 615097557 154038373 562972473
333711951
6 1 479
198708210 569398659 307501725 753787184 988753970 601225768
952004097
8 1 68
29549983 533531754 515622317 512235693 770345966 365968413 924163449 629013865
832399323
8 1 34
35851949 275303305 83186129 169389858 553353972 845185611 925286493 390084329
78052413
2 1 133
480035869 518493090
893806106
4 1 829
265324421 355396599 218497754 702375123
281509943
6 1 144
816899486 658252523 381187706 448677380 165504788 555205961
491088973
4 1 882
579140503 356192267 768269078 301833750
664584603
4 1 673
243866054 695619738 856146135 625348946
418203700
8 1 556
526208275 64811968 434244404 40268117 636372182 949109925 916613828 361520936
309811899
8 1 735
371133451 389718034 548406202 996022609 629797035 173958786 843825418 390989871
56138122
6 1 388
798156675 637324927 213575838 604804343 801773710 539085080
661972224
4 1 728
67780681 599013421 521879808 54331445
511119408
8 1 948
170158850 813898316 756332294 446488126 844671841 838009833 932023028 232880989
821033663
4 1 991
414594100 595063096 645781478 204535691
884935146
8 1 99
329457189 849584919 309470279 473953068 628535475 449556786 975006037 488363610
992000544
6 1 148
676687146 182560461 416309138 396390216 902959888 384637141
815268222
10 1 821
694372204 127101249 275143708 486704227 766519534 909491828 300532657 417351625 670249491 395752003
828695181
6 1 972
151050141 625648563 263837331 741470814 558645473 66649786
988011161
8 1 210
65588452 23908412 82671545 3241557 542908968 694390248 504751032 204234235
111403826
8 1 771
332252313 867564402 699924775 659507063 866398961 452579387 214836287 861468465
612227950
8 1 478
755179990 496497581 11475588 615385319 795192949 237739671 360443442 508165452
717668773
2 1 557
353265174 292267703
140238714
2 1 469
41589710 639949865
116208551
4 1 986
634853342 344427699 521914629 825087175
862982655
2 1 600
936189771 804666421
431228525
2 1 667
337397015 388340439
340395598
10 1 317
213549070 750627021 466648351 547898202 928194944 383376455 58440942 153445646 171333652 148003573
346238186
4 1 60
851170684 712487603 213488359 626077064
464994268
6 1 493
864174224 781733718 365030345 652834136 868068223 116276989
472967383
6 1 448
153404310 259620636 370783139 748729527 26984743 958705242
538285415
4 1 808
840335914 39083140 999588484 796920509
324556559
2 1 336
578845757 107894412
868401380
6 1 751
307517960 329141547 969838673 111047598 597052172 238556565
287125402
8 1 526
97271454 121852459 77765664 605852774 565783547 912647962 431547351 286893113
526080317
4 1 581
555031717 636935401 41354250 386209391
210403524
2 1 275
76035952 415677005
896025603
6 1 692
947156329 276355153 606775031 688071572 13251526 943526503
853859201
2 1 742
208789797 733224516
691065205
4 1 733
144124604 913783663 515128616 277399717
622518925
8 1 214
968663396 687716251 135955248 868441952 282666958 692964282 914792397 175006426
99369803
2 1 640
560475359 80357577
652824889
6 1 869
925256842 682477912 494098651 527204786 85003910 810516336
966503451
8 1 331
662697855 767566299 208366536 984765984 479215891 566721638 970426977 241395133
79481376
6 1 612
936516685 997465687 263790054 74463791 993778351 744382536
248078992
8 1 58
564331588 796128600 259687861 502217377 983884388 361461191 55703232 360173265
40372927
8 1 614
54633306 33753903 802961766 953853531 551987656 287385924 818081762 694550121
523803293
2 1 771
10624204 619965418
738531206
10 1 826
837476259 710892947 562983669 911279621 40153119 825240912 972666224 418097016 943606552 515578771
543961967
4 1 900
303963625 357469300 525435551 797884492
470453718
10 1 486
347106259 814133235 673925946 886113675 312142297 804218085 658399753 415887865 360169268 950970981
720263343
2 1 54
700275188 710416314
540072537
6 1 216
722975718 368922559 87508322 191145096 515474362 925586480
435926448
6 1 873
241809474 115472421 624704734 134139934 818922794 886824435
454048588
2 1 604
434318113 346971700
650103423
8 1 325
563739574 854797095 705758728 140612980 307306431 934764565 918594217 733690497
444116088
8 1 579
443489664 951138829 707585556 602882506 311928208 272842511 952187413 523555645
744101648
6 1 19
541773592 600580204 378365179 954131865 114502273 779576232
975138320
4 1 189
217287970 360116484 486495186 16345268
111771645
6 1 118
389174816 713499759 67848151 265688323 300178228 537689443
335930894
10 1 891
414750974 912632365 960434005 545584315 958016770 281473467 503502442 601690794 720235152 332046861
672594638
4 1 789
855997852 343449071 985528361 465044325
119417161
2 1 101
638831955 25980247
42908902
8 1 116
752291254 666590100 113921415 305176091 432368826 407066717 248856433 970164195
365923079
2 1 524
625097106 640867767
379042827
2 1 788
296889285 4665562
390645583
8 1 655
817970556 874636784 361118106 302925211 998886094 463233215 749439436 80660039
576889110
10 1 340
161071528 421453262 456105895 702619377 36769056 335881793 28682400 876717718 139473437 275263502
437460084
4 1 682
284358353 203028307 910029208 663380633
845569903
4 1 275
639558330 952909023 685393768 2874662
660834227
4 1 78
923620959 930419455 764935 577241596
776718428
6 1 408
773635923 788109430 99231775 987533504 499441678 108700705
540099048
6 1 238
446603345 445873782 582235128 452036872 131924904 329598985
441858571
2 1 727
923757878 501297180
255292475
8 1 590
201325289 78415990 934012577 190873303 181030567 326559311 397752590 446818133
291096876
10 1 709
875981141 676373302 49585732 647543823 440529623 396833420 73670571 91511582 596312996 362626967
164465711
2 1 635
930895312 822025822
345120004
10 1 805
302685614 614958031 959487770 183983286 972571117 436847445 672900006 545352622 493180560 646166215
52920303
4 1 790
972426775 857560961 59295429 774046827
46047535
4 1 344
207402462 887405796 994101117 102797153
857033562
8 1 79
609782306 345553726 583759323 380488006 368594092 86531755 402493894 410342157
343730163
2 1 174
523762377 190953720
647894871
10 1 43
431412349 246902365 313902483 381020925 451862583 449426274 999619590 557228801 148559132 335061710
177931708
8 1 392
314392625 821146252 714824833 213872564 553698912 650043312 380534559 343205110
702087253
10 1 194
547233799 41156022 704195264 234075042 568183346 815628077 959704883 395821590 884420016 886074403
124267765
6 1 167
297672861 268911365 588182283 128464347 510328648 495655452
5753472
8 1 35
644179967 313743339 45051982 443583376 1345956 586220325 639720690 570011185
607289494
4 1 957
510128136 667740001 550491839 928427367
250156940
10 1 828
881303548 155240059 319113704 598457368 995114243 434172462 399097780 838080940 464596594 412149902
488258065
4 1 139
198648849 696457977 15387308 430361551
898384309
4 1 570
866650435 231896566 760246414 746079243
668039907
2 1 230
580857658 631960
134239220
10 1 859
283407131 176488666 902810424 483105493 116035649 602295121 240076804 329074744 893675266 275833880
486629145
8 1 238
552032070 666757993 161210062 568588487 659048351 569674703 98200313 617563503
290110300
8 1 731
599627226 94393011 785540887 76302673 980576784 690838662 275787594 624726960
129332048
2 1 934
417511792 661421382
364609140
4 1 772
565700070 515164609 783564073 978913055
119200839
4 1 741
526474923 77775996 535462052 403932996
494227887
6 1 346
63466197 812795446 779911023 940837518 655291008 471300350
272239234
10 1 743
822108039 891006351 122634608 10903094 341288772 269046646 720171233 507122076 117176656 966771360
614195479
10 1 27
674062227 800292860 23845721 533173344 496544611 451067814 773604510 446824442 418263851 320070145
865103485
2 1 341
284637322 556236503
570805536
10 1 857
413436585 736409069 701416559 996728311 516975950 530541704 752322562 410300948 178702528 379895102
138084649
4 1 260
586742973 448400797 234941486 114596546
806862972
4 1 673
831101082 741735271 718565857 749614911
941132101
6 1 857
850471978 666548897 677901473 883727542 947414507 131814361
319750640
6 1 883
505291524 226317918 250463864 92720612 670844405 154919904
612979796
10 1 147
758590315 716819233 691807961 987776480 346169657 591958281 59430867 83862193 417965137 244858829
34542736
10 1 983
617271545 85595349 613676470 950247971 715081026 191054921 532551640 568041839 593718882 546049083
726330881
10 1 943
944153199 696950391 918690385 281837850 401087319 912958432 409002190 270360046 604551745 356616420
519408120
2 1 881
510846171 148527562
566170448
10 1 42
716655575 480048936 125876732 663595240 336353582 690377015 791382838 598042663 705214917 674049181
572409816
2 1 759
996238765 960177623
146127020
6 1 941
973987731 856515556 166189265 818720949 237832322 201494600
258039987
2 1 364
185858980 549365981
712072387
8 1 441
191352109 615271965 772329182 207465541 171790647 948448096 363989583 544774559
944112553
6 1 538
298863975 989058718 206885256 603897421 671625500 722074971
395187574
4 1 343
911157683 731405735 300363450 269019700
360122631
6 1 860
813949571 946442903 420477277 71745295 221158232 240493856
824865120
2 1 997
630615084 654309968
960929825
8 1 503
545549530 68839976 652556237 296945062 226902562 389777768 856256952 370265359
530903101
2 1 859
745591818 641717456
396689575
4 1 741
370208245 302920287 476857621 920046442
201153441
2 1 972
247056726 503425890
511387905
2 1 883
443051507 90664364
46363344
8 1 377
913943798 699433454 683508393 446449977 557935624 277679035 171527337 410660700
931163674
6 1 425
828544679 718217070 579501863 385498541 171701178 933616007
325608141
4 1 635
178463567 836158857 878371079 721316971
454279711
6 1 634
206660776 699151363 883021823 260781771 145179645 461747302
283334449
4 1 667
519803650 659546407 223887175 577924447
240161977
8 1 503
766943284 70387757 43896595 914308848 524279955 779560131 676745447 86649671
286118186
8 1 465
535968333 92588166 4848486 962090709 463428562 131677684 624872530 49904656
645454919
2 1 409
295623822 553403083
644600417
6 1 142
319391991 556132231 119233956 215968314 868359024 250738867
40264995
2 1 872
145975174 243706803
930967253
8 1 374
596910691 520143391 449146617 341183259 220409497 591652900 577871441 176347704
626422832
8 1 48
746414797 613402115 934885163 729763314 881273602 677767177 791463551 159799579
732626715
8 1 194
789354536 604046077 733254889 688099453 19026557 37806440 995733272 448907322
99659747
8 1 380
82916000 108703055 86133676 802259339 351851979 77538202 596673401 977852378
575743699
2 1 694
247438552 713242891
999775502
8 1 963
858142218 157257394 636972270 662078506 460565828 447801388 218544295 88300402
713160221
10 1 52
343372898 96349893 748785165 482284670 453754261 945428377 256936312 574533728 326728310 572914915
455398201
2 1 482
920555039 106428221
455395030
6 1 64
152906813 93939720 672567750 383171055 862072354 542919403
386490041
10 1 448
2048832 691814562 357507686 260401023 506885547 777572292 873793842 617971902 485634864 852302320
699035460
4 1 813
198452734 307993048 755817821 429599158
620786896
8 1 305
310371446 242074877 245309293 643505864 29643385 356681628 419561888 786815872
766842178
10 1 175
785196564 645828676 677650223 138587287 705230937 832882959 126722207 236406778 467965245 908785093
229144175
10 1 826
292644023 793881001 378619418 505328169 857085058 837395532 62413779 880253023 815791138 867229166
680061932
8 1 35
889798769 924721297 180075732 426174599 19122618 337490713 655391803 269307457
295747923
4 1 479
167419598 42407261 857512166 575807010
768479338
6 1 536
860036849 44520360 377253782 643702249 583535085 230543900
839121565
10 1 557
445884014 967242435 942708125 852352709 123557981 711286546 995963447 319376694 702378409 604323147
449781722
4 1 65
469514803 666096181 542924112 808206431
634916109
10 1 506
628848298 147239434 564983177 108694190 799771775 561952450 887040199 933412529 873282991 608966010
303843950
2 1 661
68001816 121376468
781373236
8 1 652
214300361 862805837 349236252 132055651 351468661 4958134 480299891 985901499
70066978
4 1 191
125893314 923990903 758101031 303853356
832670477
2 1 368
447924747 26404222
232662571
10 1 506
948006412 536005890 346903319 700949053 879061395 395739549 396259542 959045780 480189931 68439604
247136750
10 1 593
336777241 128790747 417861239 402599834 848542449 742741934 768163540 983404139 805219035 484278098
230955947
4 1 663
210689958 510909894 797941963 658285700
971206489
4 1 743
832173408 876154831 723884462 740179924
161833703
2 1 687
631485403 650301766
605049137
2 1 31
549365965 90536477
383974291
2 1 969
624986202 376065557
437701108
6 1 179
411799655 461301757 82570127 590402075 891105693 291327165
985109562
6 1 460
531339043 744864778 392130747 171677309 292185311 52159453
781304624
4 1 8
119295631 173892185 177576286 520746181
623905331
4 1 877
366921549 531488204 238855223 157576483
284786263
6 1 580
48658852 280982373 747665358 311366199 639234888 879900096
335876353
10 1 749
768381973 346519955 278054554 326882897 875891111 747165354 266132204 405629234 996429158 68979709
302121828
10 1 117
526292834 95414347 475115112 845013705 174558640 536743539 644109664 466849682 600889497 214217222
873696744
2 1 977
257332463 803125022
210382554
4 1 872
728968658 108935058 442816129 217969266
286499558
4 1 921
554217385 270363139 934362848 710523102
838821784
10 1 507
165686674 595181555 222980334 746251474 433247167 102135991 479851424 705083622 672361818 768086165
733651375
10 1 960
490779628 950837028 398872030 973902017 882425506 707065101 275070106 695896367 126131488 604805761
402124257
8 1 148
479089247 238406213 172820348 717604506 390661224 395230262 525028440 938293447
108046645
8 1 831
949382014 657069254 883438755 296012093 653081814 754651158 657782277 326905798
689024427
2 1 357
3579415 928405613
15126028
2 1 993
499120510 356752610
75343644
10 1 586
515214889 301034952 665159166 713658552 409894301 885444842 794629815 641425316 880373861 961434058
46467891
6 1 200
740485672 467668539 718180970 698040006 509824206 734952043
385717959
10 1 833
203260389 81918017 563248050 619510657 955561835 570151655 425589613 351478900 718112788 265913728
383093207
8 1 780
482965329 551917119 788103400 766918656 153456933 494057835 957282580 204039929
304756921
10 1 65
753957084 660754239 379404558 706967300 631924346 22691849 287920412 38372671 751766264 343817528
382966180
6 1 425
849994766 529735961 222901088 728117844 424168328 361044597
300661602
2 1 283
594379478 591231598
192987510
10 1 148
187455642 931906839 671322059 758978886 613043882 690801333 461611554 751922026 940788231 443012689
782088551
2 1 184
87050856 398837688
579990472
6 1 459
501588297 38754191 811128399 33632047 671811716 718616060
238936947
10 1 602
483471142 462560616 13852610 894066178 119356159 227101179 566746883 31713062 246699539 744716492
716443723
8 1 519
855087335 775118274 48488156 838752062 799885790 668759162 755140678 409093067
602386285
8 1 230
578169872 993425355 865868107 8042259 866848619 324031016 139811258 864620729
669006496
8 1 877
345935492 391637699 135485663 40201198 344079797 15301450 989285897 862144566
585547168
6 1 606
120059050 626168752 779169780 810997651 6500435 722640305
499021696
2 1 776
910029226 231766354
60969785
2 1 939
860373059 582444941
748020450
2 1 306
513188971 416164891
461453082
4 1 669
218844233 770254827 262612206 596997845
299127114
2 1 387
266304148 379091427
96925931
6 1 507
786436358 532144231 364516036 960975018 282634167 437073463
533379439
10 1 818
746837723 432842954 280782360 624869988 411947342 801320291 219923808 858397123 618982329 613148158
81384098
2 1 152
998984615 562055334
126361947
8 1 157
656111484 546987062 169280708 875474483 134516619 444852417 218799837 140539172
349386219
6 1 901
659296518 788645415 356592482 263971076 601989949 463424966
225924005
4 1 443
744934267 809294023 94886694 599873258
97163342
2 1 598
445568729 797383193
660839309
6 1 684
685804248 83553740 776858616 910490932 970154323 86133821
119225879
6 1 588
446733630 323096052 473452009 181590744 604371305 474089898
236070976
10 1 305
63814203 940777076 48758904 587979400 71541451 174272659 789721072 279190726 712680575 262065456
528389464
4 1 628
863434750 208077477 907838941 844078397
39559978
10 1 819
902576301 92957897 88034049 401665172 487742461 817343312 336160497 53103283 657200629 726617180
143326393
8 1 952
966754467 842345438 791831451 429348587 926991783 71646797 461819069 77958610
26038060
2 1 307
273954565 842949839
440015677
2 1 173
771492165 637378026
234796370
2 1 324
465737020 829245036
592814852
8 1 530
995988140 749053216 287194968 259331645 374821482 461646004 388237066 317139970
248632177
4 1 613
160149336 212290201 249664710 727036062
446998171
6 1 127
947228085 152042533 536562349 519507265 919232837 521679712
948987397
8 1 275
817650599 322189575 42134900 127424330 904433808 495322827 652627409 220344118
569162678
8 1 460
941987506 439912456 228312216 409175016 296622679 151297208 771656707 522775239
620751242
8 1 255
245459463 255846583 809464855 547968067 398059969 227512251 78984306 342009115
471449818
10 1 363
788469514 767906799 655469142 339953758 841358230 447295741 171150185 689341083 720971041 4591351
947307570
8 1 432
130889470 270480557 139175090 634753170 982486715 584662771 551386708 677921467
772278077
6 1 395
775789054 735955955 224745989 502224665 80914869 750927096
851483885
6 1 603
621811067 627147465 929209977 821302676 909439168 756739486
126702560
2 1 669
973051501 891973416
501649922
8 1 942
234112750 216402986 525093313 702970269 855969439 904015199 867593311 325388905
237281370
8 1 338
866125450 783366365 179609370 46210814 386740493 410863969 261713614 720333135
605583594
10 1 236
826322473 54463782 404470510 594542222 302284533 455161756 345221547 618977149 315049779 381299126
803419397
2 1 876
898715715 926172243
552409081
10 1 939
271149316 592293999 860837647 755441558 872450233 54951259 489718846 201645501 884870362 508512864
635458184
6 1 667
262090414 820593443 169232720 39928176 226501746 238128260
951566944
8 1 459
184591749 195239284 193016836 657277577 234270784 118708966 889624626 599598207
630153565
8 1 514
171411289 44146891 496874714 785114663 183420149 151278253 463921926 373775166
153239190
2 1 8
794851497 381943237
351506928
4 1 53
807153085 571660213 215084722 932711424
26611672
2 1 739
386292214 427662852
938766427
2 1 464
459604337 690944157
605444015
8 1 4
302596508 534622586 611195240 516095538 753234655 818412931 168163312 679551017
582071780
10 1 785
275743322 45141367 959529454 325609077 222302132 348106044 790183676 166128937 246887462 545208036
57827008
8 1 346
822488941 935471768 329503817 144897596 676328185 2105610 497443551 211937163
828314779
2 1 356
641777959 151030436
991204807
4 1 830
923234217 282097089 753751236 70000711
275563404
2 1 867
993757263 967680345
690892367
8 1 216
710724793 88090181 805574195 624893970 100606441 906326385 549132197 987650363
443974138
4 1 779
750900518 700337302 604836399 621598211
641697365
4 1 466
333321209 32574367 124813004 675378190
633680486
6 1 445
798593823 235017902 147110256 166130192 26158863 736841535
974906301
8 1 95
679729677 879040258 181734017 77347229 998328347 535437851 761550920 412214515
1451814
8 1 393
977926763 991849969 852761908 384262013 555565488 606454879 781258443 864752051
573906166
8 1 784
694753876 320949356 179310345 799593350 646540570 190194262 100429352 932508715
185651676
8 1 355
509688023 167455721 523264370 39231510 918853512 984532736 800525282 90885938
309312464
4 1 997
364558234 742521992 902646299 783901033
712145721
10 1 232
385202873 559857859 392904254 137097881 152858785 773826259 669451342 13958280 787046376 560386517
656665172
8 1 610
772693701 588215765 957766967 270024069 459346368 914219083 850861088 650858325
533239952
6 1 286
753612516 463433629 157559932 886908984 637493313 702482485
166676361
6 1 262
893456777 32195829 15860445 952249989 88035640 297485589
789367446
2 1 77
409495315 293542950
434153822
8 1 506
273734784 220553641 785843177 219108213 822950276 646401524 165866418 660908634
20715346
8 1 270
204333205 101756132 664072003 161447568 210699318 83019177 4414854 506796191
74132450
4 1 437
861084376 921481352 456825199 544713895
140887659
2 1 355
395440312 114849225
49768789
6 1 601
530156899 926712790 654357538 153779934 140206128 87045500
379908707
6 1 783
16669876 579573959 135448047 928289375 455115000 927123792
911823823
8 1 905
256419243 185516340 601101793 198545729 332130798 44284984 695220698 56086642
865783645
8 1 412
165670179 57807080 20159966 266653829 895469184 455335274 640744523 154589308
365670769
4 1 155
742759564 948575566 821172079 185441074
276970085
2 1 288
306245486 647268902
686889561
8 1 842
103824506 64281167 946550106 596877903 100614293 34591800 182853355 427966510
443732587
2 1 222
656014007 419680645
924991682
2 1 74
422700113 295775272
842970901
8 1 165
204477053 134668307 63497540 374581441 850752588 548745704 593097451 69495992
984541487
6 1 408
654694236 95052021 940290022 389343756 586291808 726612838
989472080
2 1 474
921630126 870393625
643124681
2 1 666
869653950 154694745
419975293
2 1 672
321976774 218022114
34935874
6 1 879
673520003 654714255 584825340 501710480 822026187 911705651
991503804
8 1 221
968474577 308939612 248630143 796017045 466710009 911080798 249586769 107558127
813220675
10 1 773
422167523 340699348 490198951 662722151 248074518 538453581 308499442 777194956 552887210 30834095
804940009
6 1 534
549015998 14551743 63245011 3547345 496134915 667903499
124080670
10 1 595
154221600 61571573 145811036 820926708 231998239 663711068 6572300 664614280 660656520 193525937
838746690
8 1 102
535578057 124736337 976159909 907189243 642439365 515173926 651151018 201240700
461636148
6 1 691
610219276 245922174 222192782 964818667 646055336 278417094
24520146
2 1 398
429207634 738400049
937821131
6 1 479
119768190 189332872 136522445 813357802 392791433 42543359
545588582
10 1 664
455826058 369130383 125404007 777044419 409982616 794814454 314038515 879903890 824061377 816260563
634657599
6 1 255
699672818 9896658 990214718 817671773 140855834 381250209
838002953
2 1 266
131887302 216575646
319692226
6 1 367
98146944 913611428 733862541 473180181 155833154 832524435
265910163
10 1 911
43799720 301772625 408079618 294757617 453935536 479263338 675011422 220756847 252440463 953312223
390796711
6 1 124
274523749 205309225 931598564 205143165 117801525 34511421
438092288
8 1 787
556511797 614314004 134591710 871362810 1647914 877107468 564482375 4776259
503254037
4 1 194
146541321 187401919 529180754 246991094
752241763
6 1 152
29533468 459436705 470579717 16384830 218008702 306757224
829724995
4 1 387
565236755 221016251 444608664 10688626
707932206
10 1 927
222344544 105621027 508125338 224130825 591379028 874381202 291263184 503152680 954176092 927394416
482639831
8 1 229
506110445 507229650 374441290 715589440 598995305 445887771 146510476 125783418
578321762
2 1 913
367423127 742900085
598655984
6 1 252
195427102 124798561 129365416 358007456 188262810 282760962
359131324
2 1 113
841264929 72795159
912378630
4 1 732
467908043 460769138 595718561 92498749
115324573
6 1 481
69585504 565878968 691780110 980015852 881571078 171791410
990238757
8 1 121
839051345 119094476 441966783 598916601 258946525 990032943 624924216 167916998
9335708
8 1 671
568667829 726785243 735950897 113491255 31859488 146226358 636053787 579536711
238576993
2 1 596
258968360 906540270
803928627
6 1 8
621263790 211823151 813421737 335779659 708216446 717367484
907558827
2 1 935
482494906 124206500
984533492
2 1 657
626653619 633146732
219578583
10 1 380
924004615 570823812 204975491 626958843 229247565 978083304 223810733 777584612 245489410 545025190
417372237
4 1 312
269135571 294396940 790097713 897341849
702923893
10 1 826
254573610 291035605 848311724 601472733 648481085 453640382 385876107 205376189 300400537 292014712
542726625
2 1 365
992305539 508321877
984323004
6 1 866
429386193 154887267 199530505 566960848 639055401 657725
933585198
4 1 586
270198163 933166656 758065318 278990373
215987590
10 1 440
897539527 677149514 856282232 246123300 711693048 832509544 855261544 97593482 969994192 807725364
60387910
4 1 100
995811385 61173105 430346409 257899023
189299918
2 1 278
192064311 629567202
378838577
8 1 167
271727005 182689767 636155634 820979683 946260286 240884720 713003922 843596404
411277444
8 1 639
205233692 620976308 394957003 842061659 536834794 651259245 633996949 608324106
861595758
2 1 700
972341963 512041531
657146218
4 1 306
283306032 715758973 633447584 962910371
889021750
4 1 915
322430822 798183020 678159416 942709206
728807670
10 1 930
529076531 332846422 120732271 494552095 134228735 464376338 266787120 668625166 301997758 892574235
32697658
10 1 316
677883981 286606521 181513929 571255547 907945911 248364258 347264292 980582412 143412021 497836166
540331948
8 1 405
954171659 875868098 900992001 263842104 493166110 115161798 562828219 7358521
34436347
4 1 694
546482760 704381865 784542104 304381601
613378450
10 1 486
840359129 583100672 226320766 186329608 747651015 84148967 886037294 244805510 483429457 639102343
849989878
10 1 177
780664217 701648789 783477044 682098431 395798668 953471507 539488154 960760888 812618566 753213754
398331691
8 1 985
632948843 302477744 16438463 309106352 25516504 980778748 891914658 3169829
509420953
2 1 412
902729102 89522990
629688514
6 1 264
239806355 308990905 63723335 946182821 403662291 442180126
950669989
8 1 793
365522140 235449214 721593477 171153496 495056374 521199737 258775776 619976536
613450772
10 1 236
399702968 540743125 206288631 368693683 521525197 343302814 512318850 197606117 781780349 381694355
234450779
4 1 210
701306999 330026517 711182585 309474673
350833956
4 1 912
606377913 633878749 316736797 399162925
335809022
4 1 318
778923288 555407207 382432962 756082747
699048033
10 1 573
540080503 251855417 100554110 113747583 802753287 492943534 265161069 765580267 129154214 922690693
432821332
8 1 924
517906966 431169019 296390550 962042296 842461286 556228912 559256578 321390835
789656476
2 1 760
480028924 813259417
927723257
10 1 566
918766680 156551079 660375037 753903348 135100526 41131239 925915825 38804498 727132649 60004470
544649034
10 1 783
176486544 10957907 404519610 238023278 291039594 785415520 320982168 619532823 375201368 474645922
828875478
2 1 987
123430693 789959801
300376953
2 1 654
23024800 324093922
171390914
10 1 562
662325201 336433904 626869296 529777455 783411952 149715470 724978497 677328838 723305524 658517742
173016468
8 1 373
455149124 14541067 208661493 334997595 359070451 219664016 750848811 573978324
326890290
10 1 373
412198307 205923039 812345346 252842604 789742450 50286082 393349620 837191468 858250262 650748
543464472
6 1 956
11720691 687693694 678555927 221192693 355180400 8420589
460622766
4 1 226
82182079 643632336 594402897 705783046
152545163
10 1 9
906690542 242645768 111631378 642390657 706076824 779483529 55890873 63298620 744738130 103834738
909848596
2 1 922
492834560 721242371
360332366
2 1 953
174260493 932900909
330289451
6 1 577
835286186 316577555 216211905 542096911 382786384 7059546
142824597
8 1 758
182272100 139349705 382048605 588400771 177616670 500448437 789073269 847303472
458635720
8 1 716
217288441 667748958 829299117 509804994 725086831 632360483 107733415 120740403
105042565
2 1 516
522717866 411532597
707122091
4 1 953
59180483 370322240 886856440 436070806
418328056
10 1 934
365480805 822508780 665046072 181936416 103172415 197151045 391136790 520439112 334160374 479877369
341904543
6 1 734
349475996 122902972 323390656 211318371 420918950 523060934
979868254
10 1 542
867871142 728047526 883009506 261110824 859772791 784722382 251026453 51782624 956360599 869609937
453513074
2 1 475
683298874 190688730
607073822
8 1 748
934911765 732006200 224519801 846826200 469557761 655896053 978234397 958614723
446193556
8 1 495
614637803 318815554 994374390 301337671 656674204 598162141 116090754 649797947
948726586
10 1 569
335407959 412646650 733403460 704379306 930828933 481234167 556143050 341111441 881398403 691714742
593750382
4 1 932
251782310 889872106 34157833 345940992
375391517
4 1 631
86111507 10651294 260461968 808414539
118616984
10 1 102
879876509 62983915 961213665 599449043 127814549 352371073 474661584 304340066 750495980 594001295
766515089
6 1 3
363752766 852950350 294499037 983834553 42832903 60711625
138095129
6 1 867
303454446 793999078 993657709 18527308 401200843 553545724
328797002
6 1 422
38457314 775478624 573819663 834723103 352625258 675577085
608967057
2 1 578
98967849 139149529
664602820
2 1 654
636868239 753166709
662571709
2 1 110
120814613 985283991
993047058
10 1 42
396653252 849591412 991432094 242879360 865716264 206505730 74198585 277788667 578211261 128164526
228822306
8 1 421
722838919 623849233 255041927 486822187 980098542 875816904 457876536 660755917
783039842
2 1 168
398731393 351148945
56450822
2 1 793
822717924 16827879
864711280
6 1 524
860083074 775772175 452491837 28594383 860554921 341858734
879697202
2 1 932
458353967 662454445
568121853
8 1 809
289443446 986637245 880663626 333897366 911660078 428170082 956873753 478308944
912541742
10 1 90
616358027 117479559 6902555 266026641 749945865 674104020 117980228 485110372 983037871 559027059
736972267
8 1 562
459019126 943177329 532613274 63186995 196384827 206182722 566795411 46490972
26057152
8 1 543
370887644 870997057 949752754 714853116 441386084 539727368 228943303 21898992
602183192
2 1 708
52242417 422193766
871062467
6 1 694
380189026 624205955 177930383 437282386 215582879 843149519
293202956
10 1 442
21552812 374578824 624501472 833944711 249877335 223437478 803240150 155241066 787130996 461925407
974796762
2 1 719
143356147 812228796
87700348
4 1 742
809075387 934105357 275775078 921082950
475989537
2 1 778
660306449 982843220
321066126
8 1 39
956414070 830871071 299430746 886176101 449952105 436121733 33724993 583731121
555479088
4 1 560
165424813 805091554 944722248 115523336
423571430
2 1 578
885724716 5690150
129445412
6 1 150
303761728 207900064 733075517 393248272 475495016 440194594
812874781
10 1 991
705020631 322243598 793249595 812580684 308259820 193926178 666676259 478243357 889720372 573572597
740497608
6 1 764
859034895 977814049 189418860 170828670 449244140 439261527
52332596
10 1 998
710052482 994126337 585782664 213857453 880550821 219661330 242357292 755243215 5313878 248132643
234099961
10 1 152
373757538 859715716 697279711 240655186 767566996 666613497 925898159 181129364 935043534 555866461
803861032
6 1 101
786021822 542491615 572606016 958844738 473604704 992250969
259971241
4 1 692
105357689 312184707 729679259 732824041
202204361
6 1 939
924792707 324067063 976336488 900473425 348768286 512633225
652687214
8 1 765
50265774 653750292 267982489 802662021 185966250 637712508 174367614 357480282
305900135
8 1 520
73964868 200019258 726445558 740248873 405171229 180860148 319802684 744590830
94588535
10 1 366
50934055 550113093 515216712 519057680 909395809 880327703 533246715 393331758 477078526 385806067
228699893
8 1 852
488566611 784927183 718081570 424431686 123854957 537350283 660663400 248500774
294192847
4 1 163
190386430 161471275 184132525 951006540
775108696
8 1 75
905348978 504320155 745702119 493434248 615461027 145277127 18425838 976809681
375660047
6 1 109
249051840 947187555 579229315 890902224 436818904 970046719
958000449
4 1 804
283682893 810679886 422823991 609819662
71743078
2 1 457
701738347 9279573
125401509
4 1 385
966540963 389597324 259710283 361734522
353647591
10 1 400
349503166 635192361 57491751 906839026 152328439 708757942 918618888 277714205 518017079 445799435
859188490
4 1 783
164005571 486089061 516507691 753269683
513405084
4 1 150
663307274 582723278 286721667 854826876
185221284
6 1 786
179446589 501348994 801933837 336688413 529314837 680212412
394993758
10 1 136
293391226 145243718 84813466 317003929 749721179 320343538 61800376 761101256 438397469 971316576
974104833
6 1 807
880691420 15568800 946038139 951989138 778286639 381787250
712226965
6 1 805
547088077 823968215 731868052 23324590 151627374 140729351
232601443
2 1 721
460713876 290563664
209455966
10 1 139
844454011 398650202 658108636 231556236 92397518 788781349 145186845 285692296 98303979 47575838
847191433
2 1 34
288602894 732554837
138324842
10 1 728
605801048 171187050 769561892 964225004 142366535 167668940 891851661 450015906 5950933 805964770
419284876
6 1 381
618021889 48503246 578345063 152953108 418786998 361755033
840277693
2 1 175
464295678 558534564
345690091
8 1 626
171470859 69421224 554925093 226947230 217581786 199246746 448059864 345794312
264605378
4 1 597
930817229 429931329 799616852 635949974
76176513
4 1 804
149643113 206204315 772936186 48445484
753125216
6 1 478
814307498 717635544 546612774 915870240 511522337 55794937
137468423
8 1 415
268908808 411674122 800870707 796802643 275523707 713839193 41654719 232221218
709031574
10 1 109
42061409 849505234 621656493 718905224 527901741 224556 346006744 373002252 702332320 553381835
486296066
10 1 9
493328474 204377401 540744900 59915165 794600314 291675014 625354759 654391419 553918645 194938537
306999211
2 1 77
84830004 400235240
8933157
8 1 268
276735145 213043258 350498798 502047991 57238956 258463418 320709178 469606251
544892866
8 1 376
565736417 116794581 363199244 542460952 488206906 209248688 17671518 211690958
755308380
8 1 294
175197691 626676394 788314873 840960268 896989902 262465444 825457963 591818911
46012766
4 1 967
198182108 279079995 726769491 794740085
822440432
10 1 750
456200863 897761975 923569990 394290910 261590710 131099944 716539764 822870793 794346473 804481610
364026470
10 1 61
36835217 530144364 781938671 784180958 995919324 270519619 819339331 886669652 462808311 651958634
966219399
4 1 303
876474304 780013384 329493012 864678553
827287980
10 1 694
291126858 18993513 584737986 140056437 948869049 855622547 654022273 820724181 491236365 949905879
681406748
6 1 843
611336645 389874234 394951932 196103361 273629102 547658111
792934808
4 1 604
409300123 447699510 341813449 545485187
499888679
8 1 968
866343244 378227830 684293485 423956917 132971983 466692935 346076827 484215018
39657766
