-54929122
-334643689
-612318820
-238532382
-371600008
-539389135
-340801797
-150233772
-674136033
-33583598
-125527938
-371644660
-48198012
-209265093
-292194877
-193587850
-500323517
-335089858
-599006592
-320401722
-685125116
-447291916
-287080753
-397936090
-505870791
-459176315
-527052615
-459333546
-319462182
-290374488
-348399893
-398168964
-543137457
-281321290
-30210746
-397143137
-92461855
-328254400
-474116210
-541032379
-149925695
-677703036
-550225730
-472032364
-186709775
-733119886
-608565365
-386331973
-415428956
-159928425
-147633572
-31756490
-210946645
-585326417
-522203290
-116861141
-486203454
-486859999
-145580956
-367164152
-509128521
-571213500
-310692153
-175259016
-606487604
-337508567
-563615850
-210749239
-329657623
-388498498
-308412390
-174422828
-397720320
-83679353
-365049842
-468393503
-405892170
-121590593
-230369242
-207789956
-690564672
-189080760
-587737920
-358553431
-755529023
-466069378
-452496640
-285163717
-60106141
-384263510
-290677719
-121308449
-496377465
-487524962
-607435406
-53961576
-305486094
-188754360
-566897961
-180625136
-510633336
-452086753
-289646371
-197385447
-53558015
-355632996
-413756275
-367501575
-519811884
-354031793
-580097200
-429905087
-141674732
-527279272
-25080326
-147081949
-701481522
-319525670
-366412039
-389486166
-198614885
-585032678
-435564159
-803325905
-824423717
-717197121
-268514983
-486808483
-672398916
-347160529
-297786680
-329258089
-534104215
-551609437
-527649271
-342045097
-616377438
-252380246
-749780393
-592343464
-211402659
-332329935
-605168436
-245495695
-584937709
-672325230
-409779771
-365455214
-525289744
-449588947
-453118184
-395012819
-380521130
-252109866
-658996280
-595941079
-439537593
-617552177
-503154811
-280378877
-322363416
-253048623
-375605222
-769158912
-38980782
-421088843
-45927850
-537209578
-556941948
-967376
-285266942
-568799630
-439972165
-421900327
-341282820
-429465699
-369022310
-237814745
-542205786
-486971833
-307860585
-299214377
-586730834
-512417803
-284549264
-608044311
-370354529
-159308381
-576272546
-278212365
-294169180
-646359697
-745632693
-384295227
-742535868
-278290523
-524497843
-655025445
-726144384
-151735621
-455123393
-435171458
-876713873
-678463213
-706820868
-583451912
-340895079
-507336860
-550855117
-572442003
-218592423
-356713041
-375687932
-410487491
-222635012
-798160567
-247187897
-482741632
-542710387
-373709421
-327721763
-259961142
-311716524
-246935006
-262185978
-552543028
-193491727
-399771410
-339683072
-509477368
-293910198
-403633825
-486243642
-102305378
-348485269
-475565959
-770728981
-447008890
-393747822
-325291009
-539273676
-767540823
-574956772
-205439277
-233849226
-327340309
-312097935
-423667710
-504661296
-364289775
-83374569
-395992954
-279700110
-700555468
-158406346
-855733289
-141485978
-423015260
-317591814
-431961897
-507651356
-796610761
-479842986
-595879111
-543428534
-46303947
-341609367
-296621160
-663321595
-573226122
-405250781
-428442468
-415304123
-557659530
-267702641
-840868746
-350788267
-708862622
-477040630
-391955200
-168941552
-364470321
-112741964
-426336509
-449289458
-830295679
-182402442
-305258649
-16982304
-411857530
-620628399
-349380755
-444789680
-409133810
-422877363
-270088428
-346959095
-449677488
-387195552
-392438596
-199905760
-290500200
-55879030
-848534326
-585028180
-325032042
-357714953
-387333349
-260380406
-358257632
-693679620
-452001577
-395164944
-558471150
-265737080
-409576434
-549851097
-355235870
-49559708
-43584714
-808528307
-330363895
-621145059
-334853229
-520123214
-160152635
-216603152
-650598408
-166619416
-436059861
-186856820
-384793699
-374595204
-358762090
-663268496
-283292804
-345872012
-525886601
-508733552
-544462210
-455786195
-430403764
-568584442
-133828347
-649839185
-450851136
-618334064
-298183149
-641695195
-507097323
-476526379
-216464452
-529479165
-882948722
-502320223
-488588595
-379068308
-534142614
-343013067
-148581452
-444116218
-559047345
-127847326
-261436007
-423613008
-117825459
-528927400
-759783648
-198374384
-583821390
-206447577
-451904540
-341736766
-305170503
-210095582
-212624691
-568477393
-480076329
-523159165
-428134196
-276481756
-314133298
-633805955
-361952945
-464123554
-556100125
-800861574
-278342188
-640937264
-418881163
-514180664
-283088672
-136698596
-29224519
-723730584
-280660721
-375586931
-589104580
-396618118
-38457221
-393805191
-480858318
-243486210
-542008616
-239927323
-432034526
-361646861
-90582849
-484028063
-260776791
-309976175
-448268196
-479708593
-495030748
-489748025
-487052062
-509551048
-60997471
-598359686
-367720763
-131523350
-50942757
-536095479
-551271726
-381546937
-447557785
-917089131
-470951345
-521919055
-625577302
-426758244
-339641053
-348029994
-524433977
-531929427
-673449140
-480117782
-679108373
-239741795
-385147136
-455142554
-529663935
-609341214
-642558968
-325954616
-180981208
-10141126
-452799123
-469463541
-87346413
-445989551
-224903312
-497225151
-327321215
-462646958
-390245789
-251125763
-612851607
-688919743
-15770661
-292223723
-517160711
-299053672
-327977939
-904198923
-583275157
-483086841
-328601900
-422460698
-671454286
-589734384
-108869490
-284457990
-829617212
-211300630
-304787052
-332808657
-614720939
-340515329
-622765372
-416283244
-194214480
-301051069
-560784166
-449357967
-620586128
-580225468
-270201633
-135164608
-603077569
-243909590
-245884443
-335144129
-660495894
-596220719
-537839045
-271599181
-497292224
-258687116
-104655585
-770991149
-251897236
-553932735
-383395095
-492968170
-362318609
-428489641
-36061142
-733665196
-363507001
-422701383
-426690545
-211095698
-461888830
-23694884
-590854857
-103874362
-510476779
-256369164
-352387143
-482024088
-457583473
-585064991
-446316488
-377537768
-689067497
-493903173
-257779261
-477614275
-97731629
-215010992
-604258988
-425452810
-448361258
-465804339
-670683276
-404023389
-814126336
-408219981
-604814528
-435758164
-483683608
-431112855
-411562515
-493276067
-406717014
-608638907
-482241854
-215519559
-181341805
-53374652
-513959648
-343849723
-421520157
-523950871
-653628327
-439876199
-60276885
-18816363
-458829457
-248919676
-558962758
-432989027
-397766449
-245845395
-692426368
-446844034
-648004474
-545792559
-395186737
-507693071
-443704142
-530361256
-336783037
-197692454
-924825841
-142367900
-445302424
-67830260
-631374030
-445856219
-372501542
-365587639
-3147880
-442406901
-311786832
-267857902
-574091976
-488089216
-513731969
-406337420
-241858039
-678262872
-277927179
-97023774
-217024955
-112787279
-351491297
-266632902
-436929281
-377039326
-360535286
-569345877
-351813866
-153297840
-298504506
-410668956
-680405111
-518859376
-129058966
-568994967
-134114139
-363507692
-405888697
-529511604
-410342617
-431222403
-442760927
-476462707
-407597232
-643846986
-402424368
-89670397
-81078085
-406835230
-650653348
-647889457
-27456528
-566861125
-699434087
-665779703
-497526931
-412908260
-482133830
-41370638
-231339356
-286494297
-561885640
-552225755
-490747523
-381578529
-26076918
-264451413
-67325028
-434295152
-251591391
-428719456
-372020388
-390764758
-736826511
-496708027
-644722004
-373680130
-504159051
-284578545
-115952365
-158037147
-301937414
-148285672
-280591087
-701892244
-244402713
-194661507
-492133679
-684721822
-341023416
-627684938
-236333362
-126924841
-507626598
-576371347
-51236501
-714958539
-103954660
-191600072
-587125674
-446378191
-562781269
-261249115
-174590813
-674294905
-309192415
-550601148
-627993060
-621924475
-84688344
-399455563
-629208966
-740530855
-480623932
-323050258
-113040172
-330955716
-498612384
-209886879
-375476045
-86977641
-768469770
-496080175
-326551822
-408831993
-569755297
-647571314
-306963417
-358288406
-6493113
-265580167
-132505505
-483314262
-483983297
-456179783
-183893548
-281332885
-762190794
-437502613
-633263058
-465035678
-460299732
-597292644
-500254780
-438710523
-406180980
-703346415
-322261398
-374562951
-227121033
-702935470
-813205700
-774757101
-298802386
-302325567
-30427430
-109926052
-195814786
-709113738
-234346908
-333230493
-615166033
-508773162
-666528121
-301068468
-392027313
-582402792
-159065276
-146425576
-574371302
-580817595
-228407811
-758639463
-568549886
-384226007
-445124302
-111185269
-761927391
-439453766
-216642723
-816320286
-492609669
-428852598
-837453339
-288316806
-761554659
-623412784
-464585445
-218016654
-636930650
-475169423
-40181680
-116297816
-864469378
-606300095
-506226295
-47582448
-805890045
-637016536
-204099546
-155352726
-623378103
-476469984
-531423653
-369951349
-313689420
-440808779
-668872649
-546321974
-322536771
-596914044
-189532171
-880033988
-400388487
-528804724
-147351957
-727654809
-373594902
-315708948
-209971108
-464084265
-635262034
-552294472
-468393866
-378939472
-783281197
-339438991
-522299028
-340001322
-692458317
-678967493
-324188736
-558845482
-487521213
-306929092
-696039237
-474574230
-604964822
-170150212
-460971702
-443951943
-404495075
-201158653
-94238886
-346096360
-337219022
-667928696
-728312434
-503414118
-305588292
-481382420
-315405236
-236307389
-249848460
-215297960
-148868481
-314404626
-575408476
-462316123
-426391914
-146281973
-165271747
-458405773
