817
2 1 6
623677301 88310167
130706348
6 1 10
788571799 568438874 670999180 731719005 458349868 296739287
314003355
2 1 8
706895559 735330530
903116583
10 1 0
75530785 189039143 925214855 333055300 956106330 942621391 164156299 346573997 75137892 997210089
281515260
6 1 2
942466440 71415844 687413803 100871522 750664343 991078971
507311435
10 1 7
508988586 406999455 988461414 427053927 459490641 603214227 226859329 968673557 377363231 908409720
211620279
2 1 9
661635941 941008175
382380057
6 1 7
787992756 279196824 966066456 149523652 826103076 796631559
861480526
10 1 4
702839808 673026770 29520593 752673670 7998591 614511290 726548436 954942215 677764692 4586907
42318020
6 1 7
17381802 493514072 918767985 739872111 992227850 22160504
643329527
2 1 0
90119491 871422887
855898591
2 1 6
500859436 284319711
481581899
2 1 5
61859080 507826157
314187563
4 1 8
330919271 859876701 24776675 214960630
618525897
2 1 10
110646919 102665873
70923088
8 1 7
857094078 462611136 946669154 170658674 682569693 454011575 547914178 128789827
732210313
4 1 6
223560739 200959700 6534129 706460785
253629310
2 1 10
986653861 639721455
233596207
4 1 4
643770640 199520129 857664554 521013166
462213943
6 1 10
400576909 404627812 413088683 663518489 962479551 618372422
775343442
10 1 0
510003275 224448919 829977414 272793 461902513 506615457 239517760 22406628 928518306 963781838
134395405
10 1 8
272464608 275863259 380834636 215862308 637322246 552825371 184583418 420683988 698392396 522005135
665167049
10 1 6
887058445 938751054 516102040 509027800 394977937 428815535 506134606 940722162 163957096 766991828
650863296
4 1 8
297401318 624697809 689950668 121378695
157905541
4 1 0
798452473 516586964 43810331 998940287
521784383
4 1 2
804695864 264410137 116616841 553108523
630839580
8 1 4
939793629 223967007 571324235 220010070 945766760 787761135 231496613 908850470
382050945
10 1 7
894718232 713132114 592930081 932741898 689482065 280848056 504496630 949069245 201011102 916106633
112951561
4 1 1
589044386 646129602 973554263 419788259
910045145
4 1 10
24322778 576439980 896427025 509859572
256949973
2 1 3
499584683 363465002
842667774
6 1 8
653406302 910173039 529931279 198225883 943303615 800310698
376817292
4 1 0
175630625 732995019 481919576 108792587
826513049
2 1 8
264884537 493717477
773522493
8 1 10
8700011 383558286 192139698 666836027 209985646 310820710 44893941 769828580
34282644
8 1 6
987148663 343637491 261439827 705600836 111179205 856623509 749525161 990904443
561678247
10 1 5
389400762 101021533 121444064 982597259 951547126 258980802 954827286 713213133 560308755 598340419
364713084
8 1 5
85808431 621571342 73608726 568677220 317621535 676127396 863906871 205638298
978158703
4 1 5
470949289 334078691 414944906 220977659
567827114
2 1 6
921116496 258194299
373940805
10 1 5
970543435 114179226 627766307 548108485 748843618 423368218 84153276 951488829 745419109 896554302
774129923
8 1 10
485686690 793145860 803094452 221284445 971634767 554067925 997226086 321710028
25784730
4 1 9
98855661 374032893 829156779 559268343
894826337
2 1 10
794749680 66197243
690496011
6 1 6
757007494 501969216 437407282 851989585 281396381 503160520
211036440
4 1 2
112744507 407802030 297734781 590101292
583147178
2 1 6
918566797 410975537
555768069
2 1 8
466105251 564398743
465544922
2 1 8
810587157 806591148
108861657
4 1 3
834910656 294370532 306959898 51623290
482762313
2 1 7
572896237 464913695
709009285
10 1 9
287048435 114302860 983014533 79084957 294766090 300593203 865124549 786927378 443827542 300767056
618234196
2 1 9
169598959 647700206
638653857
10 1 9
729034133 959901835 590751361 330184969 432849029 558637467 954010257 207165299 267886775 625549812
985243184
6 1 6
645957633 140129683 887705161 192335489 816596890 935618604
831294683
4 1 4
714441680 548272600 193948344 135937016
546712851
8 1 7
586685050 609350091 367178020 240633696 865795485 56413641 868001750 780581677
997740884
10 1 10
870619854 704987891 21325047 422837169 484861323 16600119 148919105 243245990 72903415 431591152
696500804
4 1 10
739557771 296344225 756057020 803948011
900820919
2 1 9
746335383 10456757
253983608
6 1 6
390983612 438187950 610071002 602606829 897985129 232000721
173253457
6 1 1
441810732 196626510 571251191 102281313 279599058 304888891
534640590
8 1 2
344650215 599380035 68056646 463644774 999920193 832598613 631913440 968320896
525198947
4 1 2
464078419 421246936 989238791 41460479
275606629
4 1 3
482810150 415387472 935345369 132042153
204971011
10 1 1
557189086 283544957 527346263 312785002 700478818 266560543 611326278 224583473 20289190 826890152
61723527
6 1 9
745681894 617532589 532261446 840608542 329076291 319728423
874741315
8 1 10
875973652 929467321 982643056 349216435 747277323 335384655 428075616 266430937
860879342
2 1 8
553162861 478690938
543313560
6 1 10
428751479 247824474 258909055 197512433 510887855 419178330
124814030
6 1 8
613820044 264056101 213369636 844808326 64110052 446968466
454968986
10 1 9
965667688 390399036 388356872 164695411 878037380 514918026 110609761 517292349 690005073 868703413
225220516
8 1 2
952400432 115503227 865271878 457202012 740844759 379120784 107990543 958791727
498386413
2 1 3
840493038 540252703
518956906
4 1 1
880476052 997645579 609039767 228960132
436492662
10 1 2
727259829 838544490 844206103 427450406 721991970 235732487 665577279 41491556 674806486 648390897
222316197
4 1 10
359305399 398630311 954423184 57726774
34235139
4 1 2
244162397 268090319 636158789 937737458
686618143
4 1 9
712072032 618352469 311553779 278999403
933948401
2 1 5
16860522 983325402
807843322
2 1 7
727213028 601250484
375662668
10 1 4
532812566 115025042 719547314 432896277 348352778 677195114 301033412 842582117 792446052 465184398
114922039
8 1 1
860311631 199008847 67284504 599088360 541142110 750551883 702219023 352877816
581836836
2 1 2
423242083 671640173
666416162
4 1 1
570126285 541258732 613860292 21618249
405850285
10 1 9
434435248 280819347 57538251 508735485 797849238 381406236 458051936 465342178 773965745 633545790
950254
8 1 6
180648637 717133066 395850273 311808065 241827590 348914287 960615856 353748627
82281400
8 1 7
908656321 172269929 195664557 170110006 781749584 419192501 827578243 973023509
384489653
6 1 8
182179129 136878484 647417175 695367359 453150565 5513479
371944088
2 1 4
136314582 104827914
38511864
10 1 10
203924718 468834015 317986491 870009821 957773291 193382009 530129462 495863716 193870906 484997761
36340359
10 1 1
966754543 747193151 755212079 188488156 912311046 257966256 579417690 800470478 606282088 315082723
10273957
10 1 2
644732864 442739623 350428491 882733380 288575285 101029904 876842479 246868519 79117944 178779170
29192431
4 1 2
719268461 99480294 886648348 649450202
141105978
2 1 8
798859422 833869190
69190804
2 1 4
515704215 132947229
177814812
4 1 1
346879479 776169224 70467821 47825762
39799522
10 1 10
445168317 162098089 137638906 737066287 478945720 456810403 216827190 450231604 458927904 700356672
612851317
10 1 3
714385098 236572284 839964171 684565034 305245053 942706283 708464968 741585679 678137781 291603334
133995954
10 1 0
100430559 497943851 704527903 740015818 293744405 179450213 993849054 121059013 872372995 186275432
684906445
6 1 1
353087594 645532648 515840869 260875882 31773371 478906565
211730246
10 1 3
929688482 277691643 131239421 605866313 791061426 697519134 575882356 824951434 553450788 810464944
899111305
4 1 9
614073775 618013971 238607838 349495396
619365873
10 1 6
24556261 351557267 288509103 66631548 668571949 558738135 951397218 562651530 482531402 208644061
463425188
6 1 2
62030095 775206540 962404529 26945001 706527554 540570582
806971811
4 1 9
289971550 177712929 762791785 8313044
873356274
10 1 6
948761669 481790051 664173221 132297683 807353502 406684587 191177347 333847795 200910391 879102029
940118679
6 1 10
549005840 869043471 440576072 906563825 445709090 7900633
306801631
6 1 6
978371631 303445623 982635649 875654846 3686106 388558676
163689194
10 1 3
472133459 528260377 555401073 555518567 562808939 407086773 686266154 497704660 702164900 901286007
884801922
8 1 6
950836913 743074053 962641983 130968875 190008795 158002631 165460959 28048412
852226888
4 1 10
212322278 413082466 164858643 819793414
216041078
6 1 5
458978109 3146819 27579431 893288097 355732161 68293849
580659254
2 1 9
55186777 426007778
732570378
2 1 4
754567142 366106395
257978801
4 1 6
202536633 262731077 368384180 804018974
92360228
8 1 10
655050383 858572799 683496190 283245256 860461139 314321245 505466300 942803092
997568742
6 1 10
547312799 485035033 618850591 472036490 786069462 376676353
12829780
10 1 5
751017867 280817208 896561666 499297185 886701736 650364421 896442775 808200725 716237372 729326465
901536712
8 1 0
461344242 508400446 904221931 672582300 466420603 603185786 172370509 101751672
513488545
2 1 5
153563209 539099529
544101866
2 1 3
410852799 191665475
901148298
8 1 0
926870112 743854658 672583486 261190494 194772856 553329132 737050500 559118814
591064901
2 1 1
660670666 620654588
789926957
10 1 4
747032829 124647535 512748140 70511301 877680142 279202473 375959994 274040782 999240430 726015905
842469485
2 1 7
127638327 935772895
448654622
2 1 7
564404725 245348799
33476789
2 1 1
942655153 22023058
150032397
4 1 6
909592092 615742836 957416385 925799672
432158435
2 1 5
611090693 416183177
130495659
2 1 9
735964779 842109795
489512226
8 1 8
465418924 667803131 707694823 761770613 763253101 91978200 528859112 438558115
206446753
4 1 6
262380306 209522760 822114550 14775829
1152586
6 1 3
195078312 542351893 259457895 355374225 329864586 217564809
469162470
8 1 7
707013782 6831169 738944571 990377993 805737058 717150349 81938198 773492001
925953553
8 1 1
469338584 680717562 376574280 5558798 652932764 940508399 203088240 156553851
609491250
8 1 7
864902357 753596584 711068816 505367904 552752744 648880194 397700381 846782166
850185222
2 1 0
449004132 381934460
280961043
10 1 3
522814879 701361916 736840281 406103705 453403717 408772376 152415891 733646381 749058711 387028186
921618904
8 1 10
912443114 659903123 905584955 757722187 680892418 506101293 687036650 53748980
740374563
10 1 1
749556956 585351295 698128433 315761433 387755966 680623460 90069465 192796274 26515353 299327603
174866948
6 1 6
961793433 714470382 848045761 378678408 623510984 213715532
500688766
8 1 3
404407164 570969624 182573057 747595432 899637786 911902226 251368127 416441289
147565532
10 1 3
778607509 117972294 330881157 534789323 597544325 566252171 441267859 294577256 654638976 87942845
265298041
4 1 9
889122868 462871259 613142538 433797571
204315167
10 1 5
562565132 452697480 616755565 838877437 28943539 498391509 750779729 42615732 551387819 718565796
561438684
6 1 7
843159379 663756253 6397776 946477244 925511467 337143098
827147855
6 1 2
63278466 266009437 204419762 525851793 525608503 714937420
718461968
8 1 0
604689572 631328172 373894862 150671761 70446905 141207878 281825479 906978073
916271077
6 1 4
783202604 553998444 255388459 64586943 667126589 998405777
874897413
2 1 5
975130911 995683969
881558955
8 1 2
786865697 257597109 290745192 951776423 847183338 179102749 187674947 509067375
443999853
4 1 0
51062166 519791274 906286010 519756095
467806489
4 1 8
334085334 821025328 236911370 159922685
831873278
8 1 1
899557834 401131648 926116254 751308339 40184952 16793314 501420452 81227257
923896300
10 1 8
342471815 946812445 836672129 893513360 245821567 311384233 765899504 132133128 860802868 591148852
326684046
6 1 8
560306210 427739651 54682857 244364870 778705169 6850668
215905083
8 1 3
995157637 291062129 41198449 654447505 977533139 31127997 947911975 128841523
427908516
2 1 9
843237231 12109385
330971519
2 1 6
540043091 356985546
471677881
10 1 3
582643794 37117338 445981746 35588275 852390133 210452216 632311065 720669357 985731974 238517840
614577948
10 1 3
633082385 727457960 194488647 585537651 800353089 347387544 484374934 419286600 745773747 604101520
862621845
2 1 2
320672398 182140882
882848100
8 1 9
5139235 30575921 284121122 130261082 844735903 27842894 266013261 193141006
902440911
4 1 4
798186214 698991687 331080077 220191394
244872743
4 1 1
114109698 332990313 163476178 315441538
850285673
10 1 6
511299595 95218132 25198051 412788452 944871190 979476231 136521304 896753076 703608108 332539049
607245490
10 1 3
951587828 675221650 777714209 672736557 86786450 572944217 646643329 285921429 856157350 131503961
181111657
4 1 10
724042305 32894838 409911261 80450292
180287265
6 1 1
846648772 544068868 976988818 504265182 207800458 774896502
853435735
2 1 4
288296988 331940120
50478705
2 1 1
959176645 769064000
14838041
10 1 0
983669059 809355902 65126393 61511057 702122028 481233247 809367511 811249493 348265270 686026663
463516714
4 1 0
501024449 540990333 206167913 347885963
13048242
10 1 1
330916363 479790164 178115805 704357546 879686649 483394176 168627828 631643281 823524261 531134613
188545219
6 1 2
865292515 195191427 904575205 219303466 558776113 944650606
114225453
10 1 0
329273883 631694265 709113142 390911874 465945843 386098194 442545089 405460674 549692856 782026536
727118090
8 1 1
71850203 951925738 529475297 18664061 339087625 348593165 545940561 581985396
33926203
4 1 5
94740683 78051357 439516690 634663524
788710022
8 1 5
299120494 828908928 792821842 199945455 97950035 374815023 498824083 577073582
355916128
10 1 2
130801307 576649273 156531901 420156763 175611370 570953946 670578909 119024908 476581873 160798294
120896655
4 1 3
831565079 183831764 319643086 20126266
710169704
8 1 10
124725552 853578161 232512570 880042591 428365644 174954816 380864261 862215864
150905845
2 1 3
310969249 435650328
717709689
10 1 0
684877703 8467716 222757449 46816870 361470907 276649502 723618810 465764275 123942725 927497041
709068318
6 1 3
639425744 379837151 674746141 65300428 9590817 541746828
182083608
10 1 4
493617119 506785717 156839239 308842311 110991768 940508328 876037676 557721023 567496386 537888023
156348500
6 1 1
955769936 604265611 522346267 643909051 412051196 684471405
24711228
6 1 2
692320013 778081003 517131524 617364911 232623694 454898655
950518799
10 1 7
320719148 124781428 635635194 19158075 13030372 343023992 427309536 873178399 418716857 452274074
84456312
6 1 0
932459305 651666733 105766417 486969762 104743198 490476024
555921258
10 1 5
11475633 227938710 812027310 992938110 440716606 380328021 422899482 218004810 91776886 664847020
79708436
8 1 2
6302532 842318818 544028833 239107950 484173257 221568438 583795693 435127213
579971499
8 1 10
167109259 610894506 739214730 7867443 200837291 158605453 546382994 529282892
977691219
4 1 5
367178331 324654109 265685342 705449588
167269850
4 1 8
247458686 507450317 410612224 38738608
253411353
8 1 10
299245450 948741954 233022460 441901433 520121359 166228180 633087373 598263349
905684221
10 1 5
897115271 610280332 603231457 215495768 160475032 844874469 275641049 319227693 726578807 466401739
448586321
6 1 5
866905022 371656323 748113632 440583502 56372125 756824309
148981186
2 1 9
958511804 390768654
362415386
2 1 4
580290722 479151637
781133199
2 1 6
208372862 218444445
337792141
2 1 8
715739781 165344677
524982471
4 1 5
761934691 323539121 394410529 892389711
633200258
2 1 7
264995222 713502186
679912633
4 1 0
84831100 390197244 945185505 101267066
629781455
6 1 4
957694911 62132581 90201720 138361286 570684629 185992983
486034927
4 1 4
501275064 685085745 921362052 548481476
34083583
10 1 6
258031622 380195658 454113342 840656466 769928957 371019077 405434366 168084383 326973170 324145395
666940781
4 1 2
204612321 894417439 920436647 241902847
37058140
10 1 9
981688396 362647884 534900962 678065811 89840030 214937729 982529758 635494101 9052545 722020692
345352999
4 1 6
288675386 138538023 270388494 676760770
594341106
8 1 7
454949882 772977741 656057199 590162911 177760887 830784730 864748215 710064225
866655364
10 1 0
406996045 571724110 637792027 149203354 581791954 242046870 887712813 229892155 583703247 130331426
524572986
10 1 10
944504160 666366360 806670128 755709495 636683799 295314661 15681683 366345795 301067893 272518000
596769425
6 1 9
584250418 157650027 528049786 199684233 207411599 611700504
262801116
6 1 4
641299884 305463537 76486 893685202 429344017 833270907
438236371
8 1 6
511283478 517452766 850373506 597908389 684499444 148828543 412905650 575514448
904714301
10 1 10
991804010 501397152 202870329 925629252 375313713 385112511 927816814 544338230 153493560 731582734
325790666
10 1 0
273609439 390379245 234476442 272411685 564973021 889994155 741386125 390296335 384227566 499076652
917743486
10 1 4
440026546 536007886 850839119 642484461 67156938 293809629 782964504 232353962 605253756 237917742
597837699
6 1 8
391856588 65176219 424806291 936493572 130113144 374264448
390295328
10 1 0
414024391 626463338 904152937 341680944 411851751 409744086 985656977 97195383 118931311 460190773
617504044
8 1 7
479041253 526098015 656571283 565839312 144093985 798775169 455265952 186609165
204223087
4 1 1
940196730 493284609 940527086 315992439
922548207
10 1 7
962200307 225518234 41284207 983240667 550271879 165406349 619343225 268452964 337951133 690711413
351933130
2 1 0
251346894 341688395
997839930
2 1 1
671738626 758013102
138288506
10 1 1
566577831 272357758 342191596 343517216 848362305 558470535 209977310 941369980 262337265 963977064
694185182
10 1 7
54703955 99616840 75609740 466887558 83242201 262729839 701007424 693889823 325971427 182411910
535555853
6 1 0
334817009 131886139 827415313 363481222 804663455 522907437
550761745
4 1 1
117822453 493200273 488540120 940347906
288321423
4 1 2
32451900 553235735 181372744 982612389
112392391
2 1 2
255800343 643244992
446652580
8 1 6
943288473 412265245 862014152 367969114 807947257 841081223 873370907 909176879
664547097
10 1 4
588227278 122953828 414978588 563166686 449123415 234132605 358011388 549735444 84707964 826335060
436166810
4 1 7
759820051 825684562 73560656 240947225
794870910
2 1 2
209345815 189046064
401502577
4 1 0
999742648 216068816 474985228 509337029
469903795
6 1 0
947865835 123036583 581672702 287364575 602235693 766878643
383825857
4 1 9
402868740 525268116 945813462 192917197
421341872
6 1 8
256261963 20430691 142219597 152604802 998448838 797625247
577459267
6 1 5
442692896 145595689 660440381 80396833 720056050 267209097
771804062
8 1 2
653033450 205454596 466358586 524560209 495789303 62883893 488844129 486507556
227856661
6 1 1
444656034 27047217 543129507 957352611 422224136 245903041
620945786
6 1 6
749681143 623209719 427291864 759497673 566596813 145858264
20379383
6 1 7
631026277 970767931 231800587 873791782 431625029 870459088
395189378
10 1 5
922254615 753265834 692216115 519251872 139696692 842892416 759086940 366018937 823433940 292574255
783488818
6 1 9
849707216 573772815 730442401 955885341 999191629 673305107
271324492
6 1 8
949685739 982733978 433061576 59307359 807077454 886543209
921875550
2 1 6
181721420 54118826
58737989
6 1 10
982632540 707616382 569029344 764704579 55770415 67718523
205381052
6 1 5
986199874 693215893 129491419 420007253 174575315 330040780
589360877
8 1 1
910575268 116628829 441461924 20909834 458209316 620859338 460209184 441711318
806811048
4 1 7
991307094 286116678 144202589 721890191
168080675
10 1 10
660295653 299639484 12950833 411891033 264337863 46516162 935263551 27330097 648363544 565176814
767522566
8 1 8
905305758 310161851 443561010 690714325 93614307 291672041 945109797 556947643
779620548
4 1 4
54378132 997349061 806567396 198104804
359320087
10 1 10
494587629 134754290 935711293 718852642 645793429 555112764 429369471 59075394 926639143 163038564
815069224
10 1 1
825091698 698096627 706202118 176689429 424281999 515937938 290708969 104280233 731287654 152090265
755035459
2 1 1
394464877 505897807
639250380
10 1 9
586902934 508910439 691694624 699127811 590371528 856791853 348330415 670669323 763632491 538489638
703319969
2 1 10
632830644 78783855
395649804
10 1 1
702008189 423037837 112147758 807411501 12488181 81651814 882785789 150454116 498359335 439058877
710149379
8 1 1
191090990 216752136 97252464 580457342 348247301 391489318 843949973 467196787
525180971
6 1 0
501200497 191024061 364854352 713986695 688949125 888137052
758494380
2 1 8
18498320 818749220
423365120
10 1 5
383108712 181469648 989269419 536513178 748503708 949496571 226438556 785651808 463395409 300082662
516479830
8 1 0
267139736 246349675 516043250 304449453 637606988 261589236 732411609 703194028
195804327
8 1 10
14047564 683951353 414138849 818451478 443604885 364890878 257726914 254023969
939108976
10 1 10
610234222 561568065 461453369 994882543 125630954 440518455 678498459 177821588 65618480 497648600
704150421
8 1 4
131243607 967383885 917739606 191878357 932860878 74718015 5458546 217326865
74832599
10 1 9
36398725 996269902 748933391 680304655 243353755 387833358 850730737 762569701 404585568 423661913
458811245
8 1 10
975042205 34476780 480860312 529285952 586983674 456933680 569329142 294318094
685276524
2 1 2
321561878 820275133
564298975
8 1 0
86411373 804714354 340570447 944664916 374730940 102922551 890657475 641741537
669129083
6 1 0
222782118 486545314 644658726 393707334 483895675 450009122
179010698
2 1 2
466643675 327509841
456459243
6 1 3
714893983 274428857 168521833 277489564 671302950 631713640
482837797
2 1 10
195224868 693316893
860520559
8 1 10
40683997 785837238 153844016 269776034 122754349 848105620 498699148 600513166
415172408
2 1 5
856048943 250998646
494071684
10 1 6
628679762 209668122 733283676 639336907 75067617 406260159 688771430 709497080 592397562 928774365
808847932
2 1 5
386475065 97035995
244318971
8 1 4
488950279 891656254 752168290 340813960 149325216 405523188 335438793 470991041
24272895
10 1 10
964487662 273247765 690816942 963198041 183493955 898152758 94317914 861496287 276657959 248016614
239816478
2 1 9
364254024 831156502
264246571
2 1 6
613010224 290401189
405988062
4 1 3
419711834 92230723 581332045 517277591
244024980
4 1 0
717079843 189815898 389372377 581410390
717677140
8 1 10
579002189 913000653 634024782 380056671 822714841 224498706 824065814 330628008
928317463
10 1 4
760731346 813021316 162612198 648717055 96153832 500212302 469774195 879790965 342813862 11026539
185735423
2 1 9
368134857 337545725
801760988
6 1 5
227874522 575420280 887485807 373715295 405123971 967732849
47272868
10 1 4
521071534 235091246 267857247 980296516 682982490 484136513 960890713 698820089 488058816 429519860
706862913
2 1 7
624380207 85444226
698040090
2 1 6
416907726 841779549
780038467
2 1 2
264625759 979783909
408985752
8 1 8
303431546 124009673 806892949 608043702 832299194 916364912 889670982 972610183
550253357
2 1 6
34646065 322779855
965352583
8 1 1
386889807 218632959 639531349 660271656 644454888 6011670 114573768 557304671
516989204
6 1 0
721484443 100962850 274206926 142051874 959444665 392572154
398388111
6 1 10
756088710 283352288 692919846 978743333 470831800 740993974
515066747
6 1 9
354002841 735093068 284404423 534957765 485659309 743831269
704696036
6 1 1
853113160 454058901 318428466 649832927 487629169 866619791
158592435
2 1 1
928550600 963516681
69219488
6 1 10
97552634 329366821 208929731 607613735 158249086 614016586
82458911
2 1 9
835259516 479562188
233076720
8 1 1
797219448 303671600 640684076 609330525 605044076 90836607 288167270 823708837
788137431
6 1 1
32877972 48585986 611819360 34037766 169760195 836667860
678284845
6 1 6
236367789 103180723 608873053 80828318 253157578 213717870
915632071
6 1 4
915970144 565349564 787585978 206777583 40908633 561468890
916080311
10 1 8
493628760 996637612 952879250 528744270 604667138 622623107 799986922 72727980 323525837 464876955
650476048
10 1 5
216315471 917178703 634001624 845522823 63950220 656660124 635633339 213681108 965514681 260657912
387671193
10 1 3
778535926 67289441 83817105 340175822 52163730 444057245 444281410 250269833 32729408 515618449
519066330
10 1 8
837233106 871110043 137417598 990187615 891333134 364324967 600965665 590975322 508371384 988443719
807191549
8 1 7
288355853 948129005 808581961 603056574 539001467 963930123 913148951 67422577
363165890
8 1 5
248168967 587568262 128997791 92082831 371826386 401474731 326888999 843230320
766262725
2 1 9
792839746 967370159
983103733
2 1 7
314101850 340306220
744316082
8 1 4
368706199 86933206 908473722 144938573 64320951 847998588 418858814 412017495
914860578
10 1 0
405660731 563384899 293694049 911411565 808554110 594284620 905039166 277611561 511486663 977599509
429774709
4 1 9
774890892 262006658 568638375 923206302
241824305
6 1 5
929650796 702285279 272923229 305126562 517413681 187237642
619367240
4 1 4
877082213 790102063 785669367 326554590
602329968
6 1 0
333720060 315547184 932705802 630388231 413433348 138395027
881700442
6 1 0
780748006 890577175 831347520 319223630 843653743 347618800
203833042
10 1 4
193980335 674088191 768846129 28650656 804050120 357149871 665038845 867459 830828952 577745434
872038867
2 1 8
786733463 974165340
103012681
4 1 1
407226748 56334362 933640999 322312180
788095182
2 1 7
3249330 658206433
158661602
10 1 5
303047066 161586549 166994654 200256928 837426233 960026003 623016244 116971240 692351 484331582
439643828
4 1 8
311171803 251027651 300976956 891454334
410258275
2 1 7
646659311 735031376
978892173
2 1 7
525717706 283615452
686582776
2 1 4
848578580 657548182
596023091
6 1 10
537054847 980542777 716249352 763077980 734194341 345193786
41993086
2 1 5
791039908 832729406
945889138
8 1 4
479568880 241873092 492280462 665233222 564357081 777459891 689820035 519093359
691353910
2 1 6
63146490 156392958
983103349
6 1 10
648488536 697150698 107542688 996413224 364919390 590563312
118821371
2 1 6
901405298 24290868
696362495
2 1 7
277078958 306028104
859397733
4 1 2
702990914 173403060 695867292 685510665
889595474
10 1 8
221231109 895812662 765839766 604614243 887957092 721992823 696341704 926527518 997778402 98812166
3269595
6 1 7
159604217 588982380 79772221 482030849 306357980 375444747
101990157
2 1 1
666739333 845939443
114903170
8 1 3
134743888 127677064 690673023 943620437 644043005 193189736 300747778 254011661
970357037
2 1 6
407459179 311393192
921756488
2 1 4
670195689 937875808
903865300
8 1 8
201048092 201281000 293830887 286769871 724852377 399416349 214984123 163055299
2169456
10 1 3
131304932 967667543 583202852 801757535 75870706 209188638 98645238 178098112 455921979 719939369
71147546
8 1 10
774064606 316606848 590388314 760293826 67725079 819325021 987784030 749889591
40510896
4 1 2
387921824 303271925 86586923 36401020
259380589
2 1 3
482695660 133566619
403895531
2 1 4
814381797 292032192
772287787
10 1 1
372052208 320311071 709710113 546520111 303835751 717505084 118103608 905464923 661921114 530865475
230795433
2 1 9
736487355 981006963
162439345
2 1 1
64214432 659596803
15702828
6 1 6
60607177 205949767 171803698 164097097 568436129 112739339
851665909
6 1 3
85027148 126033160 179447684 688878746 334780465 341510258
463490297
8 1 6
670136581 133670746 955689642 799392476 398226106 937040264 383641549 848673041
133859343
10 1 9
506740788 107397889 555252301 386596631 579434736 209860931 537277434 894182920 706472473 880856638
531874462
10 1 3
878213688 196335869 568103905 831540148 598592114 459413616 945413292 968024268 982200681 553039039
492098285
4 1 1
18429638 69016043 612625712 222460829
802284331
8 1 9
276835224 805531333 773050199 850362508 694827957 695722239 226406200 945431222
761149500
4 1 0
936258002 58861731 865311612 646287289
666075452
2 1 3
462452284 989194323
768573333
2 1 9
594773509 777632436
794730667
6 1 6
84751882 750053208 379613832 698105972 392310047 616230602
757403656
4 1 3
596654958 605632981 672577629 677137938
808525675
8 1 9
335199023 398657044 900380578 68777634 94708790 260532677 601731575 590491342
665508734
10 1 8
142858517 884681200 769242708 950217194 294675598 292641782 825604534 381026846 815761323 127521114
722412108
6 1 5
563127243 31176575 959132347 392147250 916793363 318834614
693913000
6 1 4
426278285 33880179 402688921 693915174 721304859 2471076
339783603
6 1 4
131237201 646420233 823922472 167096397 11142353 882277441
773353709
2 1 6
21154505 101601861
365543216
2 1 2
826109582 733688273
370904746
10 1 3
615265704 416746655 837873690 865075879 629120762 167020872 216091036 649885527 516224498 952235124
820230394
10 1 9
128255193 536963947 826444395 113465257 643244944 142520276 53002546 753998339 655435452 816050492
109298167
8 1 5
103704353 868249500 303274360 328457254 200705053 832162612 966909688 165028628
154642951
2 1 0
782497831 72469902
58314453
4 1 10
158358873 62234842 461340116 144384187
597859911
4 1 3
573369679 628105790 326992205 46641343
511421428
8 1 6
147864371 746068984 132311083 583215116 226787125 552166074 267428670 469346666
897145413
8 1 0
716191169 562898427 221934472 950496261 904904776 633452807 440164481 636349291
188884504
4 1 10
742391703 893596224 896249933 262306300
173856673
8 1 1
935808246 578135883 272065208 426049515 509658909 173998824 212720718 724712486
143231012
10 1 6
171849956 594760890 578216056 441424237 851408139 769454384 798672504 856808624 124765925 24371884
463531794
2 1 2
273166494 792848815
83065013
10 1 7
781544582 289976085 114813030 655473168 215784623 195159123 945367402 80757651 934994708 176028840
157748338
6 1 1
585617093 180918352 675503326 816622387 809713945 894936559
108245092
6 1 2
989303413 511667811 379503360 349437913 15251222 184408100
816386071
6 1 7
1538059 931565366 669633096 395731875 523757301 545106658
377826278
4 1 0
101116956 86762032 345267283 871837711
37318894
6 1 2
303752965 156842002 674173427 256259195 440916571 957567069
867102742
4 1 6
824682859 293787356 768724172 311588954
461097910
10 1 6
488122424 981396185 20955506 477039082 357854316 963091814 125106990 480766184 108773530 929666997
709266674
10 1 4
355626739 979207036 875398999 711909069 217460190 522003998 326082836 873725596 543649649 566923279
226739737
2 1 3
319780572 706231186
614957849
6 1 4
188015088 94187821 922516686 789426493 296778818 246067071
176378711
6 1 6
55057804 373614580 462276832 911679985 485867052 144047270
351419520
6 1 3
655573439 385906070 981511247 787780208 412752119 247301272
566024934
6 1 0
892645865 226962946 332891855 878287066 294149372 969421107
169848777
10 1 8
707596929 661686298 588736331 962263675 691884417 705171835 981203414 501649005 242044276 594813500
674795137
4 1 5
84975926 720314698 836462412 181670758
294887003
8 1 0
907631780 764588063 214889881 778563809 831898403 438963504 141598380 910409419
769081349
6 1 1
18941967 521366127 941967301 825921868 462283651 2204313
162263493
10 1 6
427660308 195820304 497331003 492246525 112204729 138634793 104859892 254431784 390312022 487456111
896098474
10 1 2
748668483 277040508 990377371 900326122 909175038 304803011 731277070 727202026 444156378 268628922
397493015
8 1 8
94930228 507505901 602477560 527087074 144907162 344629510 25985921 812987630
36279910
10 1 3
221142880 234052811 758523790 583457613 745007679 882496656 787009959 993688524 877356792 850250607
598913580
8 1 2
265898644 327568295 151557051 978657502 255573942 890783117 287268897 950590811
772016138
2 1 8
555922149 997855902
95052185
2 1 4
677092118 565476403
132569855
6 1 4
6483116 244564250 647944663 381472144 877074709 970302409
561049735
10 1 5
855933462 153783829 908786289 612882693 378480521 808913313 108176974 724584286 150501244 455501831
122459807
2 1 1
547774928 850854577
8103028
2 1 9
831629315 290607430
604847411
4 1 6
234502647 122304454 976589125 67966252
433011177
4 1 5
909860705 75626025 798804670 808154546
13609135
10 1 5
290411371 301364375 168510591 310272445 798330120 552197643 61995570 659477858 132718252 385261070
164482891
6 1 8
170830606 468495808 873283999 713368424 588819863 153900382
294751346
8 1 1
744206991 660578690 283561101 138934913 82258423 416519282 936906893 105570271
711425980
6 1 9
567499045 74813886 732946590 751436397 148256183 947785843
197112171
2 1 10
375746395 661979676
794210716
6 1 4
193480062 24747441 731892452 72820159 99344648 496581985
619205387
4 1 2
471383780 614824050 817801499 454484742
867992730
10 1 3
126630612 121308682 414062870 438926401 755541936 458795490 244925118 599000677 198237537 573694397
145190517
2 1 10
549564885 819329922
105553459
8 1 8
523557026 799484207 279900277 47087616 418438324 387790871 497490131 480808156
935741362
10 1 2
792909686 982792515 4590473 898978462 397798424 511868800 468279958 51125092 957191896 169548729
950631683
6 1 5
287599902 137858642 422689254 11754483 720279311 663068808
518264467
6 1 0
535008068 506229077 693304483 979273281 343216162 196269263
819748672
4 1 3
102850856 382500617 963532810 518390977
129153348
8 1 9
972265208 235925654 813712248 8611781 647186669 329369156 898498144 149499699
792488736
2 1 0
218146356 722242858
428940198
10 1 9
742373868 814143821 55087840 740396204 425939346 348317198 543252337 677575037 548444243 468914625
897077364
8 1 1
947565772 179350119 193538515 180358023 410264422 633260878 315932180 185935597
859559667
6 1 0
692792962 151396677 559622066 574859300 578556976 156032778
880659149
8 1 0
904318633 928927666 480274053 694774021 364696697 244567287 642393281 248074034
93187967
10 1 9
474165261 7513796 573008579 163558356 735878079 198727800 506340704 758098649 706469377 183486257
986218154
6 1 7
72852040 829884879 156306407 748272575 72724689 854366283
432519992
10 1 3
973500745 356559241 950722372 259479419 75083651 218185598 313821122 315632096 416143155 561398763
568820020
6 1 2
701097281 779308120 800477259 472770950 74914631 748700220
888542594
8 1 7
647318445 76382714 881499816 993205404 493915868 302631749 607670737 533277350
394924970
8 1 10
435731238 444794588 840202783 621358787 528230904 959863938 697165226 441409249
383406724
8 1 5
849546154 32731703 80928164 93928883 499810169 218836801 867007233 371100836
972349065
6 1 5
58732520 94294997 909442511 539833822 815805633 446837945
651028873
4 1 4
171672251 273081895 943210065 209452902
685625311
4 1 4
534467377 225582926 16385209 896871392
656634978
8 1 7
86592020 161686930 33963400 847956092 55027161 100889548 808950102 525403823
767558314
10 1 1
584991744 433307982 553412664 205659208 87642286 833128934 175074833 690751320 782059126 425128342
691968230
6 1 4
196413588 575568423 880133162 46132083 74243701 614358572
859781222
6 1 1
243662268 14624685 198587454 671374120 986980032 583850305
718740555
4 1 4
903022478 816338383 977739939 353036059
265491019
2 1 7
667277333 388999068
700298801
6 1 4
169236187 877685383 542118671 961973939 345558412 908814348
338516429
10 1 2
396293755 479001349 823443415 456079554 235135600 947462565 401256214 355458430 655746602 956845074
255269242
2 1 0
97268131 457069226
744188015
4 1 1
600682600 422863113 654562083 104681248
126119334
8 1 2
951276056 998386031 72574506 184152802 547573807 789507101 870605470 234383665
406093180
4 1 7
735643863 660282826 659528968 238179770
108745902
8 1 9
356682275 811999886 232875871 212627039 733952578 593166892 211667794 356156528
251057466
8 1 6
492371419 992582325 799226273 711186664 177425899 426758450 354108472 25899380
960542866
4 1 4
284867394 817220350 208112011 275963248
72634576
2 1 5
398659677 913591121
935172390
8 1 10
101791889 140110156 6718403 781403396 662015523 979771556 201861314 849586427
422628756
10 1 2
65706057 632175766 498209760 151219512 761998263 956714643 258589416 143409508 933087474 748319822
848070588
6 1 9
518043415 122665337 887364854 480384363 889552193 688351015
580502285
10 1 0
756152508 101193703 834439758 526339394 395235582 216810867 228245168 498461502 940235732 330767893
15575006
2 1 0
871581401 960486674
857895806
6 1 7
492102227 898935296 373868921 51239853 530525370 694303731
29665443
6 1 5
804181361 666078912 62772767 377761368 316182428 196766418
544131112
8 1 8
719783871 992010442 858208160 459347469 570638007 334224812 466268168 445128505
671741747
10 1 2
453453936 993101115 648671060 895267261 351125831 138961393 401824457 804946373 789350178 314462699
812062433
10 1 6
25957279 793167897 830249537 6792417 510375593 270703095 409910450 89900633 73103046 607008854
544793522
2 1 1
559831454 231408148
808429684
2 1 4
165486028 575457835
10762817
10 1 7
424042017 865954402 147018321 231646133 648467782 715198527 192056906 744673428 582352846 683044972
489996311
8 1 4
190411239 708003697 881313179 922266626 619987920 371530789 894810682 977866486
726705539
4 1 4
807320348 333279562 87220749 655064382
462853564
6 1 9
816755788 786985182 423406615 556827383 183082142 90061520
203295530
8 1 6
306038820 968940203 228952277 545096133 703013230 512643650 702661121 92589485
805317350
2 1 6
961003916 919460663
618787069
8 1 7
728716511 198391745 953733473 755524146 127555174 524609925 664950183 902373804
543111814
2 1 10
999608094 457119650
920121280
2 1 6
586699907 181746315
235499002
8 1 6
429361371 109978062 480916 893258130 428997135 788106791 451134398 172378741
172187839
8 1 2
698874768 922509570 712649986 687174523 338846201 761322203 100400736 142441459
407657406
10 1 10
965611467 792226640 550850239 961815077 299104353 462397173 291301750 691262635 482157216 509432369
128685217
2 1 1
347673699 769987762
743130264
6 1 0
83344460 382593665 949896200 865972656 198428111 832093769
29835650
8 1 7
736547935 49753772 154435012 543748776 44277325 780731279 413724666 726527769
488764616
8 1 6
104025311 692171336 553039560 852896212 246632282 857087 361111382 884021232
778843711
2 1 8
12397393 304462798
355470278
2 1 0
46111382 784022575
133871067
6 1 0
937409925 997909599 882649740 117090040 575005360 715874919
842322952
10 1 3
667020870 880374118 405578100 981357162 836383751 65069726 538871758 953603196 240630702 305978839
548599040
6 1 6
174860153 195696528 241001456 523842740 931571665 635284200
118603504
10 1 1
954407450 398499213 787216484 478686113 691784984 87228326 209474789 542495657 449808267 788412810
26200592
6 1 6
16319712 833050522 451305155 274135402 185688501 315992987
533941068
2 1 10
289722145 59557188
265412001
8 1 9
565100268 996794346 625438609 873907362 800012938 666764294 383461140 582109187
61901521
10 1 4
591871722 529117035 58166495 77218223 315228231 909826178 615353199 281088080 358441389 516115022
290089278
2 1 9
722951794 728923386
906637880
10 1 0
29170618 688667230 302323881 451276034 551690528 875330741 784818878 278216416 84825282 861628371
546180691
6 1 6
956162325 772828797 459236504 463084320 611491411 667241876
937832699
2 1 10
377897812 685024363
356675562
4 1 5
334624173 786150474 50809243 580035995
596041677
8 1 7
951866439 420297523 671149790 326532981 199391901 121339101 221276647 216201802
230499675
8 1 3
299453596 117523693 391540311 49662965 83563702 676551110 741764429 79492977
257267162
10 1 10
17631023 311207963 14286545 908440695 466548479 143671601 893851767 294540912 267949951 451354841
844771545
8 1 10
385556658 280383788 541141825 661209505 287281854 510258392 261971540 33768511
968448622
10 1 2
855331034 743963137 827389848 435814294 495471702 718471288 480458171 834115387 767659358 184067616
989720798
4 1 6
926570043 534833886 298111210 688924702
568111603
6 1 4
347919882 327944667 807636268 626705801 183982984 721264430
844420564
8 1 5
645058936 295561214 828413733 304394091 432056297 811853787 151459240 757649895
238434536
8 1 9
4564135 453083396 922835871 215164131 586582613 368950102 81906806 787117349
672033894
4 1 5
665209511 910332 578521474 510259793
126138606
10 1 10
818636648 538674006 424862141 495197809 584851739 257052549 391273286 774865808 855557008 866894764
941954732
4 1 10
63331352 712499092 526449675 792060283
493503580
10 1 5
508411051 7902808 512710534 364465129 550367125 714305836 575130226 69567911 65095406 291548132
754050258
8 1 3
415374783 245058729 645028815 778336674 535538148 424776630 879064582 559545471
247229384
2 1 7
539056301 351062180
526556424
8 1 4
846021934 627792411 616319388 992792808 317268120 277937690 753372210 779768086
661862000
4 1 2
757006060 557868751 428481273 213601977
298155207
8 1 3
729996914 752197115 441472601 129781604 884077289 766070419 992646552 821882718
889951786
4 1 2
952614358 366362495 498894862 379942641
731661583
8 1 3
791115467 441109798 671001158 511125839 782186599 114311286 221986422 156262899
127561459
10 1 1
435146683 854590825 787676594 509787008 196240885 537954403 973987456 738177869 595856120 97068563
209323342
8 1 7
275245592 109366257 162315951 503742863 929871592 866530428 968823762 506586373
605857223
4 1 5
698391657 999738127 993212193 105201357
709702132
8 1 3
545261552 251646113 614494606 310372643 620252806 432824797 355725782 104449426
466072305
2 1 3
341812627 836309327
653393203
6 1 4
240810565 842656204 317936912 823487429 643558649 114377264
339607486
4 1 2
64063277 811174548 923835100 86739071
926684746
8 1 10
29435901 576324169 997016965 595921840 387813750 584067264 319406563 754792263
368327971
4 1 4
391368981 622541570 217479369 896481633
57319652
2 1 6
905055456 548816427
829874952
10 1 6
240843645 217746197 902884589 367002370 337038361 779024527 13405860 973481152 636041364 830769043
106426653
2 1 7
482721544 214309883
282527620
2 1 7
157730305 721607937
607347199
6 1 9
22144461 585931058 457438332 335453576 380522204 313118954
359511780
8 1 0
946521049 978428908 938049500 836852285 759408995 731972391 303281558 339995602
946157421
10 1 5
67047648 497009377 319923427 813884791 37830952 251245934 467474159 850131383 683293993 630688588
139015166
6 1 2
956485258 181329005 88020962 218411620 353296389 861709793
550461896
6 1 5
6111009 956524182 134598223 544476030 726946292 617637070
383794552
2 1 4
547689498 314664989
847993289
2 1 6
154471293 727878746
368193436
10 1 5
943118070 50356777 373446318 370064030 704389017 905992581 864716648 517164573 885642388 633695094
407137592
6 1 3
896142699 900995824 744794069 6967206 260535670 780209097
796524000
6 1 6
438812570 156543259 863981693 761379147 886714938 294713986
524797712
4 1 7
718869197 207068425 429634515 342720290
77961025
8 1 10
820872102 851776 438509967 588098702 34587737 998642929 930963070 103359048
715154423
10 1 2
8724672 303057041 185784710 770079740 267415216 764457923 803535963 830581280 224642065 373344416
122088815
8 1 3
402090081 259332669 152071073 331932239 5538771 905592168 767439071 14174581
708132403
6 1 5
222041454 627948353 441110192 11536072 610607630 854314607
851750255
8 1 1
990048233 589645166 85403959 174509245 370311259 855591936 148017912 244765799
870518223
8 1 7
143665571 947263503 268079861 905421762 910188345 991011151 666294891 272064703
748797333
8 1 6
580855656 481562665 610621537 823818729 889958215 501318541 566718786 923322477
102682506
2 1 1
532427619 737837651
200565957
8 1 5
609760673 245289174 488527464 946803892 755396478 55491005 843399921 357246593
494148503
2 1 5
568583096 786548177
790018318
4 1 2
165021539 511656491 347347428 342291650
912470774
4 1 7
743897426 902383231 232180112 629474224
923896580
6 1 5
848262216 424007846 229527381 57398753 427555082 690792481
468292386
8 1 8
905059596 855658289 595947637 446032576 818002399 791172208 456617819 348547150
79525144
8 1 9
20582879 353425506 151007784 235188086 520728493 701416806 462677970 436622020
431952586
8 1 8
12650903 51358707 505222663 581117554 501117459 264735387 659327093 477792887
347267138
4 1 0
725844111 659027147 170789522 221703386
646163076
2 1 0
807116937 546508866
502683185
10 1 4
108528376 695664104 231682491 944921687 151482934 491184861 148090579 58813828 84302826 402650868
60126823
2 1 10
534183494 932129505
470951839
4 1 5
370314335 44971809 245321645 290059641
894677213
4 1 1
365412291 467209988 787187365 687611641
372381846
10 1 2
728584915 583514278 489361170 506901073 357829459 967262802 298787162 597766547 891487666 954859144
202089649
6 1 9
589985775 692802316 838434541 551655615 3910428 239557379
947549389
8 1 3
225776928 985313179 704753490 762840878 342871899 664646052 386950992 370276075
250805721
6 1 4
279358962 881544259 653905201 866700866 33651745 909858091
19467034
10 1 8
700926847 851169204 97263336 372742495 398972134 999649679 534716014 535126386 2389753 451961712
177280735
4 1 3
277943267 315655606 593818175 886382834
967689467
2 1 8
77730454 928135136
297573685
8 1 0
805553290 756511952 983365758 59071919 682150660 794156504 506808349 143049395
954613883
2 1 2
893050496 827357297
504142521
4 1 1
646629769 823725321 338054096 797341336
800186713
10 1 1
544600266 238076540 820495148 826803174 532885138 377224687 117884894 594253922 277243574 328981047
911566611
6 1 0
645357065 581166684 533239779 294876576 607146492 513636237
917291684
10 1 3
7609528 318414266 462451242 177285367 876797543 189043851 169407836 782462846 373693906 131570009
372051846
4 1 0
114561934 87360127 783342279 56412052
855535281
10 1 4
700606246 359715186 258837629 157832482 391440517 717853425 379460021 806659239 593859008 327777041
105702069
10 1 2
756872867 329771923 40438642 794445108 402927647 333711712 848823039 204611956 565473136 965157433
680478285
10 1 2
624170560 55147135 702160207 283414472 981186183 150982265 904671999 211589872 128064218 842778
367379066
10 1 6
104717993 550754693 501272297 168794425 230061256 283568794 516107946 335682363 399523246 384322045
520790821
4 1 10
694158387 788167287 111873986 150137737
46937424
6 1 4
846955298 973588072 693500908 12189386 259726351 322446624
781130769
8 1 1
655564037 319596361 10620934 313588158 400159247 859056164 95015384 186520753
873444138
8 1 3
963038241 286311364 478734761 583567783 53435236 281893784 995360280 786441898
587435137
10 1 5
960871109 532693215 125773807 448580982 564525571 650431438 667575012 229529074 730403971 118529548
379670731
4 1 7
498922891 219251825 701270990 301515650
881252761
8 1 1
110709780 697262532 514285457 807825228 957419293 387222794 47891779 677823138
276089402
8 1 10
477035283 670551439 423273333 214232888 52681837 257014400 90687281 6056844
88398688
4 1 0
994152599 134677567 634451215 790251305
197414680
8 1 1
416948793 991600717 460035678 738589895 770000418 374257805 607664543 954529283
214305193
8 1 0
950755821 823853367 261406165 946334232 388588927 646170718 143847680 333705320
99238906
6 1 8
727235902 494028301 339187141 424010135 121299479 478856647
876401275
8 1 7
904582006 260682802 27535177 892265845 896199240 776575860 90625556 972107442
198151385
6 1 9
729328044 236576147 549169483 439719373 764395165 110557299
58375840
6 1 0
280029831 556726412 918769437 526019199 546260199 113541621
651753890
4 1 3
181516678 983705109 913894555 884719296
943812214
4 1 7
493634044 173903200 845500889 502293507
596471378
2 1 8
334370334 66314709
690478025
4 1 0
374773686 294226862 247379055 266841208
967903964
4 1 7
783557727 55429171 381217235 390100697
401620886
6 1 0
528371075 94115079 989116014 424948891 427585509 920863362
568203888
4 1 1
835748754 799827796 672133315 506485657
572803588
8 1 5
487594669 974617216 582782398 286976978 620960468 287428665 191792871 466910132
534142881
8 1 1
875025987 205865203 189572423 913943732 939033881 728790516 280645191 384865647
508868954
2 1 6
272692445 40531319
595011298
4 1 7
367543283 657882963 828682325 546841552
144401722
10 1 0
650040461 970438614 956622290 537095865 297578827 105828044 101031087 120077732 884402828 11533380
705720372
2 1 10
207266466 155827371
548292659
4 1 2
613917412 720879370 653229969 863033772
330852674
6 1 3
231154183 301643845 836254481 902176390 703912208 572197256
566915442
6 1 10
773514753 49727585 795361978 823111228 107396145 266229178
482064659
10 1 6
747105134 832609952 221723847 141306893 229425744 835491070 378303940 726545576 448684054 833741074
795886867
4 1 10
862515864 134205538 860036649 760903863
48402689
10 1 0
270064627 445777855 621563204 662730192 43297011 682586693 14040910 173057445 581861720 965504532
983687290
6 1 9
422070088 884904358 48515488 867678453 582687513 125501746
24070073
8 1 6
211530745 660833711 906596639 421632174 442373584 289080173 376802828 563457627
902808262
8 1 7
208122394 69928429 111311634 25626844 59867028 67203058 243102339 279439595
122122170
4 1 10
975116915 770394348 256696455 537017530
918816026
10 1 5
16556817 885167123 336114982 263147827 711915866 913833248 811649782 996260778 394913929 506642395
563577787
8 1 8
608638220 899049201 501893905 992529499 932205855 252181906 922812732 373034817
189327924
2 1 3
456339458 77110933
391694251
4 1 6
899342738 511637399 665475940 342435859
632651728
2 1 4
164821732 707799405
6045976
10 1 3
727955010 645338555 773564334 526029122 959929010 87835741 361075199 191102533 10201994 917443986
64489116
8 1 0
938707252 646191155 698550888 736487368 460743079 952373562 639625462 500697194
959526767
2 1 9
434267808 44785365
718982708
4 1 0
127890151 809724765 291813128 128115443
207909610
2 1 10
436865441 50563786
230107094
10 1 10
698739301 126202932 53803834 780148307 39866356 275168110 215017605 236005782 440197012 949066606
753402903
10 1 6
334861960 776878984 283303928 326870281 859394993 109155904 136935838 379398037 347067257 930522798
549413173
8 1 2
985305684 981131351 78797023 139823276 208678809 359049225 257118123 470778280
489246549
6 1 4
504127484 837240942 247037807 77068095 586796620 717504784
108947007
10 1 4
15035892 760359760 183355912 723369276 506246226 692508714 945847747 773108400 967736905 892426353
49894449
10 1 6
857813856 556665114 9968878 579449129 296132129 644115370 263943058 737653106 550771686 999600242
917533691
4 1 9
199819152 62564491 987396953 552482805
338912483
6 1 3
644877002 392741123 291350144 203142946 517494274 422471193
594393919
10 1 9
321802839 479252473 352282080 793895552 533834073 72839789 834853079 100584866 457694366 878144598
72729084
2 1 1
444149051 505711548
623277381
4 1 5
295149016 188844375 239598267 728122226
689764656
4 1 2
2647168 189044839 278001530 523494333
45508889
8 1 10
956703635 296979627 969814174 773882939 298978006 622641098 823474701 876950077
564682662
4 1 0
899119771 143704739 29216547 172784573
184530295
6 1 3
431063144 215933292 469762850 778293134 225380003 314750840
298614245
10 1 8
628652929 543783181 369743031 563442486 379375549 122585527 19510184 119371846 938963769 204764371
291365371
2 1 6
630717502 719844956
501106802
6 1 4
654208148 249774278 164013599 146593570 813125205 367876567
583402326
8 1 4
886540063 173943850 493643910 456633690 507558476 466310377 780165969 44759032
738029062
2 1 4
857269550 27751797
286392496
8 1 2
505829977 68425482 36133803 165864290 29976956 767499122 608611530 100046134
169303077
8 1 1
674658601 646108794 959951151 749815465 810756681 758495064 905745510 680214234
72168658
4 1 10
241130212 187526446 155299649 503197540
738608911
2 1 6
480342317 741089494
988335660
10 1 4
308682662 91057355 115284572 696453015 724885366 331614504 607117185 592084801 82494914 732163175
455654604
6 1 6
722511562 357170983 560533545 640492976 26258239 490413191
844831685
2 1 1
271279924 880753969
528997313
6 1 6
615060532 854267243 299606523 89080608 478361110 585789889
672319198
2 1 9
201246644 320729944
630382111
4 1 7
183135361 779038913 205715419 77506096
974099539
8 1 4
258381489 667844589 846017140 716251680 76307448 769062918 769711353 545214764
734719159
2 1 1
784548058 559149928
400529301
8 1 2
724759364 445987987 591793015 589646481 613026623 430662406 565166638 47211113
567005317
6 1 3
104728305 377380651 975782293 172384249 91927527 907122278
735666780
2 1 1
579333533 221258478
909208192
10 1 4
690000529 303705875 641006672 784991495 910866454 739700904 969368309 778336755 76607151 308653947
799162163
8 1 5
674025513 122743498 330085293 344931422 709012232 86236210 351615713 604974628
312303491
2 1 9
323617225 309357823
531420686
8 1 2
170655721 189905678 270494333 329822137 342263611 901609000 374740112 420225149
89964595
8 1 1
109581338 235527468 190126992 170361288 300453765 797588323 87157533 452251870
842167723
2 1 5
792957436 822471755
542924262
10 1 7
921416714 501140370 793620643 774237887 414686573 58860107 946924096 446088351 668425899 689047865
265044917
8 1 5
605337610 139503158 554533695 964815117 44515481 124891981 93315445 328160486
700094307
4 1 2
377653912 254709819 531213915 856259099
284335805
4 1 5
864316169 583762046 310534184 554505615
956547742
8 1 2
795275408 155294621 147096057 13171259 725200704 364836517 514951375 607940305
519403524
8 1 5
333092813 501433689 182258070 687825196 230050499 985546122 36691252 360976127
277844514
8 1 4
622201598 726499693 328367383 666962588 492347855 953952969 508019954 663495571
751853705
6 1 1
797079970 123158022 267428142 866932598 696651381 288234653
669750237
6 1 2
513817990 822940469 97707416 910024505 119308135 798459290
932079403
4 1 7
861995990 796460472 322703632 683964932
10602714
2 1 5
851479441 176362817
728865408
2 1 10
216346598 663782919
820421491
6 1 4
901735217 481724888 381667904 346776885 983510136 687176513
715619155
6 1 8
241459888 664319010 293839938 696857416 252301463 742758312
516659126
8 1 4
906727339 912645116 960251451 259217833 637868864 781598258 555042911 532595033
406727921
10 1 8
853615917 543142561 577232826 991723027 623625482 991644782 803235002 952413216 7867701 509044413
573508386
6 1 3
11353670 16166375 19890802 117080607 125100634 95303489
549793397
8 1 2
841763906 588702020 705777904 353764261 669202875 674446212 620786204 52441945
15848481
4 1 10
575585045 152707273 850829134 752205518
6410600
4 1 10
256230377 717133793 196028243 608014049
816530478
10 1 4
250995628 986294983 147568913 10392474 128653799 991415165 421426177 412111225 803825741 57904756
879916975
10 1 5
753800109 64282857 992932347 54328482 649832158 770772334 905981553 536946875 807280839 211130857
288247134
10 1 3
335249570 689470670 652956145 129852037 187854014 542607170 993133186 166840583 123339710 623536911
534826876
4 1 4
391211898 123244297 660673356 977408540
643451999
6 1 0
18587320 431436966 389640725 166926354 771135987 469338549
500360705
6 1 2
706380739 547924781 442586297 479581967 876987670 980560909
804607200
8 1 7
527556795 43487408 967318000 533491115 836228621 347177936 327953993 258671377
697118297
4 1 2
555752728 197540880 713617824 311968542
26866918
4 1 2
158290898 354100668 69904960 463601903
965372066
2 1 5
367340900 772127217
197992186
6 1 4
30353320 112358406 299894166 950253580 348347485 398645316
776006486
6 1 5
601402415 461204538 454602837 158483900 870703226 986599645
843886386
8 1 7
91301155 276628728 221345719 514161752 839520247 865529150 989434216 622676975
189146445
4 1 1
460651694 310611287 439660213 549495139
640498926
6 1 4
170746741 468246150 797397055 682430193 279797924 369426063
7555275
4 1 2
926447769 907149617 94292807 240857098
910085145
8 1 5
673000483 383610780 786684867 888899486 18945973 116343703 598136965 840968183
941159358
4 1 0
110788883 342050855 186295043 606635645
177611046
4 1 5
732358446 844458841 477003727 672153612
63680602
10 1 7
480934524 343030606 992275375 249760822 791563902 950944674 545524831 611005456 359764923 389448247
206334155
8 1 3
40486372 403460386 46620122 780554212 451449885 915092065 869673803 728592123
659837236
2 1 0
719665885 249452451
48810161
10 1 1
428017639 570627384 738128782 774195290 598696981 283481887 714791271 950435421 444461239 122594740
695447471
10 1 1
480591682 786988930 445538155 872410291 250959983 579007133 67700659 160221169 422022728 904101284
293482794
10 1 10
69044082 807668246 414800634 632257132 614192946 725095825 124110415 84219767 106177766 15831345
532642690
8 1 2
158042002 183576665 742582202 80321358 529750673 881288381 748392063 103226657
291035552
2 1 1
941274727 872270660
451373383
6 1 10
729498347 312616804 790896660 762593642 893663337 941008892
538729483
8 1 0
594340727 757879970 937289307 107545649 374728342 664811065 896530778 483047169
267140589
4 1 1
958298061 793872395 169506802 863118744
616317462
4 1 1
84754162 547604778 97490685 412857803
564128800
4 1 0
869599390 701956842 797576629 575037259
34315105
4 1 9
933690343 53608512 156989267 390543831
747084788
2 1 3
67041048 598741478
302428397
8 1 0
805717477 364488440 581679994 22499998 621527330 939461891 664045681 665267308
345389678
10 1 4
549428105 80590895 997507529 578970343 216069003 923040981 592003164 463281830 629597037 740248499
243570640
10 1 0
898450471 544440982 623322474 385885516 627412326 451132993 740195712 269868905 484968549 606818353
455053826
8 1 2
941367023 31395008 530899116 573490149 158209378 49276906 652413194 990025358
845159247
10 1 1
143999762 169554192 940233178 231214876 59276664 579145039 254484867 590721838 418922072 200147101
509782959
4 1 10
24560897 831641984 780533202 173842782
710594338
8 1 7
314193748 363640842 284679077 209531624 217465247 970306857 662871851 445112551
146158914
10 1 3
579717417 994956653 169565833 30492099 945567009 540222753 950982921 437462610 657859948 762663024
74502539
8 1 2
253729703 588560971 341221187 559459231 911347361 28211826 550038762 945665697
209390343
6 1 7
431543851 318072034 454583290 239451345 77036587 797612962
36539459
2 1 1
681443109 999038487
857244894
4 1 3
348049320 584367921 588522446 182088457
907714155
10 1 5
854445141 603072997 412258704 895362810 781981137 163543315 813809444 245046919 699562191 929442273
946651773
2 1 10
620545286 956195792
266227645
4 1 5
908526859 784513112 872379712 519227695
397045590
10 1 3
636799584 427753899 991629368 540171823 621716736 754830229 402098055 691169027 686571094 839814295
459396716
4 1 7
608812956 726287699 473497105 840301631
441341119
2 1 8
323087561 160798097
559641343
8 1 0
612144702 176802238 299630724 56873312 160403726 188255734 101857556 507066825
99881518
6 1 9
85729786 720586333 299402649 913442404 527622165 38827704
294937337
10 1 1
576960722 863281969 406347550 695187497 249731558 240658031 795972543 361680091 12682114 411249274
20522812
10 1 0
254494393 647966547 973088078 823198196 39614567 312179849 684597713 93057964 104590265 537737759
352222964
8 1 4
859732956 248387033 657650359 746846962 105859495 557114952 232137841 983210692
595529654
4 1 5
901262279 760134183 328816497 268501402
965251960
6 1 1
746234367 552278636 597067911 313381060 196909065 201473767
731860063
8 1 7
23443801 253808364 888033087 704566185 391889176 698906238 695617116 322224696
151694031
6 1 2
758223263 83027907 326200418 551868746 929695435 165662855
990905079
10 1 7
374924601 963467568 575578206 276564318 361919109 82360159 390149790 131241827 422663238 395365640
565320994
8 1 2
186682953 25189754 599192070 948844470 410244291 96721552 515335044 365521683
864463620
2 1 7
469992355 510008351
302467340
4 1 5
111348007 651827123 386434344 379755379
30530964
6 1 3
745493985 209842604 682954599 666497270 380982806 491399274
87364774
4 1 8
305614603 76821862 807494054 384883273
568853112
4 1 6
708889649 254939064 729975821 439312
530363916
8 1 9
722955272 358042131 941380076 873731367 454959888 116043777 274394317 981929568
817881922
6 1 1
352916019 184113976 905164842 722952714 769782640 803013897
67410307
8 1 3
791119233 136972429 883374054 475641135 909312826 519657395 346738115 571234569
940534317
10 1 2
622479939 326155735 265507554 270475366 570592014 995840783 57145591 476966224 718197466 148759227
625559767
10 1 10
254365871 817930829 72901734 352703568 954609749 150412247 590290153 76357233 1419248 201292863
662209532
8 1 5
859327296 365865361 182075835 418572394 63209115 244491062 75330277 376907445
653572113
6 1 9
679853928 493350961 269574315 299781657 317857462 83663148
57295337
2 1 9
107565447 274326286
866069344
6 1 4
682004108 157965148 620571825 320444964 749302979 832584451
130206874
4 1 5
337930444 218186419 70767054 750305551
238381447
2 1 8
831603959 965586414
905440821
6 1 2
151242151 779748307 628133841 310634840 442064674 139803196
248009768
4 1 10
308338922 366274599 371640283 591145185
941239727
10 1 0
130231901 525752780 744387687 855234573 385466149 234823245 591997143 439835912 534275635 145074923
632047971
10 1 2
540515785 566747310 621642625 393850346 221612992 258309499 503866977 97481103 839870343 36917374
226425477
8 1 0
192140010 226381080 428850202 947359426 336053303 191390064 241512929 740022680
24512366
2 1 9
732651308 925035595
351133177
6 1 8
378653468 362980438 346553570 392138275 146332225 484951315
699143120
10 1 1
797352420 706195739 47804465 178854401 722811119 669759594 300609163 152233728 977938126 530410748
592248913
4 1 2
902264441 27914361 926410685 632090454
195856089
2 1 8
316598470 449266225
671608124
8 1 6
544396401 895418543 143714230 447153865 701092288 9636370 792604092 855947768
93947769
8 1 6
116796260 418130922 927066969 736725224 728407980 820860658 334833310 565491000
333691573
10 1 5
478954184 90198617 626734894 877910085 57037885 825765234 936719244 255492967 565106734 419819485
815204407
6 1 6
783862796 37959197 900569113 24430382 197038545 600060457
476215815
4 1 4
409165354 586426457 846936251 397019219
902486064
6 1 9
642157293 591178744 530458173 809045900 681990261 857433709
329528044
6 1 4
693292046 764972376 319818459 782013537 710765906 13616614
694286170
6 1 3
851592064 348763811 564367479 407965385 618979917 871522994
444466425
10 1 3
516491967 357482259 602759146 30299864 689449204 622596082 24343551 724201578 224411426 325475517
737624493
10 1 0
28039680 166894026 961045517 78945007 755770837 684368007 444277038 84500129 158626384 463277510
37010330
10 1 10
170569728 482663721 841157650 118780015 332699576 109096326 791726205 974728922 802611159 265106757
668898540
10 1 1
807770834 585084191 188829242 73918582 530711948 111492740 434276039 532724595 94351853 989881990
138690433
10 1 4
908138825 821808584 771098694 931412670 763544373 805330454 459530728 269397445 471872956 833751076
429306181
6 1 2
465495387 141273681 714419168 2468492 997251630 488273716
389426156
4 1 8
7364354 204718329 597277264 930805615
606676980
2 1 5
40931276 74565518
971299608
10 1 0
17765925 644141615 524581222 631881271 701855334 998016005 376021902 667650709 990792668 862879006
140164897
10 1 3
18244744 296200509 502042458 812850454 291166161 541526532 769335441 980719960 95281954 860318222
781906295
2 1 7
210201132 669808768
724147480
8 1 9
867184719 95812370 348553421 455634654 633822088 375073745 933255883 208993904
657382785
4 1 5
568409330 779165413 859034041 960977054
209176150
10 1 0
495903454 371660349 580896970 602976835 417171773 465215770 363167248 465837862 337867251 817142569
385220367
8 1 9
930554595 819165164 455763628 513233581 432606723 315411017 597706931 995419648
857517200
8 1 0
788880823 573380249 226530271 266325625 358807916 782301950 917610730 570790318
246678431
8 1 10
247154637 783962528 116444675 691756055 840954668 779276343 931034795 905599779
578311976
