552
1000000 2  0 999999  999999 999999
1000000 2  0 0  0 999999
1000000 2  999999 0  0 0
1000000 2  999999 999999  999999 0
1000000 2  250000 999999  666666 999999
1000000 2  0 250000  0 666666
1000000 2  749999 0  333333 0
1000000 2  999999 749999  999999 333333
1000000 2  749999 999999  333333 999999
1000000 2  250000 0  666666 0
1000000 2  999999 250000  999999 666666
1000000 2  0 749999  0 333333
1000000 2  333333 999999  666666 999999
1000000 2  0 333333  0 666666
1000000 2  666666 0  333333 0
1000000 2  999999 666666  999999 333333
1000000 2  200000 999999  800000 999999
1000000 2  0 200000  0 800000
1000000 2  799999 0  199999 0
1000000 2  999999 799999  999999 199999
1000000 2  799999 999999  199999 999999
1000000 2  200000 0  800000 0
1000000 2  999999 200000  999999 800000
1000000 2  0 799999  0 199999
1000000 2  400000 999999  600000 999999
1000000 2  0 400000  0 600000
1000000 2  599999 0  399999 0
1000000 2  999999 599999  999999 399999
1000000 2  599999 999999  399999 999999
1000000 2  400000 0  600000 0
1000000 2  999999 400000  999999 600000
1000000 2  0 599999  0 399999
1000000 2  0 999999  500000 999999
1000000 2  0 0  0 500000
1000000 2  999999 0  499999 0
1000000 2  999999 999999  999999 499999
1000000 2  999999 999999  499999 999999
1000000 2  0 0  500000 0
1000000 2  999999 0  999999 500000
1000000 2  0 999999  0 499999
1000000 2  1 999999  999998 999999
1000000 2  0 1  0 999998
1000000 2  999998 0  1 0
1000000 2  999999 999998  999999 1
1000000 2  250000 999999  999999 999999
1000000 2  0 250000  0 999999
1000000 2  749999 0  0 0
1000000 2  999999 749999  999999 0
1000000 2  749999 999999  0 999999
1000000 2  250000 0  999999 0
1000000 2  999999 250000  999999 999999
1000000 2  0 749999  0 0
1000000 2  125000 999999  874999 999999
1000000 2  0 125000  0 874999
1000000 2  874999 0  125000 0
1000000 2  999999 874999  999999 125000
1000000 2  333333 999999  999999 999999
1000000 2  0 333333  0 999999
1000000 2  666666 0  0 0
1000000 2  999999 666666  999999 0
1000000 2  666666 999999  0 999999
1000000 2  333333 0  999999 0
1000000 2  999999 333333  999999 999999
1000000 2  0 666666  0 0
1000000 2  250000 250000  750000 750000
1000000 2  749999 250000  249999 750000
1000000 2  749999 749999  249999 249999
1000000 2  250000 749999  750000 249999
1000000 2  300000 300000  700000 700000
1000000 2  699999 300000  299999 700000
1000000 2  699999 699999  299999 299999
1000000 2  300000 699999  700000 299999
1000000 2  166667 166667  833333 833333
1000000 2  833332 166667  166666 833333
1000000 2  833332 833332  166666 166666
1000000 2  166667 833332  833333 166666
1000000 2  375000 375000  625000 625000
1000000 2  624999 375000  374999 625000
1000000 2  624999 624999  374999 374999
1000000 2  375000 624999  625000 374999
1000000 2  250000 300000  750000 700000
1000000 2  699999 250000  299999 750000
1000000 2  749999 699999  249999 299999
1000000 2  300000 749999  700000 249999
1000000 2  749999 300000  249999 700000
1000000 2  250000 699999  750000 299999
1000000 2  300000 250000  700000 750000
1000000 2  699999 749999  299999 249999
1000000 2  166667 300000  833333 700000
1000000 2  699999 166667  299999 833333
1000000 2  833332 699999  166666 299999
1000000 2  300000 833332  700000 166666
1000000 2  833332 300000  166666 700000
1000000 2  166667 699999  833333 299999
1000000 2  300000 166667  700000 833333
1000000 2  699999 833332  299999 166666
1000000 2  100000 375000  900000 625000
1000000 2  624999 100000  374999 900000
1000000 2  899999 624999  99999 374999
1000000 2  375000 899999  625000 99999
1000000 2  899999 375000  99999 625000
1000000 2  100000 624999  900000 374999
1000000 2  375000 100000  625000 900000
1000000 2  624999 899999  374999 99999
1000000 2  166667 250000  833333 750000
1000000 2  749999 166667  249999 833333
1000000 2  833332 749999  166666 249999
1000000 2  250000 833332  750000 166666
1000000 2  833332 250000  166666 750000
1000000 2  166667 749999  833333 249999
1000000 2  250000 166667  750000 833333
1000000 2  749999 833332  249999 166666
1000000 2  100000 300000  900000 700000
1000000 2  699999 100000  299999 900000
1000000 2  899999 699999  99999 299999
1000000 2  300000 899999  700000 99999
1000000 2  899999 300000  99999 700000
1000000 2  100000 699999  900000 299999
1000000 2  300000 100000  700000 900000
1000000 2  699999 899999  299999 99999
1000000 2  250000 999999  500000 749999
1000000 2  0 250000  250000 500000
1000000 2  749999 0  499999 250000
1000000 2  999999 749999  749999 499999
1000000 2  749999 999999  499999 749999
1000000 2  250000 0  500000 250000
1000000 2  999999 250000  749999 500000
1000000 2  0 749999  250000 499999
1000000 2  0 999999  250000 749999
1000000 2  0 0  250000 250000
1000000 2  999999 0  749999 250000
1000000 2  999999 999999  749999 749999
1000000 2  0 999999  500000 500000
1000000 2  0 0  499999 500000
1000000 2  999999 0  499999 499999
1000000 2  999999 999999  500000 499999
1000000 2  999999 999999  499999 500000
1000000 2  0 0  500000 499999
1000000 2  999999 0  500000 500000
1000000 2  0 999999  499999 499999
1000000 2  333333 999999  666666 666666
1000000 2  0 333333  333333 666666
1000000 2  666666 0  333333 333333
1000000 2  999999 666666  666666 333333
1000000 2  666666 999999  333333 666666
1000000 2  333333 0  666666 333333
1000000 2  999999 333333  666666 666666
1000000 2  0 666666  333333 333333
1000000 2  200000 999999  600000 599999
1000000 2  0 200000  400000 600000
1000000 2  799999 0  399999 400000
1000000 2  999999 799999  599999 399999
1000000 2  799999 999999  399999 599999
1000000 2  200000 0  600000 400000
1000000 2  999999 200000  599999 600000
1000000 2  0 799999  400000 399999
1000000 2  250000 999999  666666 599999
1000000 2  0 250000  400000 666666
1000000 2  749999 0  333333 400000
1000000 2  999999 749999  599999 333333
1000000 2  749999 999999  333333 599999
1000000 2  250000 0  666666 400000
1000000 2  999999 250000  599999 666666
1000000 2  0 749999  400000 333333
1000000 2  125000 999999  250000 874999
1000000 2  0 125000  125000 250000
1000000 2  874999 0  749999 125000
1000000 2  999999 874999  874999 749999
1000000 2  874999 999999  749999 874999
1000000 2  125000 0  250000 125000
1000000 2  999999 125000  874999 250000
1000000 2  0 874999  125000 749999
1000000 2  0 250000  250000 0
1000000 2  749999 0  999999 250000
1000000 2  999999 749999  749999 999999
1000000 2  250000 999999  0 749999
1000000 2  0 500000  500000 0
1000000 2  499999 0  999999 500000
1000000 2  999999 499999  499999 999999
1000000 2  500000 999999  0 499999
1000000 2  333333 999999  999999 666666
1000000 2  0 333333  333333 999999
1000000 2  666666 0  0 333333
1000000 2  999999 666666  666666 0
1000000 2  666666 999999  0 666666
1000000 2  333333 0  999999 333333
1000000 2  999999 333333  666666 999999
1000000 2  0 666666  333333 0
1000000 2  0 250000  0 750000
1000000 2  749999 0  249999 0
1000000 2  999999 749999  999999 249999
1000000 2  250000 999999  750000 999999
1000000 2  999999 250000  999999 750000
1000000 2  0 749999  0 249999
1000000 2  250000 0  750000 0
1000000 2  749999 999999  249999 999999
1000000 2  0 300000  0 700000
1000000 2  699999 0  299999 0
1000000 2  999999 699999  999999 299999
1000000 2  300000 999999  700000 999999
1000000 2  999999 300000  999999 700000
1000000 2  0 699999  0 299999
1000000 2  300000 0  700000 0
1000000 2  699999 999999  299999 999999
1000000 2  0 166667  0 833333
1000000 2  833332 0  166666 0
1000000 2  999999 833332  999999 166666
1000000 2  166667 999999  833333 999999
1000000 2  999999 166667  999999 833333
1000000 2  0 833332  0 166666
1000000 2  166667 0  833333 0
1000000 2  833332 999999  166666 999999
1000000 2  500000 250000  500000 750000
1000000 2  749999 500000  249999 500000
1000000 2  499999 749999  499999 249999
1000000 2  250000 499999  750000 499999
1000000 2  499999 250000  499999 750000
1000000 2  500000 749999  500000 249999
1000000 2  250000 500000  750000 500000
1000000 2  749999 499999  249999 499999
1000000 2  500000 300000  500000 700000
1000000 2  699999 500000  299999 500000
1000000 2  499999 699999  499999 299999
1000000 2  300000 499999  700000 499999
1000000 2  499999 300000  499999 700000
1000000 2  500000 699999  500000 299999
1000000 2  300000 500000  700000 500000
1000000 2  699999 499999  299999 499999
1000000 2  500000 375000  500000 625000
1000000 2  624999 500000  374999 500000
1000000 2  499999 624999  499999 374999
1000000 2  375000 499999  625000 499999
1000000 2  499999 375000  499999 625000
1000000 2  500000 624999  500000 374999
1000000 2  375000 500000  625000 500000
1000000 2  624999 499999  374999 499999
1000000 2  250000 250000  250000 750000
1000000 2  749999 250000  249999 250000
1000000 2  749999 749999  749999 249999
1000000 2  250000 749999  750000 749999
1000000 2  749999 250000  749999 750000
1000000 2  250000 749999  250000 249999
1000000 2  250000 250000  750000 250000
1000000 2  749999 749999  249999 749999
1000000 2  250000 166667  250000 833333
1000000 2  833332 250000  166666 250000
1000000 2  749999 833332  749999 166666
1000000 2  166667 749999  833333 749999
1000000 2  749999 166667  749999 833333
1000000 2  250000 833332  250000 166666
1000000 2  166667 250000  833333 250000
1000000 2  833332 749999  166666 749999
1000000 2  333333 100000  333333 900000
1000000 2  899999 333333  99999 333333
1000000 2  666666 899999  666666 99999
1000000 2  100000 666666  900000 666666
1000000 2  666666 100000  666666 900000
1000000 2  333333 899999  333333 99999
1000000 2  100000 333333  900000 333333
1000000 2  899999 666666  99999 666666
1000000 2  800000 375000  800000 625000
1000000 2  624999 800000  374999 800000
1000000 2  199999 624999  199999 374999
1000000 2  375000 199999  625000 199999
1000000 2  199999 375000  199999 625000
1000000 2  800000 624999  800000 374999
1000000 2  375000 800000  625000 800000
1000000 2  624999 199999  374999 199999
1000000 2  0 0  999999 999999
1000000 2  999999 0  0 999999
1000000 2  0 0  999998 999999
1000000 2  999999 0  0 999998
1000000 2  999999 999999  1 0
1000000 2  0 999999  999999 1
1000000 2  999999 0  1 999999
1000000 2  0 999999  999998 0
1000000 2  0 0  999999 999998
1000000 2  999999 999999  0 1
1000000 2  0 0  666666 666666
1000000 2  999999 0  333333 666666
1000000 2  999999 999999  333333 333333
1000000 2  0 999999  666666 333333
1000000 2  250000 250000  749999 749999
1000000 2  749999 250000  250000 749999
1000000 2  200000 200000  799999 799999
1000000 2  799999 200000  200000 799999
1000000 2  125000 125000  874999 874999
1000000 2  874999 125000  125000 874999
1000000 2  333333 333333  666666 666666
1000000 2  666666 333333  333333 666666
1000000 2  250000 0  749999 999999
1000000 2  999999 250000  0 749999
1000000 2  749999 0  250000 999999
1000000 2  0 250000  999999 749999
2 2  0 0  1 0
2 2  0 0  0 1
2 2  0 0  1 1
2 2  1 0  0 1
2 2  1 0  1 1
2 2  0 1  1 1
3 2  0 0  1 0
3 2  0 0  2 0
3 2  0 0  0 1
3 2  0 0  1 1
3 2  0 0  2 1
3 2  0 0  0 2
3 2  0 0  1 2
3 2  0 0  2 2
3 2  1 0  2 0
3 2  1 0  0 1
3 2  1 0  1 1
3 2  1 0  2 1
3 2  1 0  0 2
3 2  1 0  1 2
3 2  1 0  2 2
3 2  2 0  0 1
3 2  2 0  1 1
3 2  2 0  2 1
3 2  2 0  0 2
3 2  2 0  1 2
3 2  2 0  2 2
3 2  0 1  1 1
3 2  0 1  2 1
3 2  0 1  0 2
3 2  0 1  1 2
3 2  0 1  2 2
3 2  1 1  2 1
3 2  1 1  0 2
3 2  1 1  1 2
3 2  1 1  2 2
3 2  2 1  0 2
3 2  2 1  1 2
3 2  2 1  2 2
3 2  0 2  1 2
3 2  0 2  2 2
3 2  1 2  2 2
4 2  0 0  1 0
4 2  0 0  2 0
4 2  0 0  3 0
4 2  0 0  0 1
4 2  0 0  1 1
4 2  0 0  2 1
4 2  0 0  3 1
4 2  0 0  0 2
4 2  0 0  1 2
4 2  0 0  2 2
4 2  0 0  3 2
4 2  0 0  0 3
4 2  0 0  1 3
4 2  0 0  2 3
4 2  0 0  3 3
4 2  1 0  2 0
4 2  1 0  3 0
4 2  1 0  0 1
4 2  1 0  1 1
4 2  1 0  2 1
4 2  1 0  3 1
4 2  1 0  0 2
4 2  1 0  1 2
4 2  1 0  2 2
4 2  1 0  3 2
4 2  1 0  0 3
4 2  1 0  1 3
4 2  1 0  2 3
4 2  1 0  3 3
4 2  2 0  3 0
4 2  2 0  0 1
4 2  2 0  1 1
4 2  2 0  2 1
4 2  2 0  3 1
4 2  2 0  0 2
4 2  2 0  1 2
4 2  2 0  2 2
4 2  2 0  3 2
4 2  2 0  0 3
4 2  2 0  1 3
4 2  2 0  2 3
4 2  2 0  3 3
4 2  3 0  0 1
4 2  3 0  1 1
4 2  3 0  2 1
4 2  3 0  3 1
4 2  3 0  0 2
4 2  3 0  1 2
4 2  3 0  2 2
4 2  3 0  3 2
4 2  3 0  0 3
4 2  3 0  1 3
4 2  3 0  2 3
4 2  3 0  3 3
4 2  0 1  1 1
4 2  0 1  2 1
4 2  0 1  3 1
4 2  0 1  0 2
4 2  0 1  1 2
4 2  0 1  2 2
4 2  0 1  3 2
4 2  0 1  0 3
4 2  0 1  1 3
4 2  0 1  2 3
4 2  0 1  3 3
4 2  1 1  2 1
4 2  1 1  3 1
4 2  1 1  0 2
4 2  1 1  1 2
4 2  1 1  2 2
4 2  1 1  3 2
4 2  1 1  0 3
4 2  1 1  1 3
4 2  1 1  2 3
4 2  1 1  3 3
4 2  2 1  3 1
4 2  2 1  0 2
4 2  2 1  1 2
4 2  2 1  2 2
4 2  2 1  3 2
4 2  2 1  0 3
4 2  2 1  1 3
4 2  2 1  2 3
4 2  2 1  3 3
4 2  3 1  0 2
4 2  3 1  1 2
4 2  3 1  2 2
4 2  3 1  3 2
4 2  3 1  0 3
4 2  3 1  1 3
4 2  3 1  2 3
4 2  3 1  3 3
4 2  0 2  1 2
4 2  0 2  2 2
4 2  0 2  3 2
4 2  0 2  0 3
4 2  0 2  1 3
4 2  0 2  2 3
4 2  0 2  3 3
4 2  1 2  2 2
4 2  1 2  3 2
4 2  1 2  0 3
4 2  1 2  1 3
4 2  1 2  2 3
4 2  1 2  3 3
4 2  2 2  3 2
4 2  2 2  0 3
4 2  2 2  1 3
4 2  2 2  2 3
4 2  2 2  3 3
4 2  3 2  0 3
4 2  3 2  1 3
4 2  3 2  2 3
4 2  3 2  3 3
4 2  0 3  1 3
4 2  0 3  2 3
4 2  0 3  3 3
4 2  1 3  2 3
4 2  1 3  3 3
4 2  2 3  3 3
1000000 2  500000 500000  500001 500000
1000000 2  499999 500000  499999 500001
1000000 2  499999 499999  499998 499999
1000000 2  500000 499999  500000 499998
1000000 2  499999 500000  499998 500000
1000000 2  500000 499999  500001 499999
1000000 2  500000 500000  500000 500001
1000000 2  499999 499999  499999 499998
1000000 2  0 0  1 0
1000000 2  999999 0  999999 1
1000000 2  999999 999999  999998 999999
1000000 2  0 999999  0 999998
1000000 2  999999 0  999998 0
1000000 2  0 999999  1 999999
1000000 2  0 0  0 1
1000000 2  999999 999999  999999 999998
1000000 2  500000 0  500001 0
1000000 2  999999 500000  999999 500001
1000000 2  499999 999999  499998 999999
1000000 2  0 499999  0 499998
1000000 2  499999 0  499998 0
1000000 2  500000 999999  500001 999999
1000000 2  0 500000  0 500001
1000000 2  999999 499999  999999 499998
1000000 2  250000 250000  250001 250000
1000000 2  749999 250000  749999 250001
1000000 2  749999 749999  749998 749999
1000000 2  250000 749999  250000 749998
1000000 2  749999 250000  749998 250000
1000000 2  250000 749999  250001 749999
1000000 2  250000 250000  250000 250001
1000000 2  749999 749999  749999 749998
1000000 2  333333 666666  333334 666666
1000000 2  333333 333333  333333 333334
1000000 2  666666 333333  666665 333333
1000000 2  666666 666666  666666 666665
1000000 2  666666 666666  666665 666666
1000000 2  333333 333333  333334 333333
1000000 2  666666 333333  666666 333334
1000000 2  333333 666666  333333 666665
1000000 2  125000 125000  125001 125000
1000000 2  874999 125000  874999 125001
1000000 2  874999 874999  874998 874999
1000000 2  125000 874999  125000 874998
1000000 2  874999 125000  874998 125000
1000000 2  125000 874999  125001 874999
1000000 2  125000 125000  125000 125001
1000000 2  874999 874999  874999 874998
1000000 2  100000 100000  900000 900000
1000000 2  899999 100000  99999 900000
1000000 2  899999 899999  99999 99999
1000000 2  100000 899999  900000 99999
1000000 2  500000 500000  500003 500003
1000000 2  499999 500000  499996 500003
1000000 2  499999 499999  499996 499996
1000000 2  500000 499999  500003 499996
1000000 2  500000 500000  500005 500005
1000000 2  499999 500000  499994 500005
1000000 2  499999 499999  499994 499994
1000000 2  500000 499999  500005 499994
1000000 2  500000 500000  500006 500006
1000000 2  499999 500000  499993 500006
1000000 2  499999 499999  499993 499993
1000000 2  500000 499999  500006 499993
1000000 2  500000 500000  500007 500007
1000000 2  499999 500000  499992 500007
1000000 2  499999 499999  499992 499992
1000000 2  500000 499999  500007 499992
1000000 2  500000 500000  500003 500005
1000000 2  499999 500000  499994 500003
1000000 2  499999 499999  499996 499994
1000000 2  500000 499999  500005 499996
1000000 2  499999 500000  499996 500005
1000000 2  500000 499999  500003 499994
1000000 2  500000 500000  500005 500003
1000000 2  499999 499999  499994 499996
1000000 2  500000 500000  833333 833333
1000000 2  499999 500000  166666 833333
1000000 2  499999 499999  166666 166666
1000000 2  500000 499999  833333 166666
1000000 2  500000 500000  700000 900000
1000000 2  499999 500000  99999 700000
1000000 2  499999 499999  299999 99999
1000000 2  500000 499999  900000 299999
1000000 2  499999 500000  299999 900000
1000000 2  500000 499999  700000 99999
1000000 2  500000 500000  900000 700000
1000000 2  499999 499999  99999 299999
1000000 2  500000 500000  750000 833333
1000000 2  499999 500000  166666 750000
1000000 2  499999 499999  249999 166666
1000000 2  500000 499999  833333 249999
1000000 2  499999 500000  249999 833333
1000000 2  500000 499999  750000 166666
1000000 2  500000 500000  833333 750000
1000000 2  499999 499999  166666 249999
