1000 999
0 645
1 248
2 179
3 306
4 440
5 253
6 894
7 777
8 619
9 511
10 538
11 386
12 313
13 613
14 919
15 373
16 982
17 989
18 889
19 456
20 705
21 422
22 539
23 197
24 279
25 550
26 202
27 914
28 236
29 607
30 428
31 784
32 441
33 822
34 512
35 572
36 9
37 65
38 549
39 450
40 342
41 26
42 652
43 328
44 949
45 795
46 444
47 4
48 69
49 221
50 249
51 397
52 164
53 77
54 793
55 443
56 497
57 986
58 944
59 139
60 137
61 240
62 387
63 585
64 615
65 775
66 571
67 863
68 402
69 248
70 272
71 314
72 190
73 264
74 848
75 777
76 381
77 172
78 824
79 802
80 389
81 574
82 433
83 45
84 999
85 890
86 159
87 236
88 453
89 656
90 311
91 99
92 90
93 320
94 220
95 248
96 274
97 17
98 830
99 465
100 536
101 196
102 284
103 206
104 313
105 193
106 888
107 32
108 312
109 277
110 753
111 529
112 34
113 855
114 808
115 200
116 950
117 56
118 911
119 124
120 384
121 148
122 589
123 403
124 524
125 131
126 903
127 430
128 46
129 667
130 492
131 564
132 387
133 591
134 638
135 350
136 239
137 185
138 146
139 59
140 342
141 450
142 658
143 494
144 840
145 377
146 132
147 848
148 331
149 641
150 227
151 488
152 663
153 62
154 325
155 439
156 931
157 511
158 447
159 2
160 338
161 441
162 541
163 188
164 185
165 50
166 520
167 783
168 95
169 126
170 755
171 580
172 166
173 774
174 343
175 640
176 44
177 131
178 857
179 17
180 66
181 925
182 407
183 284
184 24
185 133
186 562
187 977
188 977
189 23
190 137
191 447
192 592
193 328
194 762
195 886
196 85
197 528
198 938
199 732
200 94
201 973
202 806
203 41
204 981
205 912
206 844
207 911
208 926
209 572
210 514
211 241
212 264
213 840
214 930
215 328
216 382
217 747
218 247
219 727
220 966
221 280
222 595
223 608
224 302
225 942
226 160
227 365
228 29
229 272
230 90
231 812
232 559
233 950
234 14
235 633
236 748
237 629
238 847
239 742
240 209
241 261
242 547
243 626
244 82
245 94
246 845
247 534
248 923
249 233
250 3
251 355
252 624
253 311
254 768
255 57
256 449
257 579
258 763
259 497
260 208
261 408
262 21
263 57
264 810
265 807
266 195
267 195
268 342
269 647
270 761
271 826
272 869
273 981
274 54
275 583
276 971
277 887
278 188
279 196
280 243
281 902
282 205
283 884
284 801
285 481
286 397
287 863
288 917
289 250
290 184
291 408
292 127
293 87
294 652
295 591
296 744
297 314
298 229
299 92
300 581
301 272
302 688
303 532
304 721
305 861
306 992
307 107
308 646
309 84
310 690
311 639
312 339
313 807
314 83
315 866
316 201
317 174
318 873
319 309
320 888
321 19
322 742
323 709
324 82
325 972
326 499
327 374
328 206
329 325
330 327
331 944
332 760
333 248
334 418
335 441
336 381
337 578
338 523
339 475
340 884
341 580
342 267
343 155
344 928
345 712
346 704
347 544
348 545
349 302
350 235
351 418
352 272
353 358
354 147
355 426
356 826
357 599
358 457
359 410
360 950
361 348
362 109
363 42
364 162
365 736
366 366
367 952
368 537
369 344
370 813
371 370
372 536
373 935
374 304
375 65
376 4
377 494
378 106
379 129
380 879
381 17
382 163
383 544
384 490
385 806
386 447
387 750
388 9
389 403
390 205
391 804
392 695
393 504
394 399
395 347
396 729
397 679
398 144
399 537
400 881
401 245
402 97
403 159
404 307
405 236
406 707
407 167
408 872
409 792
410 717
411 143
412 600
413 197
414 993
415 959
416 783
417 211
418 334
419 461
420 442
421 721
422 304
423 315
424 357
425 497
426 587
427 40
428 294
429 114
430 120
431 263
432 688
433 385
434 325
435 548
436 884
437 263
438 86
439 675
440 48
441 244
442 685
443 31
444 83
445 715
446 773
447 605
448 651
449 209
450 956
451 711
452 757
453 605
454 268
455 256
456 597
457 122
458 244
459 178
460 343
461 225
462 943
463 214
464 487
465 943
466 568
467 163
468 845
469 966
470 579
471 949
472 104
473 483
474 147
475 912
476 939
477 809
478 365
479 872
480 79
481 158
482 464
483 112
484 1000
485 119
486 314
487 311
488 824
489 339
490 658
491 527
492 176
493 540
494 996
495 102
496 70
497 39
498 959
499 876
500 111
501 692
502 17
503 288
504 22
505 941
506 42
507 375
508 196
509 317
510 253
511 935
512 83
513 453
514 70
515 404
516 744
517 176
518 781
519 922
520 915
521 1
522 572
523 730
524 564
525 240
526 942
527 246
528 598
529 383
530 291
531 968
532 224
533 17
534 190
535 671
536 484
537 92
538 623
539 407
540 696
541 129
542 313
543 280
544 446
545 103
546 996
547 356
548 5
549 495
550 774
551 613
552 986
553 104
554 242
555 852
556 589
557 486
558 916
559 58
560 899
561 275
562 160
563 904
564 120
565 711
566 763
567 266
568 326
569 407
570 405
571 901
572 691
573 487
574 280
575 498
576 719
577 860
578 369
579 832
580 591
581 925
582 438
583 561
584 446
585 392
586 983
587 805
588 179
589 310
590 576
591 153
592 655
593 285
594 693
595 707
596 54
597 571
598 984
599 241
600 876
601 191
602 742
603 688
604 218
605 639
606 827
607 172
608 467
609 510
610 867
611 707
612 970
613 611
614 343
615 186
616 155
617 124
618 706
619 892
620 170
621 658
622 704
623 302
624 392
625 514
626 958
627 413
628 100
629 88
630 899
631 876
632 543
633 938
634 46
635 303
636 487
637 688
638 164
639 85
640 346
641 369
642 911
643 650
644 481
645 420
646 169
647 281
648 505
649 97
650 547
651 409
652 277
653 879
654 39
655 421
656 703
657 178
658 288
659 264
660 484
661 976
662 134
663 552
664 530
665 72
666 386
667 138
668 762
669 901
670 1
671 140
672 533
673 456
674 207
675 977
676 190
677 395
678 719
679 589
680 388
681 104
682 2
683 902
684 222
685 623
686 664
687 677
688 166
689 548
690 644
691 357
692 387
693 122
694 843
695 488
696 288
697 14
698 325
699 849
700 466
701 589
702 396
703 23
704 804
705 20
706 75
707 522
708 878
709 806
710 871
711 467
712 644
713 879
714 724
715 153
716 854
717 172
718 438
719 12
720 567
721 502
722 5
723 240
724 553
725 482
726 698
727 298
728 324
729 72
730 51
731 804
732 402
733 552
734 193
735 205
736 363
737 765
738 801
739 350
740 397
741 753
742 539
743 256
744 590
745 118
746 381
747 360
748 42
749 597
750 798
751 873
752 867
753 895
754 481
755 277
756 39
757 970
758 857
759 676
760 711
761 756
762 700
763 536
764 858
765 112
766 12
767 394
768 11
769 39
770 57
771 270
772 936
773 447
774 419
775 716
776 254
777 282
778 635
779 491
780 850
781 860
782 384
783 905
784 634
785 271
786 367
787 535
788 406
789 248
790 717
791 27
792 311
793 920
794 231
795 835
796 293
797 501
798 216
799 682
800 592
801 644
802 561
803 813
804 908
805 151
806 477
807 138
808 397
809 86
810 853
811 332
812 279
813 641
814 476
815 902
816 925
817 716
818 892
819 902
820 645
821 231
822 138
823 215
824 101
825 90
826 870
827 902
828 962
829 481
830 538
831 602
832 822
833 357
834 607
835 869
836 888
837 98
838 638
839 3
840 971
841 666
842 520
843 726
844 566
845 183
846 259
847 743
848 121
849 45
850 930
851 620
852 695
853 31
854 702
855 402
856 450
857 905
858 148
859 290
860 917
861 532
862 450
863 439
864 680
865 822
866 659
867 979
868 600
869 199
870 789
871 593
872 781
873 731
874 277
875 627
876 978
877 832
878 984
879 387
880 81
881 202
882 264
883 995
884 209
885 217
886 999
887 669
888 481
889 900
890 15
891 568
892 901
893 241
894 264
895 499
896 49
897 446
898 990
899 399
900 237
901 913
902 374
903 139
904 458
905 227
906 137
907 343
908 404
909 884
910 290
911 690
912 773
913 112
914 905
915 825
916 570
917 399
918 420
919 372
920 371
921 897
922 990
923 827
924 373
925 952
926 103
927 659
928 980
929 106
930 83
931 276
932 490
933 595
934 179
935 161
936 870
937 132
938 145
939 585
940 623
941 873
942 188
943 555
944 963
945 586
946 80
947 448
948 791
949 362
950 8
951 510
952 82
953 461
954 399
955 297
956 838
957 629
958 577
959 463
960 250
961 31
962 119
963 653
964 767
965 72
966 105
967 772
968 286
969 515
970 351
971 563
972 399
973 439
974 486
975 677
976 304
977 816
978 749
979 685
980 327
981 116
982 914
983 143
984 805
985 723
986 497
987 21
988 374
989 414
990 990
991 720
992 747
993 749
994 523
995 231
996 507
997 746
998 994
999 292
486 485
487 486
488 487
489 488
490 489
491 490
492 491
493 492
494 493
495 494
496 495
497 496
498 497
499 498
500 499
501 500
502 501
503 502
504 503
505 504
506 505
507 506
508 507
509 508
510 509
511 510
512 511
513 512
514 513
515 514
516 515
517 516
518 517
519 518
520 519
521 520
522 521
523 522
524 523
525 524
526 525
527 526
528 527
529 528
530 529
531 530
532 531
533 532
534 533
535 534
536 535
537 536
538 537
539 538
540 539
541 540
542 541
543 542
544 543
545 544
546 545
547 546
548 547
549 548
550 549
551 550
552 551
553 552
554 553
555 554
556 555
557 556
558 557
559 558
560 559
561 560
562 561
563 562
564 563
565 564
566 565
567 566
568 567
569 568
570 569
571 570
572 571
573 572
574 573
575 574
576 575
577 576
578 577
579 578
580 579
581 580
582 581
583 582
584 583
585 584
586 585
587 586
588 587
589 588
590 589
591 590
592 591
593 592
594 593
595 594
596 595
597 596
598 597
599 598
600 599
601 600
602 601
603 602
604 603
605 604
606 605
607 606
608 607
609 608
610 609
611 610
612 611
613 612
614 613
615 614
616 615
617 616
618 617
619 618
620 619
621 620
622 621
623 622
624 623
625 624
626 625
627 626
628 627
629 628
630 629
631 630
632 631
633 632
634 633
635 634
636 635
637 636
638 637
639 638
640 639
641 640
642 641
643 642
644 643
645 644
646 645
647 646
648 647
649 648
650 649
651 650
652 651
653 652
654 653
655 654
656 655
657 656
658 657
659 658
660 659
661 660
662 661
663 662
664 663
665 664
666 665
667 666
668 667
669 668
670 669
671 670
672 671
673 672
674 673
675 674
676 675
677 676
678 677
679 678
680 679
681 680
682 681
683 682
684 683
685 684
686 685
687 686
688 687
689 688
690 689
691 690
692 691
693 692
694 693
695 694
696 695
697 696
698 697
699 698
700 699
701 700
702 701
703 702
704 703
705 704
706 705
707 706
708 707
709 708
710 709
711 710
712 711
713 712
714 713
715 714
716 715
717 716
718 717
719 718
720 719
721 720
722 721
723 722
724 723
725 724
726 725
727 726
728 727
729 728
730 729
731 730
732 731
733 732
734 733
735 734
736 735
737 736
738 737
739 738
740 739
741 740
742 741
743 742
744 743
745 744
746 745
747 746
748 747
749 748
750 749
751 750
752 751
753 752
754 753
755 754
756 755
757 756
758 757
759 758
760 759
761 760
762 761
763 762
764 763
765 764
766 765
767 766
768 767
769 768
770 769
771 770
772 771
773 772
774 773
775 774
776 775
777 776
778 777
779 778
780 779
781 780
782 781
783 782
784 783
785 784
786 785
787 786
788 787
789 788
790 789
791 790
792 791
793 792
794 793
795 794
796 795
797 796
798 797
799 798
800 799
801 800
802 801
803 802
804 803
805 804
806 805
807 806
808 807
809 808
810 809
811 810
812 811
813 812
814 813
815 814
816 815
817 816
818 817
819 818
820 819
821 820
822 821
823 822
824 823
825 824
826 825
827 826
828 827
829 828
830 829
831 830
832 831
833 832
834 833
835 834
836 835
837 836
838 837
839 838
840 839
841 840
842 841
843 842
844 843
845 844
846 845
847 846
848 847
849 848
850 849
851 850
852 851
853 852
854 853
855 854
856 855
857 856
858 857
859 858
860 859
861 860
862 861
863 862
864 863
865 864
866 865
867 866
868 867
869 868
870 869
871 870
872 871
873 872
874 873
875 874
876 875
877 876
878 877
879 878
880 879
881 880
882 881
883 882
884 883
885 884
886 885
887 886
888 887
889 888
890 889
891 890
892 891
893 892
894 893
895 894
896 895
897 896
898 897
899 898
900 899
901 900
902 901
903 902
904 903
905 904
906 905
907 906
908 907
909 908
910 909
911 910
912 911
913 912
914 913
915 914
916 915
917 916
918 917
919 918
920 919
921 920
922 921
923 922
924 923
925 924
926 925
927 926
928 927
929 928
930 929
931 930
932 931
933 932
934 933
935 934
936 935
937 936
938 937
939 938
940 939
941 940
942 941
943 942
944 943
945 944
946 945
947 946
948 947
949 948
950 949
951 950
952 951
953 952
954 953
955 954
956 955
957 956
958 957
959 958
960 959
961 960
962 961
963 962
964 963
965 964
966 965
967 966
968 967
969 968
970 969
971 970
972 971
973 972
974 973
975 974
976 975
977 976
978 977
979 978
980 979
981 980
982 981
983 982
984 983
985 984
986 985
987 986
988 987
989 988
990 989
991 990
992 991
993 992
994 993
995 994
996 995
997 996
998 997
999 998
1000 999
1 1000
2 1
3 2
4 3
5 4
6 5
7 6
8 7
9 8
10 9
11 10
12 11
13 12
14 13
15 14
16 15
17 16
18 17
19 18
20 19
21 20
22 21
23 22
24 23
25 24
26 25
27 26
28 27
29 28
30 29
31 30
32 31
33 32
34 33
35 34
36 35
37 36
38 37
39 38
40 39
41 40
42 41
43 42
44 43
45 44
46 45
47 46
48 47
49 48
50 49
51 50
52 51
53 52
54 53
55 54
56 55
57 56
58 57
59 58
60 59
61 60
62 61
63 62
64 63
65 64
66 65
67 66
68 67
69 68
70 69
71 70
72 71
73 72
74 73
75 74
76 75
77 76
78 77
79 78
80 79
81 80
82 81
83 82
84 83
85 84
86 85
87 86
88 87
89 88
90 89
91 90
92 91
93 92
94 93
95 94
96 95
97 96
98 97
99 98
100 99
101 100
102 101
103 102
104 103
105 104
106 105
107 106
108 107
109 108
110 109
111 110
112 111
113 112
114 113
115 114
116 115
117 116
118 117
119 118
120 119
121 120
122 121
123 122
124 123
125 124
126 125
127 126
128 127
129 128
130 129
131 130
132 131
133 132
134 133
135 134
136 135
137 136
138 137
139 138
140 139
141 140
142 141
143 142
144 143
145 144
146 145
147 146
148 147
149 148
150 149
151 150
152 151
153 152
154 153
155 154
156 155
157 156
158 157
159 158
160 159
161 160
162 161
163 162
164 163
165 164
166 165
167 166
168 167
169 168
170 169
171 170
172 171
173 172
174 173
175 174
176 175
177 176
178 177
179 178
180 179
181 180
182 181
183 182
184 183
185 184
186 185
187 186
188 187
189 188
190 189
191 190
192 191
193 192
194 193
195 194
196 195
197 196
198 197
199 198
200 199
201 200
202 201
203 202
204 203
205 204
206 205
207 206
208 207
209 208
210 209
211 210
212 211
213 212
214 213
215 214
216 215
217 216
218 217
219 218
220 219
221 220
222 221
223 222
224 223
225 224
226 225
227 226
228 227
229 228
230 229
231 230
232 231
233 232
234 233
235 234
236 235
237 236
238 237
239 238
240 239
241 240
242 241
243 242
244 243
245 244
246 245
247 246
248 247
249 248
250 249
251 250
252 251
253 252
254 253
255 254
256 255
257 256
258 257
259 258
260 259
261 260
262 261
263 262
264 263
265 264
266 265
267 266
268 267
269 268
270 269
271 270
272 271
273 272
274 273
275 274
276 275
277 276
278 277
279 278
280 279
281 280
282 281
283 282
284 283
285 284
286 285
287 286
288 287
289 288
290 289
291 290
292 291
293 292
294 293
295 294
296 295
297 296
298 297
299 298
300 299
301 300
302 301
303 302
304 303
305 304
306 305
307 306
308 307
309 308
310 309
311 310
312 311
313 312
314 313
315 314
316 315
317 316
318 317
319 318
320 319
321 320
322 321
323 322
324 323
325 324
326 325
327 326
328 327
329 328
330 329
331 330
332 331
333 332
334 333
335 334
336 335
337 336
338 337
339 338
340 339
341 340
342 341
343 342
344 343
345 344
346 345
347 346
348 347
349 348
350 349
351 350
352 351
353 352
354 353
355 354
356 355
357 356
358 357
359 358
360 359
361 360
362 361
363 362
364 363
365 364
366 365
367 366
368 367
369 368
370 369
371 370
372 371
373 372
374 373
375 374
376 375
377 376
378 377
379 378
380 379
381 380
382 381
383 382
384 383
385 384
386 385
387 386
388 387
389 388
390 389
391 390
392 391
393 392
394 393
395 394
396 395
397 396
398 397
399 398
400 399
401 400
402 401
403 402
404 403
405 404
406 405
407 406
408 407
409 408
410 409
411 410
412 411
413 412
414 413
415 414
416 415
417 416
418 417
419 418
420 419
421 420
422 421
423 422
424 423
425 424
426 425
427 426
428 427
429 428
430 429
431 430
432 431
433 432
434 433
435 434
436 435
437 436
438 437
439 438
440 439
441 440
442 441
443 442
444 443
445 444
446 445
447 446
448 447
449 448
450 449
451 450
452 451
453 452
454 453
455 454
456 455
457 456
458 457
459 458
460 459
461 460
462 461
463 462
464 463
465 464
466 465
467 466
468 467
469 468
470 469
471 470
472 471
473 472
474 473
475 474
476 475
477 476
478 477
479 478
480 479
481 480
482 481
483 482
484 483
