1000 557
523 14
797 201
754 403
607 418
147 107
218 329
138 459
268 539
846 405
122 480
4 353
828 226
659 44
964 556
700 78
302 234
294 430
283 534
953 363
553 340
772 203
155 236
91 413
50 236
702 449
702 345
648 464
264 321
709 56
310 459
899 514
46 237
171 118
309 48
123 167
147 306
838 124
768 549
173 318
479 261
560 52
636 339
937 329
328 338
974 555
983 399
283 111
79 210
667 398
915 519
403 410
837 3
737 452
188 16
914 149
566 121
79 393
831 371
85 412
257 191
141 71
38 288
723 237
723 351
974 74
992 548
68 166
815 68
185 394
486 455
690 245
291 58
282 491
21 315
598 295
515 510
934 507
539 513
911 245
405 259
13 98
918 76
942 5
345 263
255 24
369 83
938 258
599 298
380 219
234 164
7 289
13 557
399 409
543 168
36 280
969 31
533 422
992 278
733 127
18 193
378 501
600 238
49 333
494 421
949 521
894 235
25 525
276 451
79 277
244 352
709 410
91 395
709 544
745 449
286 339
607 294
243 352
484 484
796 104
79 209
142 397
507 2
517 191
969 547
914 265
271 90
555 268
371 414
28 491
622 426
405 205
302 235
721 292
937 226
309 482
403 217
494 332
452 252
188 53
72 257
98 471
13 64
829 9
321 147
7 433
707 178
539 175
494 468
214 467
542 372
79 96
138 407
524 341
988 377
532 270
334 360
242 35
780 371
837 274
656 332
578 499
392 286
796 96
767 481
291 486
808 488
540 262
363 33
600 514
858 16
745 346
841 104
272 436
730 177
834 367
514 333
867 271
373 287
3 190
170 403
120 418
413 482
663 153
284 359
613 395
559 62
876 311
446 331
632 197
590 128
885 483
632 196
45 6
684 186
992 4
317 465
759 116
268 489
300 257
654 525
320 171
665 34
380 223
360 519
219 184
796 278
245 104
273 126
68 254
63 522
269 178
203 309
371 395
560 45
344 9
265 247
556 143
786 115
725 453
653 176
553 106
54 100
843 293
589 212
685 292
884 484
138 426
279 63
804 517
600 239
242 243
858 310
28 169
113 526
853 352
874 498
312 406
142 204
406 225
437 421
734 184
452 339
809 36
408 287
769 442
723 58
63 434
160 389
453 537
551 425
466 132
986 271
80 117
293 206
227 387
10 162
996 502
875 395
858 533
433 67
848 550
64 43
885 197
653 313
59 373
880 548
326 200
851 130
408 24
926 50
54 554
952 8
899 252
769 329
825 41
754 493
545 344
48 279
532 133
834 486
26 51
147 144
269 66
406 350
609 61
881 372
355 410
981 429
109 150
486 198
528 86
188 104
290 470
949 334
141 109
775 102
305 242
768 303
725 43
171 7
94 282
748 479
712 232
262 538
876 7
935 417
97 106
153 317
398 354
725 103
840 515
80 520
255 327
559 173
265 353
310 145
798 148
267 338
579 147
170 393
622 276
798 425
900 244
895 485
371 334
830 356
775 11
613 478
941 109
783 491
956 158
622 163
808 305
719 123
13 263
7 205
315 137
57 262
87 459
909 1
13 37
98 458
815 550
170 443
739 520
679 474
141 142
750 23
194 249
906 429
834 460
508 509
700 22
983 87
969 493
769 439
619 468
308 191
51 386
840 441
403 537
446 253
264 307
153 123
344 251
227 70
826 80
483 44
294 27
858 465
345 378
445 408
803 94
312 136
131 221
381 395
720 397
162 357
698 257
269 189
709 141
996 160
969 216
22 138
860 426
170 366
262 274
375 115
447 351
591 553
105 195
988 382
674 380
654 73
799 498
833 380
535 325
172 114
158 465
532 285
911 171
19 104
162 524
949 198
345 65
138 180
933 80
911 417
748 145
246 213
362 410
782 81
399 175
562 28
568 534
670 145
643 148
164 148
306 336
68 326
524 323
911 85
614 287
619 25
365 88
986 356
657 408
858 184
852 549
553 201
566 480
754 95
37 437
536 365
244 186
767 122
172 516
653 41
362 326
892 31
719 441
183 421
679 443
861 411
780 224
989 425
453 249
28 115
745 191
8 440
631 502
895 407
154 431
800 370
477 193
255 93
246 401
745 474
422 54
542 25
720 528
969 429
168 203
320 280
981 520
628 526
707 528
264 461
704 318
678 410
808 178
158 265
64 238
724 538
759 345
425 467
408 333
27 68
892 448
292 421
730 75
607 152
561 441
268 195
390 294
405 343
907 248
450 191
798 174
128 128
247 205
422 344
851 349
911 182
858 510
938 340
419 326
817 10
122 518
264 159
589 131
69 413
751 445
114 372
837 80
489 227
328 532
386 187
946 281
568 186
508 64
124 441
122 418
815 230
535 122
556 447
839 474
754 415
280 451
564 130
355 503
131 454
853 13
568 474
392 300
837 361
425 22
17 256
653 57
398 276
482 400
843 470
748 158
846 545
155 161
422 457
818 438
238 492
830 258
340 255
403 393
858 207
874 159
937 358
209 267
163 141
691 299
984 474
232 407
544 420
145 42
215 444
457 209
328 8
803 311
614 163
767 309
460 461
969 293
174 43
282 101
939 551
71 342
152 42
151 191
937 165
481 396
911 302
969 454
282 192
626 448
643 471
900 274
257 402
984 552
182 497
945 59
891 557
981 290
507 529
794 530
392 543
986 316
405 218
243 352
608 413
969 320
157 271
423 419
76 84
269 39
371 205
425 126
988 193
846 383
746 379
720 60
958 225
335 96
421 328
138 259
748 2
10 18
355 442
277 413
722 339
399 462
170 461
246 471
355 492
147 364
422 260
64 487
345 483
576 412
843 52
893 154
975 332
422 43
495 208
170 286
679 365
286 557
70 257
867 274
849 404
450 210
945 386
84 319
453 502
745 115
244 532
25 165
858 524
292 236
918 506
398 92
670 26
851 193
406 199
676 474
376 301
84 245
444 273
204 162
299 266
428 316
773 272
244 186
48 173
561 531
448 429
524 38
799 456
511 201
616 308
944 64
633 58
262 209
685 428
299 368
182 44
405 330
168 437
84 246
790 454
989 94
213 475
794 321
80 434
345 317
380 194
407 405
895 509
159 241
991 270
93 424
266 261
702 527
780 326
8 300
57 259
437 335
328 390
613 17
753 307
610 385
653 453
104 211
327 281
939 347
724 441
791 380
856 112
757 310
851 486
148 392
326 463
976 21
227 3
956 337
838 371
332 556
269 409
421 135
634 393
862 125
76 33
766 437
485 225
51 29
787 477
253 250
354 91
826 220
480 267
942 52
719 417
188 496
57 30
162 423
163 348
761 466
25 28
568 98
797 139
809 522
448 280
597 394
799 403
736 539
866 379
341 489
145 215
415 365
341 114
64 183
548 80
494 417
720 22
874 473
826 40
429 23
171 275
79 198
205 310
350 323
151 129
229 317
654 5
420 379
899 185
170 537
42 157
487 469
220 378
270 55
702 355
59 328
846 67
0 186
535 511
725 432
874 49
215 427
723 173
942 542
885 14
671 258
123 484
578 181
868 512
421 381
705 297
796 279
87 287
2 322
579 156
474 534
679 291
856 127
19 170
55 105
753 312
511 228
405 450
651 476
780 509
603 370
138 222
776 509
701 462
858 292
299 174
440 333
23 333
528 395
838 207
766 176
969 189
882 401
489 221
51 490
131 115
85 157
361 313
337 182
988 315
51 80
138 362
64 498
280 348
708 71
568 284
700 532
750 214
172 508
895 282
787 12
452 79
417 236
438 103
34 122
352 495
257 171
600 287
830 455
170 435
268 52
911 542
837 246
269 229
439 523
542 276
131 384
541 324
345 10
766 182
63 412
604 374
907 174
189 314
80 85
734 188
227 125
525 296
681 21
836 172
162 557
996 501
63 22
79 536
852 124
201 28
766 92
446 478
287 77
766 471
969 68
79 283
939 485
539 293
222 540
165 334
976 497
524 510
874 421
127 541
395 405
421 553
8 51
743 119
601 416
944 472
866 240
64 151
988 113
615 264
312 82
369 373
613 181
746 313
837 214
551 226
812 233
259 155
22 500
381 470
791 415
379 388
287 347
798 69
198 20
369 197
761 371
244 305
26 120
956 15
200 179
942 235
174 72
328 112
664 541
438 178
211 515
796 292
408 114
690 55
411 397
656 97
838 466
368 320
803 546
786 400
694 495
643 19
784 55
508 304
654 397
938 357
363 360
673 376
852 502
586 213
510 421
328 298
291 205
752 108
872 140
885 431
449 557
259 554
811 522
650 82
970 391
811 495
574 26
446 198
907 478
532 492
730 286
373 377
981 504
917 231
981 216
594 509
483 326
687 32
702 149
269 542
700 146
80 501
709 99
437 197
438 269
79 505
743 322
579 134
559 375
234 39
840 494
19 89
862 202
320 80
308 46
704 156
476 65
358 218
766 281
784 121
552 463
700 102
976 446
688 47
757 110
408 474
992 365
968 410
944 424
653 428
392 369
936 372
494 335
399 182
20 160
462 55
428 332
568 243
745 182
939 316
507 25
689 113
154 550
400 378
486 156
838 96
472 104
425 535
113 9
210 354
