997 666
560 213
416 390
744 515
82 205
507 347
803 348
858 503
479 99
683 384
720 278
248 224
490 92
70 115
894 564
718 550
218 380
901 468
63 437
493 552
43 227
755 400
990 249
988 39
433 531
454 489
932 234
564 410
167 577
714 87
147 348
445 588
344 132
383 363
594 451
132 166
868 365
210 199
192 511
259 14
526 218
516 267
0 366
571 28
952 26
201 514
819 79
815 181
615 433
601 296
680 580
799 126
574 299
717 303
183 12
354 136
503 177
931 476
610 29
758 15
369 397
135 10
887 480
899 160
47 118
670 29
375 22
814 158
912 603
27 409
465 273
540 112
582 627
485 625
863 554
30 313
474 17
841 536
67 157
906 531
997 525
239 437
130 206
708 246
302 105
464 424
379 609
872 57
968 187
692 189
120 214
812 487
344 661
851 417
8 400
875 461
362 215
153 276
971 570
3 514
837 252
724 26
897 470
789 326
932 89
548 138
46 520
70 272
176 225
488 591
173 465
240 70
948 90
531 339
483 433
260 630
978 220
714 513
696 196
668 147
79 403
846 533
463 257
527 101
113 338
598 393
450 397
895 279
499 518
177 322
691 207
687 50
969 167
483 386
85 385
93 349
187 415
230 288
980 99
975 360
913 226
957 273
748 9
249 144
327 470
178 420
64 403
751 501
461 57
234 59
491 644
743 124
458 140
10 277
378 37
388 312
199 455
443 646
425 505
670 557
53 440
933 561
924 522
217 366
171 547
934 376
506 522
649 578
155 311
958 371
809 573
431 403
546 262
612 437
562 264
419 457
1 338
869 323
768 421
911 1
297 258
217 477
576 492
39 13
629 593
201 183
62 27
225 288
599 149
209 32
832 106
753 129
501 512
291 378
635 319
484 17
694 474
143 143
696 193
175 456
811 115
315 184
342 527
289 330
243 520
779 424
2 329
580 529
682 115
422 33
492 200
288 251
186 403
278 291
341 114
520 82
664 382
950 367
849 23
705 46
15 549
456 499
264 635
347 117
77 256
916 522
690 448
417 51
496 415
164 297
360 289
170 572
836 120
823 236
657 443
59 267
927 583
525 239
732 376
204 120
523 71
151 524
399 430
84 482
5 346
182 491
255 521
885 412
140 225
798 145
964 175
266 51
51 125
963 522
274 542
173 501
898 611
401 254
437 344
284 15
358 631
688 186
767 446
462 260
592 636
699 203
449 52
242 429
861 5
473 489
996 100
2 389
513 172
573 316
600 543
897 326
627 473
766 437
285 381
139 359
800 62
109 590
884 295
334 179
547 16
215 403
58 547
892 418
839 382
590 331
180 257
593 659
447 50
923 73
270 195
970 403
402 311
263 259
905 273
116 480
843 520
895 183
434 422
75 462
547 520
52 298
985 196
756 316
125 392
11 223
847 426
487 649
252 124
979 75
74 430
929 185
957 160
90 415
265 202
833 215
228 414
736 154
247 666
138 98
852 50
720 79
31 587
873 614
80 524
116 238
161 560
825 291
850 79
218 22
421 180
95 460
618 446
678 164
530 599
819 102
78 156
777 641
207 528
977 334
568 662
746 64
918 269
481 118
71 111
989 244
386 233
806 327
578 484
754 35
105 137
203 329
221 498
25 488
435 632
126 461
373 290
495 108
363 460
294 238
565 311
87 56
844 336
772 84
124 337
771 398
98 569
583 481
229 161
446 291
588 198
35 165
420 366
804 293
23 38
256 610
103 78
482 507
196 473
936 364
251 50
954 218
541 270
859 356
451 313
611 406
867 656
903 190
974 623
803 354
838 59
36 545
802 305
624 380
355 118
628 431
49 33
486 255
372 161
882 437
557 433
616 400
589 527
663 302
640 440
808 122
161 506
254 541
829 282
97 275
584 307
831 244
308 391
172 453
747 220
855 458
380 29
522 181
353 34
38 510
69 408
543 506
346 264
537 607
796 41
535 232
529 216
494 70
942 490
121 532
359 29
514 633
965 514
244 345
637 26
956 82
951 567
472 395
415 243
947 647
455 403
281 589
484 292
973 41
282 294
480 53
7 431
830 314
659 471
42 403
245 490
292 443
533 500
364 68
684 141
946 325
476 596
317 230
820 261
889 95
136 73
413 274
237 491
168 310
191 522
305 297
987 66
159 556
60 396
693 98
778 302
322 665
521 597
937 443
771 324
307 278
581 54
595 119
219 216
651 387
448 293
72 626
290 256
538 650
184 592
37 198
596 93
157 645
318 201
739 553
40 53
558 109
804 416
903 521
703 158
300 519
824 365
99 513
917 479
283 178
606 619
626 639
328 523
967 348
978 404
375 164
678 538
76 296
100 251
903 173
222 634
721 546
346 268
320 413
674 3
801 77
634 461
338 598
185 182
293 72
618 498
667 501
286 264
532 102
785 129
385 217
781 600
588 340
639 103
636 501
128 517
26 233
551 464
86 608
897 651
613 46
734 113
349 82
384 49
681 507
194 318
540 55
96 503
890 17
152 139
241 382
235 436
605 465
121 373
828 483
515 545
795 496
452 470
794 434
348 110
865 44
211 473
198 192
891 265
408 439
728 411
108 207
740 223
976 19
619 663
424 407
188 52
722 29
741 57
544 317
788 300
442 242
817 493
204 22
368 336
238 375
24 530
365 55
877 628
553 482
982 308
672 378
14 563
561 191
745 341
949 285
909 332
914 229
960 637
92 660
655 452
993 120
463 94
575 241
441 394
864 150
554 544
697 382
190 105
477 442
511 206
986 466
776 620
255 449
336 445
137 287
707 115
765 503
738 264
940 47
925 654
731 380
735 401
945 134
226 447
475 664
907 67
280 61
591 228
597 240
224 181
236 582
341 640
376 523
404 432
942 594
528 128
854 23
646 249
835 605
737 257
810 320
611 502
106 480
29 86
602 104
603 441
392 622
309 222
471 555
99 340
50 181
757 196
995 535
155 472
50 579
620 379
271 388
857 131
72 289
709 152
825 453
61 160
615 385
617 133
382 472
253 447
360 397
790 539
807 303
9 383
327 613
272 171
299 365
188 148
406 179
879 558
150 643
688 379
436 326
268 4
22 248
730 443
794 431
698 539
689 1
625 581
791 508
131 329
133 385
197 142
921 352
28 576
397 259
726 380
518 2
787 449
821 208
587 190
719 178
57 475
279 358
770 194
676 232
411 540
4 204
444 41
900 162
669 295
962 58
672 14
277 482
323 97
324 152
675 247
321 153
482 521
896 617
673 158
981 486
860 88
893 468
702 242
686 575
19 551
604 362
870 279
749 547
991 30
107 271
350 404
751 462
216 381
4 132
517 412
755 214
18 267
213 12
585 377
935 211
200 114
295 402
340 155
232 199
381 167
643 554
62 403
227 513
616 39
81 82
534 516
883 342
908 65
457 441
842 10
220 548
713 485
468 136
871 373
959 495
154 36
430 215
30 259
162 136
402 544
555 495
623 239
5 213
826 369
685 351
666 170
158 504
400 495
862 585
786 422
217 78
306 195
405 399
638 85
100 353
33 362
569 406
641 621
671 642
418 419
310 425
510 537
994 601
729 213
859 435
94 203
652 130
205 423
34 450
407 301
453 335
700 118
423 509
502 478
915 513
813 435
356 497
853 42
904 220
119 146
630 127
345 63
332 78
414 306
387 355
287 417
267 428
355 328
396 304
312 123
717 574
129 321
223 116
436 14
403 436
316 159
500 397
549 329
759 494
174 263
146 311
818 262
966 209
536 463
905 237
572 212
156 454
169 370
413 115
750 484
845 283
273 315
83 245
361 107
656 233
44 25
427 606
712 339
257 253
621 60
631 379
3 415
919 270
54 11
166 521
112 482
922 284
647 534
805 427
609 286
834 24
915 80
438 61
784 365
559 43
716 115
335 459
724 545
658 132
134 108
695 357
112 89
902 6
326 586
470 100
654 151
539 45
554 266
992 657
269 307
459 324
920 280
579 374
394 58
910 615
111 69
822 462
693 449
115 629
947 195
330 559
440 566
188 459
563 438
258 343
469 296
550 293
628 193
314 360
64 29
706 96
567 18
41 266
145 419
556 469
880 565
179 382
504 618
930 652
665 612
165 514
509 163
301 22
961 7
250 174
642 221
760 238
276 95
874 68
620 66
343 333
711 616
662 178
633 604
622 227
926 230
439 81
607 404
371 480
723 270
17 501
412 281
393 353
848 285
313 74
816 23
390 655
429 231
767 584
763 350
88 186
614 653
792 477
233 235
586 562
660 532
782 212
163 365
608 444
775 405
333 21
542 48
103 485
460 595
245 240
815 505
55 135
351 326
311 648
12 91
566 142
762 368
370 568
43 27
771 279
797 219
653 491
367 83
701 161
752 372
466 462
505 638
142 8
148 206
149 417
56 176
319 408
733 210
928 349
89 188
972 168
938 404
231 571
764 169
498 124
73 624
774 361
939 20
578 335
632 220
519 76
123 100
357 487
467 309
713 129
321 468
489 197
715 467
208 437
428 40
395 51
512 250
189 31
291 658
409 121
68 602
780 536
101 87
202 526
