50 145
1 2
2 3
2 4
3 4
3 5
3 6
5 6
3 7
5 7
6 7
6 8
6 9
8 9
6 10
8 10
9 10
6 11
8 11
9 11
10 11
6 12
8 12
9 12
10 12
11 12
4 13
4 14
13 14
10 15
1 16
1 17
16 17
1 18
16 18
17 18
1 19
16 19
17 19
18 19
1 20
16 20
17 20
18 20
19 20
1 21
16 21
17 21
18 21
19 21
20 21
5 22
14 23
14 24
23 24
14 25
23 25
24 25
14 26
23 26
24 26
25 26
14 27
23 27
24 27
25 27
26 27
14 28
23 28
24 28
25 28
26 28
27 28
14 29
23 29
24 29
25 29
26 29
27 29
28 29
14 30
23 30
24 30
25 30
26 30
27 30
28 30
29 30
2 31
2 32
31 32
2 33
31 33
32 33
2 34
31 34
32 34
33 34
2 35
31 35
32 35
33 35
34 35
23 36
23 37
36 37
23 38
36 38
37 38
23 39
36 39
37 39
38 39
23 40
36 40
37 40
38 40
39 40
23 41
36 41
37 41
38 41
39 41
40 41
22 42
22 43
42 43
22 44
42 44
43 44
22 45
42 45
43 45
44 45
22 46
42 46
43 46
44 46
45 46
32 47
32 48
47 48
32 49
47 49
48 49
36 50
