20
10 38 54
683559238 259071354 550059750 949961876 957533212 565321253 501332628 674512532 271829321 791078439
460391306 186577271 252254412 240119374 195235925 883721029 170339205 395799013 818532180 586382674 896101983 227060642 743251963 230124112 576304577 140416146 365120439 616070695 861419293 513058963 232770519 133383130 778347327 744967607 235841065 542635732 939020589 732679532 16334919 429959277 2030109 435770672 896233888 770723346 294009183 828227425 533061391 918728563
8 48 44
577914144 769622165 124389993 114516059 757690243 674492025 262820852 468985730
663963413 861892821 309721281 9201641 869377303 191462617 638584849 724444152 455320001 568479569 55021121 388676443 642151945 554123885 258595994 682815521 751489190 41952276 914983068 619530102 344970542 816390424 717645655 127497727 206736890 258908243 638984635 587551404 125986652 185473829 240947062 394625264 776537422 841395332 475494245 588818316 346065300 931361526 363812284 263462156 96616720 151289720 843857639 230250242 544234092 343526520 745846896 196267900
8 47 6
125362574 825617841 582468974 504928962 769480531 342072870 464379385 384070335
438791666 632672845 404297235 537283572 575525078 482889485 223061900 396510019 111205273 200246950 963301967 651666112 667784424 935778901 557635865 297115045 389619227 565064489 175280011 519406788 951523183 800048068 944414630 148235322 840061426 563526545 333192529 614107202 827242012 193633805 327227320 99502532 357319215 273942566 117181903 789467894 382944672 761411705 464885249 959910569 102323097 120137144 730074769 787833214 70205829 625250339 537927854
4 43 84
294130648 515446682 239857744 425293460
859989295 253828074 12733999 943687768 536157152 25503268 672539350 808083872 892407076 784768098 172268692 617356500 439982624 918136532 603928572 916451087 916892690 947652888 801325126 234433628 862364000 19343723 261700194 157204855 264174823 222846497 739726000 796355599 246834642 503075972 673554874 414245482 982522150 284716966 209653552 370438223 858315056 234223826 580856039 579629513 383339030 315767091 224975227
8 66 58
898670433 912739923 169496500 430037002 456723376 924442721 975605848 475035714
963529966 940734681 994475619 17021864 224215195 151111213 830346552 43202375 625155207 586364034 664547802 790080675 44732443 345709697 415875750 233146064 884311305 751762717 413050249 543006941 436713999 41152863 898994344 623339505 942323977 637933041 851555687 140284012 578779900 962782739 664181714 361815271 201117219 647287378 711163144 335886711 610798662 689053805 47255802 319150616 397104786 432085914 508223390 18771525 706416060 792058313 853682333 357706942 637419978 840176651 322222013 433176077 483393190 745134901 744376524 851202997 276944626 134885042 79545267 23353720 286694735 181680151 753431792 928860570 421181639 509102230
2 97 80
891713931 385132779
621129818 159371164 149692433 284999882 126691972 248045906 535576930 352542123 989034556 759497702 155242483 610262552 601427106 592464908 475087947 481355413 697201723 763623164 698413458 355214939 785911730 470102625 5779467 10078270 906601372 270713581 883667060 901157121 78074460 592865678 852874081 477160109 994779020 728548535 914518828 434335727 458856968 49792775 824924187 488711530 822403837 89408164 680884625 108097447 569414670 323469536 566311580 501766200 120002232 142054220 426127833 480884973 252601824 502690212 381802384 857714870 852520723 16271699 131643540 709493371 459602191 562130086 541742999 237894540 160507318 833080137 373038197 862619569 810444329 915220069 837953299 569014350 559164497 33630218 344049335 283269537 100820768 196070588 175198854 817560688 975868067 583312933 682112711 776789735 742184853 980317177 181259832 190883193 561198373 274345800 232056205 266205886 402596166 323967616 530833417 147915701 850104264
6 1 4
369417741 206918551 550933571 930006253 27456068 537239424
828930044
2 93 78
157634107 174482699
403282409 1529990 812086093 795396383 357516419 194445392 213350766 693848052 858231688 44219802 44859020 933785527 924429539 844236827 578978049 697563020 725270968 156604054 365633302 194933113 686294753 521431815 492919967 28182844 898018173 768407614 28957242 200741132 755199872 160663685 850487218 337115070 737503449 523280389 598428906 170521870 523898268 597730482 391914220 598755026 122856608 121780634 132508036 209330600 220670407 891285966 268343012 733888520 139939726 705902728 756365493 6680633 781771528 275364247 444058186 654717151 130562276 255422495 777455114 801821481 531122465 712315436 741146694 89072718 214022139 866831981 567971553 944188939 405847281 687436971 133620970 817384995 57758336 365217347 386365784 897285893 129159787 89377350 766522572 857852660 521071516 207276082 813846350 742198416 80148284 166620921 800269065 711176259 243417352 140552933 304041360 795379073 717163166
10 59 99
192383109 343076606 327244513 786108853 998714626 702519515 539339332 523294183 16192552 528572763
372179887 331911817 607874913 725229796 140919757 267836428 462421537 661015359 554580029 8664869 481723877 581512272 779899012 622263631 355930390 885437166 295538619 759301843 471151427 316748848 573229900 137792878 120351595 5689318 593014906 280784951 425675338 283231940 7144181 784221753 118652817 307785501 213839909 938735923 15174055 806474764 842898087 261614143 509054140 43486161 653969474 268545195 986821700 701723940 502081691 167899785 66271732 521912281 937197524 807064496 524635090 294402429 125069275 401102326 842182933 34775871 196201908 869187117 642413580
6 84 51
53712323 580894856 328451099 195083803 149581643 222082387
478240285 880073751 166189911 853193899 158853434 903875703 946373679 967893367 329958610 938058200 428565270 870723942 278339 360541823 418545133 300529442 322285168 511714010 434212160 579466424 263782970 830630288 256000269 227626456 858709743 913232320 592643638 929991922 646253339 923514139 151972278 13606323 295757308 474601144 689963200 978141548 125042272 436018664 819122540 720225429 216915124 566553737 474699866 713408735 28212234 929523419 179227474 693167987 188463167 216406181 440827198 785045089 580022361 309101415 772719528 612112277 10073815 706991814 712043331 885374981 116103676 377737377 649306849 904298312 286214790 769835514 709845075 275231654 380446701 39877636 770696257 780768213 234576119 85558455 831500824 605776333 904561290 37419313 468704648 950177580 230249842 800618144 928770750 166707069
4 94 2
883623809 38040716 451263507 970582102
713043852 271716222 272958412 717127085 625782475 858664350 210097349 690577280 994606314 398962450 692289202 471144382 776473884 812275929 420317851 245332078 946913802 344387194 337339308 665510025 788036475 311368852 70882090 946916140 123250432 700400561 906217048 576966717 469724118 777073115 720424999 270395953 418218328 107765274 57700303 269262836 285731883 68309520 240565456 337973047 357858744 477465385 285432761 964957598 184139225 703853105 224169899 151015170 132707811 473424826 58110896 205556044 82605427 876227145 797893922 724844868 54850100 47405127 419806623 135931937 451383867 377385507 744132659 818533480 7291134 245527488 317215025 354962423 261884942 749755615 617499100 243614426 759980551 355438800 727725741 36362317 994393668 289809824 994407511 815330781 771027230 380660244 819782991 300886260 196814958 896650666 596719775 405058931 664931167 450657791 813257973 367360259 84791114 103399649
6 81 39
630935326 67699299 367352044 883930031 778695070 265871124
542220311 847698739 114680742 531723775 180453508 621353642 217523711 201337031 792881670 323361026 815082505 704892334 240163848 14396319 23169713 361332037 30480140 190341521 74355283 30371052 48099286 357876009 852974656 852280700 761281933 567827385 99781102 847875389 114170833 784965040 520868272 666735803 746358386 137903982 378082624 165110203 604119469 50473249 23896039 507489442 556163658 167716869 173807822 206728641 91656774 711497535 31786685 855029066 383568169 767682877 719432608 516685605 505000732 113126245 729521947 940070080 735904263 283774900 416647634 92501677 106385676 824709953 937307226 970296167 402519324 901070818 678958180 821982735 486442119 42501909 729184995 971227221 908558806 225147453 169005497 267442500 954331505 411342442 883528303 12551375 935299295
2 3 54
875637954 714061008
400302972 616337053 701949283
2 44 73
137645758 403003483
446574160 74229522 259432802 917251329 279210665 851657703 91910949 215346596 283198567 737780179 18513316 863014240 126022913 659154333 386789994 206172623 739454383 214070677 346939409 991911573 179234481 917420308 725655753 672632470 840396049 341617263 68534807 984482368 323693936 708382494 511877857 403748985 671563241 343788510 716111933 964642581 13805875 725403355 502156314 309899404 432431968 758988117 93319877 237606690
8 18 0
4976668 490254049 966622339 879874347 272056834 13990921 386057315 292578050
908036257 679973707 212050379 325814049 650840003 461993628 611418690 53738555 969883800 901347444 395050930 359768407 371999696 195632881 383630872 977632639 905911793 688166214
4 48 54
642141032 750697593 510474328 469985163
850306959 588032594 358276139 314137218 897178981 463729819 162151387 660768995 266171911 300794843 150412167 490945257 651484944 324020830 679033546 208969508 61464326 318221318 535414407 498917222 199614550 798979952 512140990 769369022 924816143 715137239 814759665 702314135 99805182 549801011 943769202 275808407 538014114 20041784 74589315 719713797 401976288 738809418 571234429 870507976 85657031 869277472 881210921 21999448 431472585 783586457 216089648 917233276
4 30 73
21391047 812532871 687895863 650891686
844885923 16502961 983772905 679638097 538097229 41270520 259897354 636507598 646370075 908740749 73616365 831056556 221659453 570027596 953740006 314148159 227786823 334604575 730748905 779058415 111434936 388869813 324300430 402600240 234249782 433803860 599144566 554686286 191905081 760497089
10 99 97
131473724 871570196 611588015 679186376 375126099 502001269 941605776 54221312 382924685 851360374
571610178 337413988 927523422 523425705 104370698 34287776 747523931 374648843 870424810 956656813 418197215 649025709 582077986 473124437 285191178 783885717 529013935 26990337 906412064 408972938 821662702 102726749 584539283 595783824 465660885 865580535 2938278 252505334 460966578 346833133 866919676 249528725 323064075 337619847 309519453 903762294 819136909 646616389 327467679 644566817 689843352 924602721 863839116 575120076 401319381 169978862 757573351 371129122 613409357 483376797 927931141 787163498 229082521 425312485 501649415 763499776 218815076 722147648 371464703 378361883 392155464 990195773 40878206 676789826 251978911 794741453 262004348 350841882 524089373 552963008 687360377 694820175 984634889 736620907 424297347 109274100 843841053 849569227 986911817 922928993 459766108 865949884 440751076 394733962 72977432 96187220 170564554 233241011 918312687 760386275 357433575 249627968 51287130 541212861 961093140 343847230 607485623 623423951 232295732
4 75 73
16449745 984755680 110938053 295804890
164170266 863992849 967384343 886449921 636503479 119954390 201470077 779619677 993413435 981049202 500012648 837642509 400126959 71151570 622269272 783212072 508618046 281526733 968171590 468643468 971772492 170350997 674994308 680075845 900327874 97606516 670917082 882451094 347901443 468438250 78835789 787654459 364934552 281012773 177080735 21086793 973258723 159804568 684525426 383905056 88561823 584340605 802317854 875473081 607321403 531979314 555835029 609522588 767309314 976363536 346437383 114661037 871325190 514651857 130510308 886391933 73299257 833939004 310909443 758175113 83662943 549585712 383237991 555210025 783258914 465996374 906459722 661725935 791067147 452255718 355056045 133480008 498287556 341060839 503978435
4 17 42
187622750 406332599 564311371 490030794
645305264 13023473 459667244 391467285 312735533 592784243 447072529 689776839 409435936 125208561 288240463 106217082 552759882 731183393 12118046 323662727 88705608
