20
6 7 1023
8223 6647 4555 2346 1608 554
8190 5404 999234996 999132860 999006138 999905795 999018402
6 3 9001
8379 7195 5023 657 644 434
7697 5339 999546798
8 5 7048
1588 6160 6714 9227 9630 9785 999364912 999395487
4347 6491 999874514 999885255 999483622
8 10 4008
8835 7944 4359 3878 3741 58 999267592 999519374
8480 5498 999142057 999407173 999096780 999460031 999793998 999776304 999599476 999879699
8 5 86
403 2316 7088 7822 8813 8950 999836795 999194046
2095 4875 999212418 999523306 999929490
6 6 2941
9790 9492 8918 7059 6531 6381
9547 9375 999798709 999866793 999132194 999080184
8 4 1569
1000818 1002837 1003880 1004219 1007057 1009370 999632485 999868489
1002788 1003047 999202472 999417169
6 4 5828
302 2486 5043 6179 8541 9767
1490 3262 999369050 999925829
8 9 5714
1960 5244 7291 7381 9305 9916 999088237 999353677
3297 7003 999038879 999553346 999507480 999986336 999579507 999913807 999910214
10 4 8129
1989 3112 4630 5152 5722 7897 999173049 999501908 999969463 999397425
2391 4156 999269682 999423530
6 5 442
9976 8339 5796 4043 3593 1210
9213 7458 999603932 999496234 999608448
8 7 546
8617 7716 7172 6548 3385 2664 999337218 999709982
8202 7209 999166494 999667912 999110484 999742352 999687344
6 7 382
8281 4038 3001 1858 1146 129
6927 3697 999886567 999023105 999970110 999816447 999779122
8 9 6337
9320 8831 8404 6332 2956 1705 999875972 999928788
8957 8623 999243136 999930776 999748987 999162657 999715493 999125013 999629903
6 5 1287
1714 3219 4981 9070 9683 9901
3179 3903 999814220 999613889 999158402
10 7 2526
2219 2615 6166 6996 7670 8382 999461946 999693245 999406057 999684535
2234 3417 999874501 999639807 999083325 999414925 999623489
6 10 8000
9555 8766 7896 5865 4211 3842
9527 8441 999203864 999259117 999838956 999373083 999709560 999923252 999144406 999055628
10 9 2868
1979 5644 8135 8981 9694 9812 999725473 999416933 999840714 999368348
5345 7291 999205907 999624350 999933607 999358733 999982930 999261021 999700382
8 4 3253
3200 4061 4799 7792 7967 9164 999606362 999547011
3457 4139 999680439 999003231
8 6 8940
35 557 5385 6824 7974 8898 999200609 999177213
159 1135 999867376 999558505 999723658 999163339
