20
8 9 1553
2001182 2001926 2004555 2006020 2008471 2009150 999303151 999533406
2001374 2003393 999737861 999433225 999002605 999984639 999243229 999338711 999594391
10 4 8391
9950 6871 5237 4757 3746 1168 999856826 999662285 999743440 999774512
9701 6346 999610556 999764295
10 7 6498
3488 5109 6745 8131 8670 8871 999982262 999072547 999495608 999107600
4845 5655 999200834 999415984 999102552 999323983 999645569
8 9 8327
1128 5553 6196 7764 7853 7881 999834816 999949924
1529 5871 999849752 999397659 999804169 999725674 999006241 999974480 999169906
6 3 3324
8151 5143 3611 3466 3286 1186
5440 3876 999543553
8 4 9890
9570 7886 3565 3173 616 568 999478074 999201484
9269 5797 999089108 999739652
10 6 6217
547 2318 3398 3734 4866 9905 999218164 999829417 999105681 999177040
1361 3122 999317222 999191031 999401385 999927671
8 6 188
2917 3342 6823 7829 8229 9438 999343598 999684994
2954 6469 999113039 999611574 999934611 999511153
6 9 3574
1009671 1007316 1005540 1004096 1000556 1000306
1007637 1006695 999579288 999474330 999430051 999291373 999706960 999371039 999502455
6 2 8281
1001899 1004535 1006947 1008731 1008801 1009845
1002530 1005480
8 9 4109
1153 4372 5945 6980 8910 9188 999358513 999806288
2161 5441 999890863 999699587 999749189 999591263 999381149 999030756 999946521
10 5 3811
1001674 1003519 1006036 1007139 1007417 1007784 999925836 999148143 999813386 999970588
1002555 1004856 999736148 999929563 999804937
6 9 6446
392 750 6173 6857 7996 9428
543 1824 999212587 999157477 999905145 999516324 999747682 999925964 999186671
8 5 7690
104 1331 2387 3714 7202 8725 999470192 999271599
1019 2353 999420821 999624976 999262491
10 10 2042
325 1490 2534 3211 7296 9013 999487113 999638241 999777423 999778035
446 2513 999068151 999080213 999323263 999530501 999673732 999128740 999761360 999686679
8 8 2003
5147 5055 3638 2307 2111 242 999111857 999634615
5073 4216 999545031 999034376 999586952 999856710 999605462 999614213
8 5 6720
1018 4370 5175 5674 6041 7028 999578861 999380726
2260 4602 999583693 999071773 999494493
8 10 2092
7644 4385 3359 2813 2364 927 999391942 999205802
7541 3435 999565589 999375666 999970697 999249678 999678989 999009968 999141499 999449145
10 3 3532
964 6656 7669 7735 9070 9540 999998449 999984221 999656485 999125906
3341 7272 999358708
6 6 6113
7233 5454 3743 3431 2280 855
6965 5355 999904583 999493016 999348605 999720366
