20
4 11 802226
947635833 638690357 40550295 139951791
730196113 671330041 419715375 648859395 904080063 363156316 857975176 250628075 709415717 584123174 104418396
10 74 676568
522342576 820078949 185722044 626422085 894293399 728105334 123647565 33552500 126093344 249675832
489565 873195335 803138068 783929478 758089153 457997205 496937583 126637400 152582243 211414055 191604562 92833802 810202350 975693113 730395826 256364391 887440363 679611759 356311232 808774326 158835533 394684924 398275668 87405742 184132125 165106822 947419693 116762399 558940395 382876321 903826792 272403903 633953409 209518905 31289000 135976938 755800396 610992199 641278403 756860386 154384577 951866781 656245409 918419519 140019194 352010477 858894131 175360345 58155132 270128254 596868048 665162543 358805936 635013334 759883819 384972172 726853576 616501584 447068281 692265860 197864098 292376809 941830860 844176496 760491757 270593343 150677724 694399084 497985368 409989407 537710747 309737726 858245055 596961734
2 18 827105
477798122 529739375
652000708 870897646 206808124 627321698 523414868 636346185 593664017 658874181 300546195 648897825 279850323 933842524 9427377 410560803 426234216 803713481 294595973 44002583
8 80 739758
864855183 104174168 379841050 86736937 776224250 607012923 512227124 701572622
250153219 940559049 146583091 687224863 21548370 304943136 452719897 508850801 31466442 790167254 941424432 587883054 631828993 167356068 880719767 878359426 423288622 703936403 732183613 143712432 31559613 697815269 851647002 911860205 838646697 842117799 311886988 712063469 614285310 511163722 263080047 387308716 8869909 142000662 396540943 490018189 6384344 565791823 81598995 580156953 936895680 472394286 758066566 274482696 140456368 460338853 943341389 627893411 262207945 29863969 372847235 738417825 319715631 131034250 89025311 733858068 467875078 469114214 494980927 832613287 392009661 757882234 418908933 440054419 607123675 860669056 956115790 428574044 953978319 661384767 975252585 978391013 300811898 682650738 978895028 605562465 153645283 751978948 988837545 846199281
8 28 428802
600019181 663639304 862643698 278054793 821604457 731037165 811016940 626437678
678675526 752135785 635783109 904927633 832199228 724236467 993145735 752040777 759760686 182992545 180654627 364870277 584451247 149272462 160709361 820193247 701211770 16992990 982121258 951353869 878048057 696206287 696814590 732173345 59095413 710615391 826438526 42012505
4 28 382928
12981725 189219895 474111385 170656492
696301789 798465422 907919002 132126842 181480006 836446621 52561531 271818240 430018778 546005661 879159724 876715607 819050501 630986441 266893046 478436951 385752380 392115825 462034309 642683167 757923550 219705695 125814739 695330809 836139811 104417725 669600341 150136662
4 74 740675
337581777 642465825 811623849 478212716
534116116 109400918 754573685 923290583 89503649 682311144 178004157 163485257 986199986 547062557 692159143 461933660 510357217 918457077 917888156 949093682 978538594 444405402 721260215 556316241 36887757 996572615 560926680 635433254 185995334 705246885 784011346 769554319 593626380 772275790 959947695 682702939 453507377 44878303 562812863 503410493 502115305 723123934 100113898 320106289 533759758 231453604 595348027 512801787 634303716 977076222 317014000 808758919 724369181 384137041 900766822 872677 640832381 941154008 221992172 320543436 517788811 706728632 759452856 563240241 254596350 578030791 501752968 528723833 626359115 65458948 327168291 386979559 476893681 291181321 968980062 470295884 623838925 948481333
2 34 300290
839357184 515675091
212183661 356018891 442287418 750146279 374833059 563680791 184235062 484127693 989958772 259518560 67432289 814664898 351146575 595886277 576886270 758494502 720395840 753142888 645975611 706593198 886342612 741892834 67926838 611953509 746487134 349020698 457246390 906924037 305043080 308476280 398585990 793392706 34357998 804015557
8 15 919836
962196214 143497045 242415585 831701702 174453591 744923008 280436333 582707911
260857620 828714668 323231172 925935098 599412887 56512376 530888410 385022481 402580387 509101374 242926961 775132348 591448057 742063618 60801411
8 54 851049
780568549 351158443 684949547 454836083 504751675 21727574 987880770 94086613
617336317 83049827 451814901 734706547 9704902 827760368 284506679 300580171 144525209 49266408 595349557 771040181 913779555 430094011 209676936 874127038 527277395 526878129 57346792 392423394 120415661 105071716 769468157 211762007 717803539 348553151 912983166 558799638 456797359 811899893 813816495 573402686 232080036 777039273 513402463 842401704 690001065 576800800 523234743 86193352 258528444 700210023 203321461 148334672 219680524 447186846 926370312 983824076 778798021 448463899 73374488 185990789 331828539 324725130
4 70 138006
341363956 893060007 625104673 803835984
6573945 477521724 995528803 505800155 774671999 521875659 689370954 181678597 685421319 539425643 592787529 996496384 213496708 849795186 59036623 272559248 703720831 238097427 513724423 650505285 399855164 391619208 18364424 70070516 307002495 580775396 765272757 810034951 49331484 380575550 311630103 521595383 840506025 291930316 740246070 437367569 640630069 378769545 323940345 781092601 438124921 549657485 92605227 423094868 60695975 260082984 969162235 429325774 262809581 748615158 840956065 375135559 485155234 61122178 382920743 551512703 558004909 270190755 110322882 262123772 690922859 841134768 873299163 606294140 143790268 43988015 736403021 254252864 813411975 739408235
8 90 340103
43894231 411598071 129488057 479046977 711919709 778466615 490442722 214831050
51198135 392546864 273350944 350134192 369165903 355895865 116888178 55875926 341390180 227300054 741215426 870633642 767443145 169227165 890523786 33872447 142395364 944056452 405603611 792692849 115095128 399371970 428380795 371806684 233880269 139523749 710700927 817192371 176020305 260838084 795751743 196909950 547718251 505984548 678709093 683419850 383403244 825553160 448421639 929514960 769453345 687872609 325810575 503527806 327357239 927023358 198152624 423484942 501173256 87080811 72140576 897153527 285636880 647818562 912476913 904762 709483807 275484447 614021566 461804394 850662042 367629681 224055997 63355802 559266469 165134285 422803263 291015901 760585455 479159247 790247079 384138818 507711673 272573265 510671661 347207470 770141279 887342796 128260968 768006667 808221184 914461284 306501380 399166937 231611566 682521178 688890873 437401215 429873743 337089978
2 1 466649
413668913 169270357
237927276
2 12 404970
122000017 286242763
645259449 501090773 429872368 178067515 878940416 496194051 279473102 554217971 667366984 325542282 529137669 314832777
2 84 31918
305828398 467479121
687773149 384260950 306239978 793601101 745749338 620476007 423418196 5996098 144742450 299629303 182693978 101747703 469610521 409614560 328154727 591711863 922126455 203497723 243437496 646964101 515336724 170406987 470673294 297295227 151184554 539235750 892212616 734626016 701083408 524850189 665458260 967270015 461199779 616907625 23176620 225005946 713960209 682421791 536294207 255026699 438971537 549635331 388231134 318043181 756116910 398327970 463722519 21736844 620432009 133082590 434175073 474141511 940642948 193719953 696117935 693912063 1177162 568993128 937773448 358058139 68287666 358936031 754904714 419687220 957251687 629893559 759375690 177249855 392173341 57165789 739192791 487104092 311498376 646464784 762068819 895533182 58754125 770252993 214191244 939179640 308310629 857604035 967651464 400769451
6 86 38127
115655215 182534903 605341879 240378205 168972332 869925701
757473269 172372110 802739782 409592271 434134745 572272745 607562636 297861094 758086311 687143066 107978367 129675060 158275988 800945489 583352444 181653366 732769573 261882239 62595360 422497472 24119748 743221260 55424490 345165717 435302191 890425443 689133929 163378136 682131106 912868461 499879264 11438650 563048587 489948938 288844726 841706419 194163082 250682309 95525824 499399849 354953031 986990342 146361725 269512840 468108653 373124456 234587308 200606787 663925674 485320644 643857506 348177193 961009927 324782236 770328439 935032735 525091862 886851945 262650878 43919458 920916055 151052377 185068875 944926334 253357083 714990920 801562655 475618478 312013899 365288429 574391043 582067286 498683176 785794154 823703826 145610313 583813395 260188750 668707369 556373816 529110767 395840767 544700922 916953106 198958831 662999073
10 32 641703
934026858 421853694 792818324 875121423 362342974 501389592 397145845 305682891 751260463 939292900
533484782 441167944 546725889 652468732 648106878 628824555 862886204 888298366 916063201 662036902 546651649 436116096 732407665 805721935 418794345 117281629 709602414 654436080 67014276 199621418 820519360 167194607 595027908 463356769 832605820 133193622 159992861 919474767 604967952 826933117 231652540 289847109
10 7 595505
810712221 751851838 411377165 855865772 501580477 828467073 546607992 865158687 698285330 73373026
143629895 2860086 453861485 230736761 667015410 963176804 282177226
4 26 654234
924015763 697427795 356008710 515229699
475172064 179833867 349725098 398333885 10422581 189301013 446616281 497282435 947945857 247947444 848408899 424521939 990027177 885305878 859104592 593394964 571255088 864779745 349468667 174298697 718479280 886506491 370986109 287770180 343225085 416769529
2 7 162482
524416350 247134915
984470818 256795984 848834166 741180006 889106508 745801990 4007457
