999 3487
1 2
1 3
1 4
1 5
1 349
1 614
1 780
2 3
2 4
2 5
2 111
2 203
2 540
3 4
3 5
3 439
3 441
3 562
4 5
4 59
4 788
4 992
5 274
5 553
5 891
6 7
6 8
6 9
6 10
6 11
6 943
6 945
7 8
7 9
7 10
7 11
7 397
7 847
8 9
8 10
8 11
8 183
8 444
9 10
9 11
9 384
9 418
10 11
10 864
10 951
11 78
11 421
12 210
12 226
12 500
12 523
12 553
12 637
12 815
13 14
13 15
13 16
13 17
13 18
13 19
13 20
14 15
14 16
14 17
14 18
14 19
14 20
15 16
15 17
15 18
15 19
15 20
16 17
16 18
16 19
16 20
17 18
17 19
17 20
18 19
18 20
19 20
21 22
21 23
21 24
21 222
21 390
21 752
21 846
22 23
22 24
22 434
22 616
22 702
22 902
23 24
23 305
23 415
23 531
23 549
24 240
24 322
24 385
24 704
25 567
25 648
25 759
25 798
25 843
25 849
25 921
26 27
26 28
26 93
26 211
26 518
26 682
26 903
27 28
27 60
27 305
27 341
27 457
27 800
28 89
28 180
28 415
28 466
28 942
29 30
29 109
29 115
29 124
29 499
29 725
29 841
30 117
30 276
30 343
30 443
30 620
30 827
31 32
31 33
31 34
31 35
31 36
31 436
31 473
32 33
32 34
32 35
32 36
32 410
32 666
33 34
33 35
33 36
33 386
33 683
34 35
34 36
34 302
34 479
35 36
35 391
35 469
36 210
36 314
37 38
37 39
37 40
37 41
37 42
37 43
37 44
38 39
38 40
38 41
38 42
38 43
38 44
39 40
39 41
39 42
39 43
39 44
40 41
40 42
40 43
40 44
41 42
41 43
41 44
42 43
42 44
43 44
45 46
45 47
45 48
45 636
45 645
45 891
45 962
46 47
46 48
46 261
46 264
46 554
46 981
47 48
47 494
47 568
47 890
47 952
48 105
48 322
48 373
48 539
49 50
49 51
49 52
49 53
49 54
49 55
49 227
50 51
50 52
50 53
50 54
50 55
50 868
51 52
51 53
51 54
51 55
51 213
52 53
52 54
52 55
52 899
53 54
53 55
53 753
54 55
54 146
55 105
56 57
56 183
56 223
56 415
56 499
56 757
56 999
57 76
57 148
57 453
57 456
57 552
57 952
58 59
58 60
58 61
58 427
58 810
58 830
58 939
59 60
59 61
59 438
59 525
59 741
60 61
60 106
60 125
60 843
61 158
61 469
61 648
61 892
62 143
62 470
62 495
62 664
62 690
62 838
62 865
63 64
63 65
63 66
63 614
63 661
63 817
63 879
64 65
64 66
64 108
64 544
64 699
64 843
65 66
65 162
65 188
65 385
65 411
66 501
66 639
66 986
66 998
67 68
67 69
67 70
67 71
67 72
67 73
67 937
68 69
68 70
68 71
68 72
68 73
68 637
69 70
69 71
69 72
69 73
69 913
70 71
70 72
70 73
70 952
71 72
71 73
71 187
72 73
72 344
73 620
74 75
74 76
74 77
74 78
74 273
74 660
74 878
75 76
75 77
75 78
75 225
75 433
75 522
76 77
76 78
76 91
76 888
77 78
77 783
77 850
77 870
78 184
78 326
79 80
79 81
79 115
79 579
79 707
79 844
79 877
80 81
80 109
80 142
80 261
80 419
80 424
81 137
81 552
81 712
81 762
81 792
82 83
82 84
82 85
82 86
82 87
82 88
82 315
83 84
83 85
83 86
83 87
83 88
83 514
84 85
84 86
84 87
84 88
84 174
85 86
85 87
85 88
85 520
86 87
86 88
86 262
87 88
87 901
88 793
89 90
89 91
89 134
89 525
89 578
89 690
90 91
90 176
90 563
90 741
90 868
90 880
91 191
91 372
91 632
91 895
92 93
92 140
92 186
92 297
92 348
92 580
92 950
93 126
93 269
93 522
93 779
93 941
94 95
94 96
94 110
94 383
94 405
94 735
94 797
95 96
95 241
95 322
95 511
95 789
95 965
96 661
96 668
96 708
96 738
97 98
97 99
97 100
97 101
97 102
97 103
97 104
98 99
98 100
98 101
98 102
98 103
98 104
99 100
99 101
99 102
99 103
99 104
100 101
100 102
100 103
100 104
101 102
101 103
101 104
102 103
102 104
103 104
105 106
105 107
105 175
105 458
105 567
106 107
106 165
106 637
106 897
106 950
107 111
107 420
107 665
107 740
107 868
108 109
108 110
108 203
108 266
108 851
108 938
109 110
109 225
109 456
109 496
110 139
110 420
110 524
110 896
111 409
111 434
111 734
111 805
111 883
112 116
112 361
112 362
112 429
112 710
112 804
112 814
113 114
113 115
113 116
113 144
113 649
113 840
113 942
114 115
114 116
114 156
114 467
114 479
114 722
115 116
115 778
115 852
116 435
116 694
116 936
117 118
117 119
117 120
117 388
117 868
117 965
118 119
118 120
118 323
118 398
119 120
119 815
119 878
119 922
119 939
120 284
120 415
120 669
120 727
121 122
121 123
121 270
121 438
121 476
121 638
121 899
122 123
122 317
122 430
122 665
122 950
122 981
123 196
123 275
123 385
123 792
123 961
124 125
124 126
124 135
124 138
124 752
124 995
125 126
125 276
125 640
125 641
125 982
126 188
126 382
126 565
126 902
127 128
127 129
127 130
127 131
127 190
127 314
127 680
128 129
128 130
128 131
128 318
128 405
128 813
129 130
129 131
129 139
129 279
129 414
130 131
130 324
130 618
130 985
131 518
131 563
131 568
132 133
132 134
132 135
132 136
132 137
132 362
132 871
133 134
133 135
133 136
133 137
133 191
133 754
134 135
134 136
134 137
134 727
135 136
135 137
135 739
136 137
136 219
136 349
137 464
138 139
138 140
138 141
138 553
138 556
138 616
139 140
139 141
139 214
139 847
140 141
140 426
140 637
140 700
141 203
141 263
141 317
141 554
142 143
142 144
142 145
142 150
143 144
143 145
143 207
143 223
143 432
144 145
144 500
144 524
144 689
145 180
145 342
145 694
145 760
146 147
146 148
146 371
146 459
146 533
146 887
147 148
147 163
147 177
147 383
147 398
147 457
148 165
148 723
148 842
148 844
149 150
149 151
149 152
149 163
149 303
149 470
149 778
150 151
150 152
150 286
150 457
150 618
151 152
151 212
151 224
151 702
151 877
152 659
152 791
152 893
152 961
153 154
153 155
153 156
153 157
153 158
153 159
153 667
154 155
154 156
154 157
154 158
154 159
154 204
155 156
155 157
155 158
155 159
155 636
156 157
156 158
156 159
157 158
157 159
157 501
158 159
159 242
160 161
160 162
160 163
160 164
160 370
160 759
160 949
161 162
161 163
161 164
161 212
161 799
161 933
162 163
162 164
162 456
162 846
163 164
163 501
164 194
164 439
164 736
165 213
165 370
165 387
165 690
165 764
166 167
166 168
166 169
166 170
166 171
166 187
166 620
167 168
167 169
167 170
167 171
167 530
167 920
168 169
168 170
168 171
168 413
168 567
169 170
169 171
169 403
169 680
170 171
170 841
170 942
171 414
171 795
172 173
172 174
172 175
172 176
172 177
172 178
172 918
173 174
173 175
173 176
173 177
173 178
173 865
174 175
174 176
174 177
174 178
175 176
175 177
175 178
176 177
176 178
177 178
178 238
179 180
179 181
179 317
179 613
179 866
179 912
179 943
180 181
180 314
180 439
180 699
181 193
181 402
181 777
181 838
181 901
182 183
182 184
182 351
182 369
182 618
182 813
182 876
183 184
183 236
183 361
183 513
184 382
184 437
184 524
184 668
185 186
185 187
185 188
185 189
185 269
185 433
185 840
186 187
186 188
186 189
186 272
186 499
187 188
187 189
187 682
188 189
188 524
189 264
189 831
189 896
190 191
190 315
190 554
190 706
190 882
190 896
191 225
191 617
191 846
191 874
192 193
192 194
192 195
192 196
192 197
192 324
192 466
193 194
193 195
193 196
193 197
193 741
194 195
194 196
194 197
194 521
195 196
195 197
195 514
195 724
196 197
196 738
197 776
197 912
198 199
198 200
198 201
198 202
198 636
198 711
198 807
199 200
199 201
199 202
199 455
199 815
199 912
200 201
200 202
200 433
200 693
200 898
201 202
201 227
201 284
201 868
202 347
202 363
202 762
203 281
203 901
203 942
203 964
204 205
204 206
204 207
204 208
204 209
204 710
205 206
205 207
205 208
205 209
205 612
205 914
206 207
206 208
206 209
206 794
206 842
207 208
207 209
207 210
208 209
208 411
208 867
209 299
209 601
210 211
210 741
210 876
210 961
211 497
211 564
211 707
211 839
211 938
212 213
212 214
212 215
212 216
212 401
213 214
213 215
213 216
213 750
214 215
214 216
214 361
214 497
215 216
215 668
215 830
215 913
216 319
216 384
216 639
217 218
217 219
217 220
217 221
217 222
217 438
218 219
218 220
218 221
218 222
218 698
218 876
219 220
219 221
219 222
219 386
220 221
220 222
220 474
220 763
221 222
221 341
221 741
223 224
223 225
223 226
223 227
223 599
224 225
224 226
224 227
224 817
224 918
225 226
225 227
226 227
226 389
226 867
227 350
228 229
228 230
228 231
228 232
228 233
228 234
228 235
229 230
229 231
229 232
229 233
229 234
229 235
230 231
230 232
230 233
230 234
230 235
231 232
231 233
231 234
231 235
232 233
232 234
232 235
233 234
233 235
234 235
236 237
236 238
236 239
236 240
236 241
236 837
237 238
237 239
237 240
237 241
237 372
237 988
238 239
238 240
238 241
238 568
239 240
239 241
239 384
239 876
240 241
240 300
241 667
242 243
242 244
242 442
242 500
242 579
242 938
243 244
243 384
243 500
243 515
243 665
243 845
244 305
244 430
244 500
244 613
244 900
245 246
245 247
245 248
245 249
245 250
245 251
245 252
246 247
246 248
246 249
246 250
246 251
246 252
247 248
247 249
247 250
247 251
247 252
248 249
248 250
248 251
248 252
249 250
249 251
249 252
250 251
250 252
251 252
253 254
253 255
253 256
253 257
253 258
253 259
253 260
254 255
254 256
254 257
254 258
254 259
254 260
255 256
255 257
255 258
255 259
255 260
256 257
256 258
256 259
256 260
257 258
257 259
257 260
258 259
258 260
259 260
261 262
261 263
261 394
261 520
261 535
262 263
262 791
262 848
262 946
262 983
263 270
263 466
263 565
263 916
264 415
264 436
264 569
264 902
264 919
265 266
265 267
265 268
265 269
265 400
265 467
265 781
266 267
266 268
266 269
266 689
266 902
267 268
267 269
267 369
267 410
267 692
268 269
268 270
268 318
268 385
269 867
270 293
270 374
270 401
270 728
271 272
271 273
271 274
271 275
271 276
271 324
271 554
272 273
272 274
272 275
272 276
272 920
273 274
273 275
273 276
273 547
274 275
274 276
274 368
275 276
275 453
277 278
277 279
277 280
277 281
277 282
277 283
277 915
278 279
278 280
278 281
278 282
278 283
278 557
279 280
279 281
279 282
279 283
280 281
280 282
280 283
280 366
281 282
281 283
282 283
282 378
283 649
284 466
284 598
284 697
284 817
284 938
285 286
285 287
285 288
285 289
285 290
285 291
285 842
286 287
286 288
286 289
286 290
286 291
287 288
287 289
287 290
287 291
287 850
288 289
288 290
288 291
288 684
289 290
289 291
289 349
290 291
290 407
291 345
292 293
292 294
292 295
292 296
292 297
292 837
292 941
293 294
293 295
293 296
293 297
293 889
294 295
294 296
294 297
294 611
294 736
295 296
295 297
295 511
295 650
296 297
297 546
298 299
298 300
298 301
298 302
298 303
298 304
298 920
299 300
299 301
299 302
299 303
299 304
300 301
300 302
300 303
300 304
301 302
301 303
301 304
301 862
302 303
302 304
303 304
304 785
305 435
305 554
305 713
305 862
306 307
306 308
306 309
306 310
306 311
306 312
306 313
307 308
307 309
307 310
307 311
307 312
307 313
308 309
308 310
308 311
308 312
308 313
309 310
309 311
309 312
309 313
310 311
310 312
310 313
311 312
311 313
312 313
314 321
314 361
314 697
314 853
315 316
315 317
315 422
315 765
315 801
316 317
316 319
316 323
316 458
316 471
316 711
317 668
317 915
318 319
318 320
318 321
318 533
318 534
319 320
319 321
319 533
319 534
320 321
320 533
320 534
320 761
320 902
321 533
321 534
321 838
322 323
322 521
322 579
322 839
323 456
323 465
323 753
323 919
324 325
324 326
324 327
324 943
325 326
325 327
325 419
325 753
325 877
325 889
326 327
326 400
326 669
326 898
327 457
327 520
327 761
327 816
328 329
328 330
328 331
328 332
328 333
328 334
328 335
329 330
329 331
329 332
329 333
329 334
329 335
330 331
330 332
330 333
330 334
330 335
331 332
331 333
331 334
331 335
332 333
332 334
332 335
333 334
333 335
334 335
336 337
336 338
336 339
336 340
336 341
336 895
336 943
337 338
337 339
337 340
337 341
337 521
337 523
338 339
338 340
338 341
338 737
338 862
339 340
339 341
339 642
339 996
340 341
340 468
340 935
342 343
342 344
342 345
342 346
342 347
342 534
343 344
343 345
343 346
343 347
343 432
344 345
344 346
344 347
344 968
345 346
345 347
345 412
346 347
346 497
346 619
347 732
348 349
348 350
348 351
348 352
348 733
348 754
349 350
349 351
349 352
350 351
350 352
350 845
350 932
351 352
351 650
351 935
352 799
352 866
352 914
353 354
353 355
353 356
353 357
353 358
353 359
353 360
354 355
354 356
354 357
354 358
354 359
354 360
355 356
355 357
355 358
355 359
355 360
356 357
356 358
356 359
356 360
357 358
357 359
357 360
358 359
358 360
359 360
361 362
361 798
361 934
362 474
362 687
362 789
362 903
363 364
363 365
363 366
363 367
363 368
363 986
364 365
364 366
364 367
364 368
364 551
364 569
365 366
365 367
365 368
365 387
365 535
366 367
366 368
366 739
367 368
367 728
367 735
368 952
369 370
369 371
369 372
369 373
369 685
370 371
370 372
370 373
370 481
371 372
371 373
371 412
371 932
372 373
372 757
373 428
373 701
374 417
374 458
374 740
374 878
374 938
374 944
375 376
375 377
375 378
375 379
375 380
375 381
375 939
376 377
376 378
376 379
376 380
376 381
376 816
377 378
377 379
377 380
377 381
377 794
378 379
378 380
378 381
379 380
379 381
379 636
380 381
380 690
381 458
382 383
382 429
382 468
382 639
382 730
383 650
383 898
383 934
383 937
384 385
384 386
384 387
385 386
385 387
386 387
386 417
386 931
387 776
387 836
388 389
388 390
388 391
388 392
388 393
388 475
389 390
389 391
389 392
389 393
389 961
390 391
390 392
390 393
390 454
391 392
391 393
391 535
392 393
392 833
392 845
393 408
393 648
394 395
394 396
394 397
394 398
394 399
394 842
395 396
395 397
395 398
395 399
395 952
395 964
396 397
396 398
396 399
396 550
396 705
397 398
397 399
397 839
398 399
399 741
399 896
400 401
400 402
400 528
400 833
400 932
401 402
401 469
401 619
401 969
402 545
402 639
402 649
402 921
403 404
403 405
403 406
403 407
403 408
403 950
404 405
404 406
404 407
404 408
404 442
404 454
405 406
405 407
405 408
406 407
406 408
406 686
406 836
407 408
407 760
408 478
409 410
409 411
409 412
409 413
409 444
409 892
410 411
410 412
410 413
410 552
411 412
411 413
411 497
412 413
412 941
413 480
413 565
414 415
414 477
414 579
414 691
414 921
415 660
416 417
416 418
416 419
416 420
416 617
416 689
416 932
417 418
417 419
417 420
417 987
418 419
418 420
418 697
418 811
419 420
419 827
420 669
421 422
421 423
421 424
421 425
421 426
421 520
422 423
422 424
422 425
422 426
422 863
423 424
423 425
423 426
423 519
424 425
424 426
424 455
425 426
425 640
425 738
426 964
427 428
427 429
427 430
427 431
427 552
427 638
428 429
428 430
428 431
428 520
428 912
429 430
429 431
429 774
430 431
430 809
431 712
431 896
431 951
432 433
432 434
432 444
432 563
432 886
433 434
433 515
433 537
434 761
434 784
434 843
435 436
435 553
435 790
435 876
435 889
436 684
436 763
436 792
436 945
437 438
437 439
437 466
437 864
437 872
437 919
438 439
438 723
438 754
439 803
439 918
440 441
440 442
440 443
440 444
440 597
440 712
440 903
441 442
441 443
441 444
441 534
441 663
442 443
442 444
442 724
443 444
443 640
443 877
445 446
445 447
445 448
445 449
445 450
445 451
445 452
446 447
446 448
446 449
446 450
446 451
446 452
447 448
447 449
447 450
447 451
447 452
448 449
448 450
448 451
448 452
449 450
449 451
449 452
450 451
450 452
451 452
453 454
453 455
453 501
453 646
453 853
454 455
454 832
454 891
454 899
455 525
455 567
455 782
456 537
456 934
456 984
457 458
457 886
457 991
458 551
458 678
459 460
459 461
459 462
459 463
459 464
459 465
460 461
460 462
460 463
460 464
460 465
460 516
461 462
461 463
461 464
461 465
461 777
462 463
462 464
462 465
463 464
463 465
463 940
464 465
466 697
466 829
467 468
467 469
467 470
467 758
467 938
468 469
468 470
468 615
468 764
469 470
469 848
470 649
470 664
471 472
471 473
471 474
471 475
471 476
471 834
472 473
472 474
472 475
472 476
472 480
472 997
473 474
473 475
473 476
473 525
474 475
474 476
475 476
475 806
476 731
477 478
477 479
477 480
477 481
477 698
478 479
478 480
478 481
478 547
478 578
479 480
479 481
479 841
480 481
480 844
481 512
481 710
482 483
482 484
482 485
482 486
482 487
482 488
482 489
483 484
483 485
483 486
483 487
483 488
483 489
484 485
484 486
484 487
484 488
484 489
485 486
485 487
485 488
485 489
486 487
486 488
486 489
487 488
487 489
488 489
490 491
490 492
490 493
490 494
490 495
490 496
490 501
491 492
491 493
491 494
491 495
491 496
491 638
492 493
492 494
492 495
492 496
492 903
493 494
493 495
493 496
493 600
494 495
494 496
495 496
497 498
497 499
497 611
498 499
498 527
498 553
498 897
498 944
498 963
499 555
499 936
500 750
500 815
501 615
501 963
502 503
502 504
502 505
502 506
502 507
502 508
502 509
503 504
503 505
503 506
503 507
503 508
503 509
504 505
504 506
504 507
504 508
504 509
505 506
505 507
505 508
505 509
506 507
506 508
506 509
507 508
507 509
508 509
510 511
510 512
510 513
510 514
510 515
510 901
510 922
511 512
511 513
511 514
511 515
512 513
512 514
512 515
512 890
513 514
513 515
513 692
514 515
516 517
516 518
516 519
516 669
516 786
516 884
517 518
517 519
517 536
517 564
517 679
517 922
518 519
518 739
518 840
519 689
519 828
520 521
520 522
521 522
521 639
521 751
522 616
522 793
522 846
523 524
523 525
523 579
523 834
523 922
524 525
524 693
525 808
526 527
526 528
526 529
526 530
526 531
526 532
526 912
527 528
527 529
527 530
527 531
527 532
528 529
528 530
528 531
528 532
529 530
529 531
529 532
529 638
530 531
530 532
531 532
532 775
533 534
533 648
535 536
535 537
535 915
535 931
536 537
536 758
536 774
536 784
536 962
537 732
537 816
537 878
538 539
538 540
538 541
538 542
538 543
538 544
538 864
539 540
539 541
539 542
539 543
539 544
540 541
540 542
540 543
540 544
541 542
541 543
541 544
541 840
542 543
542 544
542 939
543 544
543 913
545 546
545 547
545 548
545 549
545 550
545 993
546 547
546 548
546 549
546 550
546 780
547 548
547 549
547 550
548 549
548 550
548 722
548 942
549 550
549 998
550 903
551 552
551 553
551 667
551 727
551 832
552 553
552 668
554 817
554 937
555 556
555 557
555 558
555 559
555 560
555 561
556 557
556 558
556 559
556 560
556 561
557 558
557 559
557 560
557 561
558 559
558 560
558 561
558 888
559 560
559 561
559 812
560 561
560 894
561 897
562 563
562 564
562 565
562 566
562 847
562 963
563 564
563 565
563 566
564 565
564 566
564 920
565 566
566 701
566 788
566 849
567 568
567 569
567 615
568 569
568 681
568 740
569 662
569 668
569 816
570 571
570 572
570 573
570 574
570 575
570 576
570 577
571 572
571 573
571 574
571 575
571 576
571 577
572 573
572 574
572 575
572 576
572 577
573 574
573 575
573 576
573 577
574 575
574 576
574 577
575 576
575 577
576 577
578 579
578 580
578 725
578 937
578 951
579 580
580 619
580 750
580 802
580 913
581 582
581 583
581 584
581 585
581 586
581 587
581 588
582 583
582 584
582 585
582 586
582 587
582 588
583 584
583 585
583 586
583 587
583 588
584 585
584 586
584 587
584 588
585 586
585 587
585 588
586 587
586 588
587 588
589 590
589 591
589 592
589 593
589 594
589 595
589 596
590 591
590 592
590 593
590 594
590 595
590 596
591 592
591 593
591 594
591 595
591 596
592 593
592 594
592 595
592 596
593 594
593 595
593 596
594 595
594 596
595 596
597 598
597 599
597 600
597 601
597 602
597 793
598 599
598 600
598 601
598 602
598 690
599 600
599 601
599 602
599 916
600 601
600 602
600 869
601 602
601 800
602 685
602 995
603 604
603 605
603 606
603 607
603 608
603 609
603 610
604 605
604 606
604 607
604 608
604 609
604 610
605 606
605 607
605 608
605 609
605 610
606 607
606 608
606 609
606 610
607 608
607 609
607 610
608 609
608 610
609 610
611 612
611 613
611 614
611 615
611 868
612 613
612 614
612 615
612 811
612 920
613 614
613 615
613 922
614 615
614 936
616 617
616 618
616 619
616 620
617 618
617 619
617 620
617 877
618 619
618 620
619 620
621 622
621 623
621 624
621 625
621 626
621 627
621 628
622 623
622 624
622 625
622 626
622 627
622 628
623 624
623 625
623 626
623 627
623 628
624 625
624 626
624 627
624 628
625 626
625 627
625 628
626 627
626 628
627 628
629 630
629 631
629 632
629 633
629 634
629 635
629 726
630 631
630 632
630 633
630 634
630 635
630 776
631 632
631 633
631 634
631 635
631 709
632 633
632 634
632 635
633 634
633 635
633 691
634 635
634 949
635 835
636 637
636 638
636 730
637 638
637 897
638 941
639 640
639 643
640 725
640 733
640 971
641 642
641 643
641 644
641 645
641 646
641 647
642 643
642 644
642 645
642 646
642 647
643 644
643 645
643 646
643 647
644 645
644 646
644 647
644 704
645 646
645 647
646 647
647 921
648 649
648 650
648 940
649 650
649 863
650 731
650 962
651 652
651 653
651 654
651 655
651 656
651 657
651 658
652 653
652 654
652 655
652 656
652 657
652 658
653 654
653 655
653 656
653 657
653 658
654 655
654 656
654 657
654 658
655 656
655 657
655 658
656 657
656 658
657 658
659 660
659 661
659 662
659 663
659 664
659 779
660 661
660 662
660 663
660 664
661 662
661 663
661 664
662 663
662 664
662 914
663 664
663 763
665 666
665 667
665 695
666 667
666 678
666 688
666 838
666 965
667 817
667 935
668 669
669 713
669 937
670 671
670 672
670 673
670 674
670 675
670 676
670 677
671 672
671 673
671 674
671 675
671 676
671 677
672 673
672 674
672 675
672 676
672 677
673 674
673 675
673 676
673 677
674 675
674 676
674 677
675 676
675 677
676 677
678 679
678 680
678 681
678 682
678 917
679 680
679 681
679 682
679 738
679 946
680 681
680 682
680 914
681 682
681 698
681 867
682 775
683 684
683 685
683 686
683 687
683 688
683 809
684 685
684 686
684 687
684 688
685 686
685 687
685 688
686 687
686 688
686 843
687 688
687 967
688 778
689 690
689 726
689 741
690 831
691 692
691 693
691 694
691 695
691 696
692 693
692 694
692 695
692 696
693 694
693 695
693 696
694 695
694 696
695 696
695 774
696 700
696 990
697 703
697 783
697 922
698 699
698 700
698 701
698 702
699 700
699 701
699 702
699 794
700 701
700 702
700 943
701 702
701 887
702 916
703 704
703 705
703 706
703 707
703 708
703 851
704 705
704 706
704 707
704 708
705 706
705 707
705 708
705 729
706 707
706 708
706 936
707 708
708 826
709 710
709 711
709 712
709 713
709 751
709 829
710 711
710 712
710 713
711 712
711 713
711 839
712 713
714 715
714 716
714 717
714 718
714 719
714 720
714 721
715 716
715 717
715 718
715 719
715 720
715 721
716 717
716 718
716 719
716 720
716 721
717 718
717 719
717 720
717 721
718 719
718 720
718 721
719 720
719 721
720 721
722 723
722 724
722 725
722 726
722 893
723 724
723 725
723 726
723 933
724 725
724 726
724 835
725 726
726 739
727 728
727 729
727 730
727 731
728 729
728 730
728 731
728 940
729 730
729 731
729 796
729 865
730 731
730 888
731 875
732 733
732 734
732 735
732 736
732 737
733 734
733 735
733 736
733 737
734 735
734 736
734 737
734 935
735 736
735 737
736 737
737 841
738 739
738 740
738 795
739 740
739 913
740 796
740 964
742 743
742 744
742 745
742 746
742 747
742 748
742 749
743 744
743 745
743 746
743 747
743 748
743 749
744 745
744 746
744 747
744 748
744 749
745 746
745 747
745 748
745 749
746 747
746 748
746 749
747 748
747 749
748 749
750 751
750 752
750 753
750 754
751 752
751 753
751 754
751 900
752 753
752 754
752 931
753 754
755 756
755 757
755 758
755 759
755 760
755 781
755 791
756 757
756 758
756 759
756 760
756 931
756 996
757 758
757 759
757 760
758 759
758 760
759 760
761 762
761 763
761 764
761 765
762 763
762 764
762 765
762 893
763 764
763 765
764 765
765 777
765 999
766 767
766 768
766 769
766 770
766 771
766 772
766 773
767 768
767 769
767 770
767 771
767 772
767 773
768 769
768 770
768 771
768 772
768 773
769 770
769 771
769 772
769 773
770 771
770 772
770 773
771 772
771 773
772 773
774 775
774 776
774 777
774 778
775 776
775 777
775 778
775 786
776 777
776 778
777 778
779 780
779 781
779 782
779 783
779 784
780 781
780 782
780 783
780 784
781 782
781 783
781 784
782 783
782 784
782 970
783 784
785 786
785 787
785 788
785 789
785 790
785 886
786 787
786 788
786 789
786 790
787 788
787 789
787 790
787 933
787 963
788 789
788 790
789 790
790 948
791 792
791 793
791 794
791 795
792 793
792 794
792 795
793 794
793 795
794 795
795 947
796 797
796 798
796 799
796 800
796 801
797 798
797 799
797 800
797 801
797 828
798 799
798 800
798 801
799 800
799 801
800 801
801 881
802 803
802 804
802 805
802 806
802 807
802 808
803 804
803 805
803 806
803 807
803 808
804 805
804 806
804 807
804 808
805 806
805 807
805 808
806 807
806 808
807 808
809 810
809 811
809 812
809 813
809 814
810 811
810 812
810 813
810 814
810 921
811 812
811 813
811 814
812 813
812 814
812 936
813 814
814 890
815 816
815 817
815 844
816 817
816 839
818 819
818 820
818 821
818 822
818 823
818 824
818 825
819 820
819 821
819 822
819 823
819 824
819 825
820 821
820 822
820 823
820 824
820 825
821 822
821 823
821 824
821 825
822 823
822 824
822 825
823 824
823 825
824 825
826 827
826 828
826 829
826 830
826 831
826 943
827 828
827 829
827 830
827 831
828 829
828 830
828 831
829 830
829 831
830 831
832 833
832 834
832 835
832 836
832 837
833 834
833 835
833 836
833 837
834 835
834 836
834 837
835 836
835 837
836 837
838 839
838 840
838 994
839 840
840 878
841 842
841 843
841 845
842 843
842 895
844 845
844 846
844 847
845 846
845 847
846 847
847 941
848 849
848 850
848 851
848 852
848 853
849 850
849 851
849 852
849 853
850 851
850 852
850 853
851 852
851 853
852 853
852 919
854 855
854 856
854 857
854 858
854 859
854 860
854 861
855 856
855 857
855 858
855 859
855 860
855 861
856 857
856 858
856 859
856 860
856 861
857 858
857 859
857 860
857 861
858 859
858 860
858 861
859 860
859 861
860 861
862 863
862 864
862 865
862 866
863 864
863 865
863 866
863 900
864 865
864 866
865 866
866 917
867 868
867 894
867 942
869 870
869 871
869 872
869 873
869 874
869 875
870 871
870 872
870 873
870 874
870 875
871 872
871 873
871 874
871 875
872 873
872 874
872 875
873 874
873 875
873 940
874 875
876 877
876 878
877 878
879 880
879 881
879 882
879 883
879 884
879 885
880 881
880 882
880 883
880 884
880 885
881 882
881 883
881 884
881 885
882 883
882 884
882 885
883 884
883 885
884 885
885 917
886 887
886 888
886 889
886 890
887 888
887 889
887 890
887 898
888 889
888 890
889 890
891 892
891 893
891 894
891 895
892 893
892 894
892 895
892 982
893 894
893 895
894 895
894 994
896 933
896 983
897 898
897 899
897 900
898 899
898 900
899 900
899 984
900 940
901 902
901 903
901 965
902 903
904 905
904 906
904 907
904 908
904 909
904 910
904 911
905 906
905 907
905 908
905 909
905 910
905 911
906 907
906 908
906 909
906 910
906 911
907 908
907 909
907 910
907 911
908 909
908 910
908 911
909 910
909 911
910 911
912 913
912 914
913 914
914 938
915 916
915 917
915 918
915 965
916 917
916 918
916 939
917 918
917 934
918 922
919 920
919 921
920 921
923 924
923 925
923 926
923 927
923 928
923 929
923 930
924 925
924 926
924 927
924 928
924 929
924 930
925 926
925 927
925 928
925 929
925 930
926 927
926 928
926 929
926 930
927 928
927 929
927 930
928 929
928 930
929 930
931 932
931 933
931 934
932 933
932 934
933 934
935 936
935 937
935 985
936 937
939 940
939 941
940 941
942 943
944 945
944 946
944 947
944 948
944 949
945 946
945 947
945 948
945 949
946 947
946 948
946 949
947 948
947 949
947 997
948 949
948 951
950 951
950 952
950 962
951 952
951 965
953 954
953 955
953 956
953 957
953 958
953 959
953 960
954 955
954 956
954 957
954 958
954 959
954 960
955 956
955 957
955 958
955 959
955 960
956 957
956 958
956 959
956 960
957 958
957 959
957 960
958 959
958 960
959 960
961 962
961 963
961 964
962 963
962 964
963 964
965 989
966 967
966 968
966 969
966 970
966 971
966 972
967 968
967 969
967 970
967 971
967 972
968 969
968 970
968 971
968 972
969 970
969 971
969 972
970 971
970 972
971 972
973 974
973 975
973 976
973 977
973 978
973 979
973 980
974 975
974 976
974 977
974 978
974 979
974 980
975 976
975 977
975 978
975 979
975 980
976 977
976 978
976 979
976 980
977 978
977 979
977 980
978 979
978 980
979 980
981 982
981 983
981 984
981 985
981 986
982 983
982 984
982 985
982 986
983 984
983 985
983 986
984 985
984 986
985 986
987 988
987 989
987 990
987 991
987 992
987 993
988 989
988 990
988 991
988 992
988 993
989 990
989 991
989 992
989 993
990 991
990 992
990 993
991 992
991 993
992 993
994 995
994 996
994 997
994 998
994 999
995 996
995 997
995 998
995 999
996 997
996 998
996 999
997 998
997 999
998 999
