998 3483
1 2
1 3
1 4
1 5
1 6
1 214
2 3
2 4
2 5
2 6
2 767
2 901
3 4
3 5
3 6
3 51
3 283
4 5
4 6
4 67
4 372
5 6
5 12
5 493
6 327
6 928
7 8
7 9
7 94
7 110
7 370
7 499
7 744
8 9
8 188
8 550
8 859
8 878
8 977
9 15
9 92
9 198
9 524
9 780
10 11
10 12
10 13
10 14
10 15
10 16
10 29
11 12
11 13
11 14
11 15
11 16
11 247
12 13
12 14
12 15
12 16
13 14
13 15
13 16
13 857
14 15
14 16
14 485
15 16
16 185
17 32
17 33
17 392
17 469
17 654
17 777
17 915
18 19
18 55
18 82
18 85
18 267
18 483
18 548
19 117
19 183
19 493
19 539
19 802
19 965
20 21
20 423
20 494
20 694
20 765
20 796
20 908
21 195
21 277
21 311
21 324
21 458
21 526
22 23
22 24
22 25
22 26
22 27
22 29
22 457
23 24
23 25
23 26
23 27
23 64
23 740
24 25
24 26
24 27
24 118
24 483
25 26
25 27
25 241
25 916
26 27
26 183
26 611
27 84
27 479
28 51
28 73
28 474
28 498
28 639
28 670
28 796
29 30
29 31
29 32
29 101
29 424
30 31
30 32
30 124
30 386
30 821
30 856
31 32
31 310
31 320
31 471
31 795
32 212
32 489
32 968
33 92
33 113
33 229
33 269
33 644
33 673
34 35
34 229
34 322
34 653
34 798
34 900
34 986
35 52
35 411
35 460
35 481
35 627
35 763
36 37
36 38
36 39
36 40
36 41
36 42
36 930
37 38
37 39
37 40
37 41
37 42
37 385
38 39
38 40
38 41
38 42
38 128
39 40
39 41
39 42
39 818
40 41
40 42
40 233
41 42
41 104
42 838
43 44
43 45
43 46
43 47
43 48
43 49
43 249
44 45
44 46
44 47
44 48
44 49
44 552
45 46
45 47
45 48
45 49
45 309
46 47
46 48
46 49
46 72
47 48
47 49
47 191
48 49
48 818
49 879
50 51
50 111
50 384
50 446
50 496
50 501
50 775
51 230
51 352
51 855
51 857
52 53
52 54
52 55
52 481
52 763
52 881
53 54
53 55
53 81
53 195
53 349
53 629
54 55
54 68
54 340
54 372
54 735
55 150
55 210
55 640
56 57
56 488
56 493
56 616
56 628
56 777
56 857
57 240
57 305
57 550
57 638
57 804
57 806
58 59
58 60
58 61
58 62
58 63
58 64
58 744
59 60
59 61
59 62
59 63
59 64
59 796
60 61
60 62
60 63
60 64
60 610
61 62
61 63
61 64
61 881
62 63
62 64
62 812
63 64
63 323
65 95
65 268
65 468
65 581
65 636
65 751
65 813
66 67
66 87
66 321
66 353
66 382
66 488
66 489
67 307
67 490
67 615
67 749
67 915
68 69
68 70
68 71
68 494
68 609
68 841
69 70
69 71
69 422
69 655
69 675
69 932
70 71
70 246
70 311
70 514
70 750
71 487
71 551
71 928
72 101
72 274
72 306
72 504
72 861
72 906
73 74
73 75
73 76
73 77
73 78
73 79
74 75
74 76
74 77
74 78
74 79
74 92
75 76
75 77
75 78
75 79
75 281
76 77
76 78
76 79
76 588
77 78
77 79
77 655
78 79
78 783
79 636
80 305
80 306
80 574
80 627
80 731
80 765
80 814
81 82
81 83
81 84
81 107
81 354
81 666
82 83
82 84
82 348
82 638
82 761
83 84
83 104
83 189
83 260
83 652
84 278
84 614
84 668
85 189
85 444
85 491
85 527
85 856
85 934
86 87
86 88
86 93
86 117
86 267
86 760
86 773
87 88
87 240
87 391
87 748
87 884
88 186
88 397
88 463
88 590
88 815
89 90
89 91
89 92
89 93
89 527
89 818
89 917
90 91
90 92
90 93
90 148
90 280
90 824
91 92
91 93
91 305
91 424
91 490
92 93
93 672
93 894
94 95
94 96
94 97
94 98
94 99
94 100
95 96
95 97
95 98
95 99
95 100
96 97
96 98
96 99
96 100
96 606
97 98
97 99
97 100
97 354
98 99
98 100
98 735
99 100
99 540
100 590
101 102
101 103
101 526
101 906
101 927
102 103
102 337
102 749
102 777
102 797
102 800
103 105
103 822
103 959
103 964
103 995
104 105
104 276
104 321
104 916
104 948
105 384
105 783
105 836
105 877
105 926
106 107
106 108
106 109
106 110
106 198
106 350
106 801
107 108
107 109
107 110
107 390
108 109
108 110
108 304
108 736
108 836
109 110
109 324
109 638
109 657
110 653
110 784
111 112
111 113
111 232
111 465
111 639
111 990
112 113
112 116
112 443
112 484
112 523
112 875
113 611
113 637
113 797
113 901
114 115
114 210
114 227
114 525
114 629
114 664
114 669
115 147
115 372
115 607
115 779
115 787
115 799
116 117
116 118
116 119
116 268
116 325
116 825
117 118
117 119
117 178
117 742
118 119
118 403
118 729
118 987
119 383
119 740
119 777
119 810
120 121
120 122
120 123
120 124
120 125
120 132
120 693
121 122
121 123
121 124
121 125
121 806
121 819
122 123
122 124
122 125
122 304
122 788
123 124
123 125
123 651
123 824
124 125
124 284
125 631
125 781
126 127
126 268
126 492
126 504
126 785
126 856
126 971
127 303
127 394
127 501
127 504
127 536
127 975
128 129
128 175
128 636
128 671
128 735
128 783
129 230
129 270
129 484
129 529
129 926
129 966
130 388
130 604
130 694
130 936
130 937
130 938
130 939
131 132
131 133
131 134
131 144
131 229
131 740
131 837
132 133
132 134
132 373
132 917
132 987
133 134
133 636
133 648
133 730
133 961
134 444
134 552
134 613
134 667
135 136
135 137
135 138
135 139
135 140
135 141
135 142
136 137
136 138
136 139
136 140
136 141
136 142
137 138
137 139
137 140
137 141
137 142
138 139
138 140
138 141
138 142
139 140
139 141
139 142
140 141
140 142
141 142
143 144
143 145
143 146
143 147
143 148
143 149
143 538
144 145
144 146
144 147
144 148
144 149
145 146
145 147
145 148
145 149
145 856
146 147
146 148
146 149
146 188
147 148
147 149
148 149
149 651
150 151
150 152
150 153
150 154
150 155
150 282
151 152
151 153
151 154
151 155
151 373
151 763
152 153
152 154
152 155
152 798
152 970
153 154
153 155
153 250
153 931
154 155
154 696
154 964
155 354
155 657
156 157
156 158
156 159
156 160
156 161
156 162
156 163
157 158
157 159
157 160
157 161
157 162
157 163
158 159
158 160
158 161
158 162
158 163
159 160
159 161
159 162
159 163
160 161
160 162
160 163
161 162
161 163
162 163
164 165
164 166
164 167
164 168
164 169
164 170
164 171
165 166
165 167
165 168
165 169
165 170
165 171
166 167
166 168
166 169
166 170
166 171
167 168
167 169
167 170
167 171
168 169
168 170
168 171
169 170
169 171
170 171
172 173
172 174
172 175
172 176
172 177
172 425
172 987
173 174
173 175
173 176
173 177
173 213
173 245
174 175
174 176
174 177
174 354
174 903
175 176
175 177
175 935
176 177
176 199
176 448
177 282
177 625
178 179
178 180
178 181
178 182
178 225
178 854
179 180
179 181
179 182
179 500
179 629
179 838
180 181
180 182
180 488
180 515
180 674
181 182
181 537
181 607
181 966
182 338
182 478
182 656
183 184
183 185
183 186
183 308
183 776
184 185
184 186
184 199
184 568
184 738
184 896
185 186
185 734
185 928
185 998
186 442
186 794
186 910
187 188
187 189
187 193
187 248
187 422
187 486
187 771
188 189
188 399
188 693
188 914
189 729
189 734
189 781
190 191
190 192
190 193
190 266
190 550
190 760
190 832
191 192
191 193
191 223
191 372
191 986
192 193
192 228
192 528
192 871
192 900
193 339
193 735
193 837
194 195
194 351
194 394
194 395
194 497
194 695
194 815
195 370
195 384
195 513
195 742
196 197
196 198
196 199
196 200
196 303
196 534
196 673
197 198
197 199
197 200
197 435
197 526
197 899
198 199
198 200
198 776
199 200
199 382
200 398
200 762
200 769
201 202
201 203
201 204
201 205
201 206
201 207
201 208
202 203
202 204
202 205
202 206
202 207
202 208
203 204
203 205
203 206
203 207
203 208
204 205
204 206
204 207
204 208
205 206
205 207
205 208
206 207
206 208
207 208
209 210
209 211
209 212
209 213
209 214
209 393
209 960
210 211
210 212
210 213
210 214
211 212
211 213
211 214
211 608
211 885
212 213
212 214
212 306
213 214
213 807
214 285
215 216
215 217
215 218
215 219
215 220
215 221
215 222
216 217
216 218
216 219
216 220
216 221
216 222
217 218
217 219
217 220
217 221
217 222
218 219
218 220
218 221
218 222
219 220
219 221
219 222
220 221
220 222
221 222
223 224
223 225
223 226
223 227
223 611
223 652
224 225
224 226
224 227
224 526
224 772
224 797
225 226
225 227
225 498
225 644
226 227
226 816
226 916
227 268
227 911
228 229
228 343
228 388
228 470
228 642
228 777
229 250
229 393
229 462
230 231
230 590
230 764
230 839
230 959
231 513
231 514
231 515
231 737
231 789
231 963
232 233
232 234
232 235
232 236
232 237
232 238
233 234
233 235
233 236
233 237
233 238
234 235
234 236
234 237
234 238
234 647
235 236
235 237
235 238
235 447
236 237
236 238
236 779
237 238
237 550
238 391
239 240
239 241
239 342
239 499
239 665
239 885
239 933
240 241
240 383
240 626
240 636
241 448
241 551
241 674
241 796
242 243
242 244
242 245
242 246
242 247
242 347
242 948
243 244
243 245
243 246
243 247
243 304
243 528
244 245
244 246
244 247
244 883
244 998
245 246
245 247
245 741
246 247
246 695
247 273
248 249
248 250
248 280
248 488
248 646
248 820
249 250
249 354
249 366
249 496
249 817
250 336
250 469
250 566
251 252
251 253
251 254
251 255
251 256
251 257
251 258
252 253
252 254
252 255
252 256
252 257
252 258
253 254
253 255
253 256
253 257
253 258
254 255
254 256
254 257
254 258
255 256
255 257
255 258
256 257
256 258
257 258
259 260
259 261
259 262
259 263
259 264
259 265
259 840
260 261
260 262
260 263
260 264
260 265
261 262
261 263
261 264
261 265
261 397
262 263
262 264
262 265
262 905
263 264
263 265
263 527
264 265
264 907
265 672
266 475
266 489
266 501
266 572
266 587
266 823
267 268
267 422
267 628
267 927
267 964
268 370
268 585
269 270
269 271
269 272
269 273
269 274
269 776
270 271
270 272
270 273
270 274
270 860
271 272
271 273
271 274
271 784
271 839
272 273
272 274
272 325
272 641
273 274
273 442
274 746
275 276
275 277
275 278
275 279
275 280
275 628
275 684
276 277
276 278
276 279
276 280
276 493
277 278
277 279
277 280
277 769
278 279
278 280
278 834
279 280
279 442
279 645
281 282
281 283
281 284
281 285
281 286
281 997
282 283
282 284
282 285
282 286
283 284
283 285
283 286
283 425
284 285
284 286
285 286
285 667
286 322
286 496
287 288
287 289
287 290
287 291
287 292
287 293
287 294
288 289
288 290
288 291
288 292
288 293
288 294
289 290
289 291
289 292
289 293
289 294
290 291
290 292
290 293
290 294
291 292
291 293
291 294
292 293
292 294
293 294
295 296
295 297
295 298
295 299
295 300
295 301
295 302
296 297
296 298
296 299
296 300
296 301
296 302
297 298
297 299
297 300
297 301
297 302
298 299
298 300
298 301
298 302
299 300
299 301
299 302
300 301
300 302
301 302
303 304
303 540
303 578
303 679
303 822
304 612
304 761
304 788
305 306
305 523
305 541
305 731
306 644
306 651
306 731
307 308
307 309
307 310
307 311
307 678
307 683
308 309
308 310
308 311
308 339
308 909
309 310
309 311
309 782
309 874
310 311
310 398
310 967
311 425
312 313
312 314
312 315
312 316
312 317
312 318
312 319
313 314
313 315
313 316
313 317
313 318
313 319
314 315
314 316
314 317
314 318
314 319
315 316
315 317
315 318
315 319
316 317
316 318
316 319
317 318
317 319
318 319
320 321
320 549
320 608
320 643
320 670
320 736
321 483
321 696
321 798
321 912
322 354
322 423
322 470
322 529
322 785
323 324
323 325
323 326
323 327
323 907
323 948
324 325
324 326
324 327
324 383
325 326
325 327
325 367
326 327
326 629
326 878
327 382
327 504
328 329
328 330
328 331
328 332
328 333
328 334
328 335
329 330
329 331
329 332
329 333
329 334
329 335
330 331
330 332
330 333
330 334
330 335
331 332
331 333
331 334
331 335
332 333
332 334
332 335
333 334
333 335
334 335
336 337
336 338
336 339
336 340
336 392
336 763
337 338
337 339
337 340
337 371
337 783
338 339
338 340
338 447
339 340
339 522
340 570
340 810
341 342
341 343
341 344
341 345
341 346
341 347
341 917
342 343
342 344
342 345
342 346
342 347
343 344
343 345
343 346
343 347
344 345
344 346
344 347
344 902
345 346
345 347
345 852
346 347
346 763
348 349
348 350
348 351
348 352
348 353
348 482
349 350
349 351
349 352
349 353
349 424
350 351
350 352
350 353
350 439
351 352
351 353
351 747
352 353
352 767
353 643
354 642
355 356
355 357
355 358
355 359
355 360
355 361
355 362
356 357
356 358
356 359
356 360
356 361
356 362
357 358
357 359
357 360
357 361
357 362
358 359
358 360
358 361
358 362
359 360
359 361
359 362
360 361
360 362
361 362
363 364
363 365
363 366
363 367
363 368
363 369
363 398
364 365
364 366
364 367
364 368
364 495
364 696
365 366
365 367
365 368
365 499
365 857
366 367
366 368
366 747
367 368
367 693
368 649
368 737
369 370
369 371
369 382
369 421
369 445
369 746
370 371
370 525
370 659
371 491
371 649
371 665
371 948
372 373
372 549
372 812
373 407
373 495
373 926
373 962
374 375
374 376
374 377
374 378
374 379
374 380
374 381
375 376
375 377
375 378
375 379
375 380
375 381
376 377
376 378
376 379
376 380
376 381
377 378
377 379
377 380
377 381
378 379
378 380
378 381
379 380
379 381
380 381
382 459
382 488
382 489
383 384
383 385
383 386
383 974
384 385
384 386
384 739
385 386
385 550
385 667
385 774
386 768
386 917
386 994
387 388
387 389
387 390
387 391
387 527
387 590
387 696
388 389
388 390
388 391
388 964
389 390
389 391
389 652
389 738
389 997
390 391
390 489
390 665
391 822
392 393
392 394
392 448
392 612
392 839
393 394
393 448
393 529
393 734
394 421
394 448
394 643
395 396
395 397
395 398
395 547
395 629
395 774
396 397
396 398
396 434
396 643
396 811
396 913
397 398
397 879
397 998
398 517
399 400
399 401
399 402
399 403
399 404
399 405
400 401
400 402
400 403
400 404
400 405
400 552
401 402
401 403
401 404
401 405
401 639
402 403
402 404
402 405
402 734
403 404
403 405
404 405
404 835
405 904
406 407
406 408
406 409
406 410
406 411
406 412
406 851
407 408
407 409
407 410
407 411
407 412
408 409
408 410
408 411
408 412
408 874
409 410
409 411
409 412
409 839
410 411
410 412
411 412
412 651
413 414
413 415
413 416
413 417
413 418
413 419
413 420
414 415
414 416
414 417
414 418
414 419
414 420
415 416
415 417
415 418
415 419
415 420
416 417
416 418
416 419
416 420
417 418
417 419
417 420
418 419
418 420
419 420
421 422
421 539
421 567
421 829
421 883
422 625
422 653
422 966
423 424
423 425
423 447
423 651
423 683
424 425
424 626
424 804
425 854
425 878
426 427
426 428
426 429
426 430
426 431
426 432
426 433
427 428
427 429
427 430
427 431
427 432
427 433
428 429
428 430
428 431
428 432
428 433
429 430
429 431
429 432
429 433
430 431
430 432
430 433
431 432
431 433
432 433
434 435
434 436
434 437
434 438
434 439
434 440
435 436
435 437
435 438
435 439
435 440
436 437
436 438
436 439
436 440
436 826
437 438
437 439
437 440
437 615
438 439
438 440
438 805
439 440
440 897
441 442
441 443
441 444
441 445
441 471
441 614
441 660
442 443
442 444
442 445
443 444
443 445
443 526
443 589
444 445
444 782
445 460
445 732
446 447
446 448
446 671
446 787
446 915
446 931
447 448
447 610
447 798
449 450
449 451
449 452
449 453
449 454
449 455
449 853
450 451
450 452
450 453
450 454
450 455
450 762
451 452
451 453
451 454
451 455
451 666
452 453
452 454
452 455
452 777
453 454
453 455
453 521
454 455
454 486
455 644
456 457
456 458
456 459
456 460
456 625
456 661
456 855
457 458
457 459
457 460
457 644
457 647
458 459
458 460
458 771
458 936
459 460
459 675
459 735
460 552
461 462
461 463
461 464
461 465
461 466
461 467
461 793
462 463
462 464
462 465
462 466
462 467
463 464
463 465
463 466
463 467
464 465
464 466
464 467
464 987
465 466
465 467
466 467
466 514
467 695
468 469
468 470
468 471
468 472
468 473
468 906
469 470
469 471
469 472
469 473
470 471
470 472
470 473
471 472
471 473
472 473
472 910
472 912
473 495
473 605
474 475
474 476
474 477
474 478
474 479
474 480
475 476
475 477
475 478
475 479
475 480
476 477
476 478
476 479
476 480
476 655
477 478
477 479
477 480
477 856
478 479
478 480
479 480
480 785
481 482
481 483
481 484
481 730
481 763
482 483
482 484
482 546
482 626
482 913
483 484
483 532
484 789
484 908
485 486
485 487
485 492
485 628
485 778
485 975
486 487
486 589
486 610
486 811
487 495
487 496
487 743
487 882
488 489
488 642
489 910
490 491
490 492
490 607
490 775
490 822
491 492
491 655
491 858
491 997
492 633
492 764
492 907
493 494
493 495
493 816
494 495
494 518
494 803
494 873
495 651
496 497
496 498
496 499
497 498
497 499
497 784
497 806
497 825
498 499
498 589
498 873
499 963
500 501
500 502
500 503
500 667
500 782
500 927
501 502
501 503
501 975
502 503
502 672
502 693
502 783
502 911
503 739
503 770
503 797
503 963
504 582
504 638
504 796
505 506
505 507
505 508
505 509
505 510
505 511
505 512
506 507
506 508
506 509
506 510
506 511
506 512
507 508
507 509
507 510
507 511
507 512
508 509
508 510
508 511
508 512
509 510
509 511
509 512
510 511
510 512
511 512
513 514
513 515
513 748
513 761
513 963
514 515
514 814
514 963
515 637
515 640
515 963
516 517
516 518
516 519
516 520
516 545
516 761
516 960
517 518
517 519
517 520
517 640
517 976
518 519
518 520
518 677
518 751
519 520
519 767
519 938
519 965
520 695
520 739
521 522
521 523
521 524
521 525
521 802
521 826
522 523
522 524
522 525
522 529
522 599
523 524
523 525
523 997
524 525
524 630
524 929
525 733
526 527
526 589
527 528
527 529
528 529
528 644
528 821
528 861
529 850
530 531
530 532
530 533
530 534
530 535
530 536
530 803
531 532
531 533
531 534
531 535
531 536
531 774
532 533
532 534
532 535
532 536
533 534
533 535
533 536
533 656
534 535
534 536
535 536
535 738
537 538
537 539
537 540
537 541
537 542
537 872
538 539
538 540
538 541
538 542
538 608
539 540
539 541
539 542
540 541
540 542
541 542
541 958
542 738
542 824
543 544
543 545
543 546
543 547
543 548
543 639
543 821
544 545
544 546
544 547
544 548
544 750
544 976
545 546
545 547
545 548
545 734
546 547
546 548
546 552
547 548
547 652
548 637
549 550
549 551
549 680
549 693
549 751
550 551
551 634
551 783
551 834
552 571
552 858
553 554
553 555
553 556
553 557
553 558
553 559
553 560
554 555
554 556
554 557
554 558
554 559
554 560
555 556
555 557
555 558
555 559
555 560
556 557
556 558
556 559
556 560
557 558
557 559
557 560
558 559
558 560
559 560
561 562
561 563
561 564
561 565
561 566
561 567
561 638
562 563
562 564
562 565
562 566
562 567
562 789
563 564
563 565
563 566
563 567
563 820
564 565
564 566
564 567
564 937
565 566
565 567
565 837
566 567
568 569
568 570
568 571
568 572
568 573
568 574
569 570
569 571
569 572
569 573
569 574
569 836
570 571
570 572
570 573
570 574
571 572
571 573
571 574
572 573
572 574
573 574
573 996
575 576
575 577
575 578
575 579
575 580
575 581
575 656
576 577
576 578
576 579
576 580
576 581
576 770
577 578
577 579
577 580
577 581
577 739
578 579
578 580
578 581
579 580
579 581
579 788
580 581
580 856
582 583
582 584
582 585
582 586
582 587
582 588
583 584
583 585
583 586
583 587
583 588
583 974
584 585
584 586
584 587
584 588
584 765
585 586
585 587
585 588
586 587
586 588
586 928
587 588
589 590
589 774
589 948
590 611
590 627
591 592
591 593
591 594
591 595
591 596
591 597
591 598
592 593
592 594
592 595
592 596
592 597
592 598
593 594
593 595
593 596
593 597
593 598
594 595
594 596
594 597
594 598
595 596
595 597
595 598
596 597
596 598
597 598
599 600
599 601
599 602
599 603
599 604
599 605
600 601
600 602
600 603
600 604
600 605
600 895
601 602
601 603
601 604
601 605
601 932
602 603
602 604
602 605
602 684
603 604
603 605
603 860
604 605
606 643
606 653
606 681
606 762
606 837
606 935
607 608
607 609
607 610
607 857
608 609
608 610
608 805
609 610
609 640
609 780
609 821
610 851
611 612
611 739
611 965
612 662
612 876
612 962
612 988
613 614
613 615
613 616
613 909
613 986
614 615
614 616
614 799
614 874
615 616
615 729
615 792
616 823
617 618
617 619
617 620
617 621
617 622
617 623
617 624
618 619
618 620
618 621
618 622
618 623
618 624
619 620
619 621
619 622
619 623
619 624
620 621
620 622
620 623
620 624
621 622
621 623
621 624
622 623
622 624
623 624
625 626
625 627
625 815
625 820
626 627
626 835
626 988
627 645
627 827
628 629
628 636
628 666
629 693
630 631
630 632
630 633
630 634
630 635
630 879
631 632
631 633
631 634
631 635
631 766
632 633
632 634
632 635
632 791
632 974
633 634
633 635
633 817
634 635
634 908
635 636
635 760
637 638
637 667
637 913
637 930
638 764
639 738
639 807
639 972
640 641
640 642
640 876
641 642
641 651
641 666
641 957
641 973
642 677
642 793
643 644
643 654
645 646
645 647
645 648
645 649
645 650
646 647
646 648
646 649
646 650
646 801
647 648
647 649
647 650
648 649
648 650
648 878
649 650
650 663
650 767
652 653
652 760
652 819
653 784
653 861
654 655
654 656
654 657
654 735
654 823
655 656
655 657
656 657
656 989
657 816
657 937
658 659
658 660
658 661
658 662
658 663
658 664
658 784
659 660
659 661
659 662
659 663
659 664
660 661
660 662
660 663
660 664
661 662
661 663
661 664
662 663
662 664
663 664
665 666
665 667
665 859
666 667
666 872
668 669
668 670
668 671
668 672
668 841
668 991
669 670
669 671
669 672
669 676
669 807
670 671
670 672
670 775
671 672
671 761
673 674
673 675
673 676
673 677
673 678
674 675
674 676
674 677
674 678
675 676
675 677
675 678
676 677
676 678
676 766
677 678
678 996
679 680
679 681
679 682
679 683
679 684
679 912
680 681
680 682
680 683
680 684
680 977
681 682
681 683
681 684
681 879
682 683
682 684
682 838
682 965
683 684
685 686
685 687
685 688
685 689
685 690
685 691
685 692
686 687
686 688
686 689
686 690
686 691
686 692
687 688
687 689
687 690
687 691
687 692
688 689
688 690
688 691
688 692
689 690
689 691
689 692
690 691
690 692
691 692
693 694
694 936
694 937
694 938
694 939
695 696
695 852
695 857
696 806
696 996
697 698
697 699
697 700
697 701
697 702
697 703
697 704
698 699
698 700
698 701
698 702
698 703
698 704
699 700
699 701
699 702
699 703
699 704
700 701
700 702
700 703
700 704
701 702
701 703
701 704
702 703
702 704
703 704
705 706
705 707
705 708
705 709
705 710
705 711
705 712
706 707
706 708
706 709
706 710
706 711
706 712
707 708
707 709
707 710
707 711
707 712
708 709
708 710
708 711
708 712
709 710
709 711
709 712
710 711
710 712
711 712
713 714
713 715
713 716
713 717
713 718
713 719
713 720
714 715
714 716
714 717
714 718
714 719
714 720
715 716
715 717
715 718
715 719
715 720
716 717
716 718
716 719
716 720
717 718
717 719
717 720
718 719
718 720
719 720
721 722
721 723
721 724
721 725
721 726
721 727
721 728
722 723
722 724
722 725
722 726
722 727
722 728
723 724
723 725
723 726
723 727
723 728
724 725
724 726
724 727
724 728
725 726
725 727
725 728
726 727
726 728
727 728
729 730
729 731
729 732
729 733
730 731
730 732
730 733
730 862
731 732
731 733
732 733
732 739
732 823
733 838
733 908
734 735
734 877
736 737
736 738
736 774
736 794
736 858
737 738
737 760
737 875
737 988
739 740
740 876
740 929
740 948
741 742
741 743
741 744
741 745
741 746
741 929
742 743
742 744
742 745
742 746
743 744
743 745
743 746
743 750
744 745
744 746
745 746
745 778
745 790
747 748
747 749
747 750
747 751
747 762
748 749
748 750
748 751
748 805
749 750
749 751
749 898
750 751
752 753
752 754
752 755
752 756
752 757
752 758
752 759
753 754
753 755
753 756
753 757
753 758
753 759
754 755
754 756
754 757
754 758
754 759
755 756
755 757
755 758
755 759
756 757
756 758
756 759
757 758
757 759
758 759
760 761
760 762
761 762
762 808
763 903
764 765
764 766
764 767
764 877
765 766
765 767
765 807
766 767
766 778
766 784
768 769
768 770
768 771
768 772
768 773
768 880
769 770
769 771
769 772
769 773
770 771
770 772
770 773
771 772
771 773
772 773
772 792
773 808
774 775
774 776
775 776
775 809
775 929
776 825
776 840
777 835
778 779
778 780
778 781
778 782
779 780
779 781
779 782
779 906
780 781
780 782
780 998
781 782
781 817
783 784
785 786
785 787
785 788
785 789
786 787
786 788
786 789
786 834
786 884
786 913
787 788
787 789
787 974
788 789
790 791
790 792
790 793
790 794
790 795
790 998
791 792
791 793
791 794
791 795
791 833
792 793
792 794
792 795
793 794
793 795
794 795
795 906
796 797
796 798
797 798
797 834
798 860
799 800
799 801
799 802
799 803
799 804
800 801
800 802
800 803
800 804
800 862
801 802
801 803
801 804
802 803
802 804
803 804
805 806
805 807
805 808
805 916
806 807
806 808
807 808
808 840
808 913
809 810
809 811
809 812
809 813
809 814
809 939
810 811
810 812
810 813
810 814
811 812
811 813
811 814
812 813
812 814
813 814
813 875
815 816
815 817
815 818
815 895
816 817
816 818
816 904
817 818
817 856
818 873
819 820
819 821
819 822
819 882
819 898
820 821
820 822
820 987
821 822
823 824
823 825
823 826
824 825
824 826
825 826
825 910
826 905
827 828
827 829
827 830
827 831
827 832
827 833
828 829
828 830
828 831
828 832
828 833
828 859
829 830
829 831
829 832
829 833
830 831
830 832
830 833
830 992
831 832
831 833
831 876
832 833
834 835
834 836
834 837
835 836
835 837
835 850
836 837
836 894
838 839
838 840
838 841
839 840
839 841
840 841
840 871
841 912
841 996
842 843
842 844
842 845
842 846
842 847
842 848
842 849
843 844
843 845
843 846
843 847
843 848
843 849
844 845
844 846
844 847
844 848
844 849
845 846
845 847
845 848
845 849
846 847
846 848
846 849
847 848
847 849
848 849
850 851
850 852
850 853
850 854
850 855
851 852
851 853
851 854
851 855
852 853
852 854
852 855
853 854
853 855
853 907
854 855
857 871
858 859
858 860
858 861
858 862
859 860
859 861
859 862
860 861
860 862
861 862
862 965
863 864
863 865
863 866
863 867
863 868
863 869
863 870
864 865
864 866
864 867
864 868
864 869
864 870
865 866
865 867
865 868
865 869
865 870
866 867
866 868
866 869
866 870
867 868
867 869
867 870
868 869
868 870
869 870
871 872
871 873
871 874
871 875
872 873
872 874
872 875
872 976
873 874
873 875
874 875
876 877
876 878
876 879
877 878
877 879
877 966
878 879
880 881
880 882
880 883
880 884
880 885
880 964
881 882
881 883
881 884
881 885
882 883
882 884
882 885
883 884
883 885
884 885
886 887
886 888
886 889
886 890
886 891
886 892
886 893
887 888
887 889
887 890
887 891
887 892
887 893
888 889
888 890
888 891
888 892
888 893
889 890
889 891
889 892
889 893
890 891
890 892
890 893
891 892
891 893
892 893
894 895
894 896
894 897
894 898
894 899
895 896
895 897
895 898
895 899
896 897
896 898
896 899
896 969
897 898
897 899
897 964
898 899
899 986
900 901
900 902
900 903
900 904
900 905
901 902
901 903
901 904
901 905
902 903
902 904
902 905
902 911
903 904
903 905
904 905
906 907
906 993
907 914
907 957
908 909
908 910
908 911
909 910
909 911
909 936
909 996
910 911
911 976
912 913
912 914
912 961
913 986
914 915
914 916
914 917
914 933
915 916
915 917
916 917
918 919
918 920
918 921
918 922
918 923
918 924
918 925
919 920
919 921
919 922
919 923
919 924
919 925
920 921
920 922
920 923
920 924
920 925
921 922
921 923
921 924
921 925
922 923
922 924
922 925
923 924
923 925
924 925
926 927
926 928
926 929
926 975
927 928
927 929
927 939
928 929
930 931
930 932
930 933
930 934
930 935
931 932
931 933
931 934
931 935
932 933
932 934
932 935
933 934
933 935
934 935
934 938
936 937
936 938
936 939
937 938
937 939
938 939
940 941
940 942
940 943
940 944
940 945
940 946
940 947
941 942
941 943
941 944
941 945
941 946
941 947
942 943
942 944
942 945
942 946
942 947
943 944
943 945
943 946
943 947
944 945
944 946
944 947
945 946
945 947
946 947
948 966
949 950
949 951
949 952
949 953
949 954
949 955
949 956
950 951
950 952
950 953
950 954
950 955
950 956
951 952
951 953
951 954
951 955
951 956
952 953
952 954
952 955
952 956
953 954
953 955
953 956
954 955
954 956
955 956
957 958
957 959
957 960
957 961
957 962
958 959
958 960
958 961
958 962
958 966
959 960
959 961
959 962
960 961
960 962
961 962
963 964
965 966
965 997
967 968
967 969
967 970
967 971
967 972
967 973
968 969
968 970
968 971
968 972
968 973
969 970
969 971
969 972
969 973
970 971
970 972
970 973
971 972
971 973
972 973
974 975
974 976
974 977
975 976
975 977
976 977
978 979
978 980
978 981
978 982
978 983
978 984
978 985
979 980
979 981
979 982
979 983
979 984
979 985
980 981
980 982
980 983
980 984
980 985
981 982
981 983
981 984
981 985
982 983
982 984
982 985
983 984
983 985
984 985
986 987
986 988
987 988
989 990
989 991
989 992
989 993
989 994
989 995
990 991
990 992
990 993
990 994
990 995
991 992
991 993
991 994
991 995
992 993
992 994
992 995
993 994
993 995
994 995
996 997
996 998
997 998
