998 3482
1 2
1 3
1 4
1 5
1 6
1 7
1 63
2 3
2 4
2 5
2 6
2 7
2 531
3 4
3 5
3 6
3 7
3 58
4 5
4 6
4 7
4 647
5 6
5 7
5 49
6 7
6 247
7 319
8 9
8 10
8 11
8 12
8 13
8 14
8 732
9 10
9 11
9 12
9 13
9 14
9 85
10 11
10 12
10 13
10 14
10 338
11 12
11 13
11 14
11 250
12 13
12 14
12 296
13 14
13 633
14 934
15 126
15 404
15 405
15 406
15 407
15 461
15 852
16 17
16 18
16 19
16 20
16 433
16 533
16 700
17 18
17 19
17 20
17 656
17 870
17 899
18 19
18 20
18 72
18 267
18 650
19 20
19 254
19 291
19 350
20 121
20 430
20 486
21 22
21 23
21 24
21 25
21 26
21 27
21 28
22 23
22 24
22 25
22 26
22 27
22 28
23 24
23 25
23 26
23 27
23 28
24 25
24 26
24 27
24 28
25 26
25 27
25 28
26 27
26 28
27 28
29 30
29 31
29 32
29 33
29 34
29 35
29 926
30 31
30 32
30 33
30 34
30 35
30 903
31 32
31 33
31 34
31 35
31 420
32 33
32 34
32 35
32 212
33 34
33 35
33 290
34 35
34 416
35 314
36 37
36 38
36 39
36 40
36 77
36 387
36 423
37 38
37 39
37 40
37 239
37 767
37 923
38 39
38 40
38 703
38 743
38 930
39 40
39 65
39 922
39 926
40 255
40 452
40 997
41 42
41 43
41 44
41 45
41 46
41 47
41 48
42 43
42 44
42 45
42 46
42 47
42 48
43 44
43 45
43 46
43 47
43 48
44 45
44 46
44 47
44 48
45 46
45 47
45 48
46 47
46 48
47 48
49 50
49 51
49 52
49 53
49 54
49 547
50 51
50 52
50 53
50 54
50 564
50 772
51 52
51 53
51 54
51 298
51 698
52 53
52 54
52 348
52 951
53 54
53 189
53 356
54 280
54 826
55 56
55 57
55 58
55 69
55 188
55 201
55 236
56 57
56 58
56 106
56 339
56 571
56 970
57 58
57 80
57 88
57 351
57 422
58 456
58 465
58 758
59 60
59 61
59 160
59 217
59 317
59 668
59 960
60 61
60 544
60 673
60 736
60 851
60 996
61 235
61 313
61 420
61 702
61 803
62 63
62 64
62 65
62 66
62 441
62 464
62 737
63 64
63 65
63 66
63 173
63 618
64 65
64 66
64 190
64 323
64 827
65 66
65 768
65 851
66 385
66 422
66 574
67 68
67 69
67 444
67 598
67 652
67 734
67 946
68 69
68 281
68 504
68 660
68 772
68 832
69 121
69 696
69 880
69 915
70 71
70 278
70 297
70 485
70 508
70 576
70 916
71 195
71 246
71 451
71 507
71 532
71 932
72 73
72 74
72 75
72 76
72 321
73 74
73 75
73 76
73 144
73 375
73 946
74 75
74 76
74 447
74 488
74 749
75 76
75 583
75 597
75 985
76 314
76 726
76 816
77 78
77 79
77 145
77 317
77 447
77 584
78 79
78 377
78 406
78 493
78 504
78 985
79 196
79 651
79 921
79 932
79 974
80 81
80 82
80 83
80 84
80 896
80 941
81 82
81 83
81 84
81 105
81 181
81 772
82 83
82 84
82 239
82 461
82 661
83 84
83 281
83 568
83 886
84 525
84 579
84 932
85 86
85 179
85 245
85 483
85 723
85 759
86 515
86 523
86 631
86 737
86 826
86 910
87 88
87 266
87 426
87 430
87 431
87 432
87 971
88 151
88 231
88 415
88 648
88 888
89 90
89 91
89 92
89 93
89 94
89 773
89 926
90 91
90 92
90 93
90 94
90 553
90 812
91 92
91 93
91 94
91 475
91 476
92 93
92 94
92 667
92 918
93 94
93 620
93 731
94 284
94 701
95 96
95 97
95 98
95 99
95 100
95 101
95 102
96 97
96 98
96 99
96 100
96 101
96 102
97 98
97 99
97 100
97 101
97 102
98 99
98 100
98 101
98 102
99 100
99 101
99 102
100 101
100 102
101 102
103 104
103 431
103 476
103 604
103 606
103 673
103 892
104 178
104 185
104 318
104 546
104 731
104 919
105 106
105 107
105 108
105 109
105 110
105 127
106 107
106 108
106 109
106 110
106 435
107 108
107 109
107 110
107 406
107 418
108 109
108 110
108 457
108 735
109 110
109 251
109 467
110 282
110 992
111 112
111 113
111 114
111 115
111 116
111 117
111 356
112 113
112 114
112 115
112 116
112 117
112 461
113 114
113 115
113 116
113 117
113 318
114 115
114 116
114 117
114 595
115 116
115 117
115 983
116 117
116 673
117 871
118 119
118 120
118 121
118 122
118 123
118 152
118 549
119 120
119 121
119 122
119 123
119 449
119 717
120 121
120 122
120 123
120 949
120 989
121 122
121 123
122 123
122 323
122 528
123 603
123 928
124 125
124 126
124 127
124 243
124 825
124 925
124 974
125 126
125 127
125 529
125 755
125 896
125 923
126 127
126 382
126 530
126 621
127 289
127 893
127 922
128 129
128 130
128 131
128 132
128 133
128 134
128 135
129 130
129 131
129 132
129 133
129 134
129 135
130 131
130 132
130 133
130 134
130 135
131 132
131 133
131 134
131 135
132 133
132 134
132 135
133 134
133 135
134 135
136 137
136 138
136 139
136 140
136 141
136 142
136 143
137 138
137 139
137 140
137 141
137 142
137 143
138 139
138 140
138 141
138 142
138 143
139 140
139 141
139 142
139 143
140 141
140 142
140 143
141 142
141 143
142 143
144 145
144 146
144 147
144 148
144 175
144 449
145 146
145 147
145 148
145 160
145 184
146 147
146 148
146 240
146 405
146 922
147 148
147 210
147 518
147 928
148 322
148 537
148 632
149 354
149 485
149 522
149 897
149 919
149 968
149 988
150 241
150 317
150 380
150 486
150 508
150 700
150 802
151 152
151 215
151 714
151 758
151 766
151 773
152 191
152 463
152 553
152 675
152 984
153 154
153 155
153 156
153 157
153 158
153 159
153 798
154 155
154 156
154 157
154 158
154 159
154 466
155 156
155 157
155 158
155 159
155 266
156 157
156 158
156 159
156 454
157 158
157 159
157 531
158 159
158 599
159 940
160 170
160 460
160 600
160 814
160 950
161 162
161 163
161 164
161 165
161 166
161 167
161 168
162 163
162 164
162 165
162 166
162 167
162 168
163 164
163 165
163 166
163 167
163 168
164 165
164 166
164 167
164 168
165 166
165 167
165 168
166 167
166 168
167 168
169 170
169 171
169 172
169 173
169 174
169 389
169 720
170 171
170 172
170 173
170 174
170 770
171 172
171 173
171 174
171 186
171 518
172 173
172 174
172 665
172 690
173 174
173 490
174 321
174 420
175 176
175 177
175 178
175 345
175 421
175 467
176 177
176 178
176 235
176 742
176 765
176 800
177 178
177 434
177 485
177 826
177 934
178 410
178 564
178 791
179 180
179 181
179 182
179 183
179 184
179 756
180 181
180 182
180 183
180 184
180 695
180 730
181 182
181 183
181 184
181 947
182 183
182 184
182 432
182 863
183 184
183 187
183 388
184 672
185 186
185 376
185 506
185 521
185 675
185 896
186 192
186 697
186 815
186 973
186 993
187 188
187 189
187 190
187 406
187 467
187 868
188 189
188 190
188 249
188 409
188 968
189 190
189 200
189 453
189 768
190 399
190 753
190 764
191 192
191 193
191 194
191 287
191 427
191 519
192 193
192 194
192 339
192 349
192 599
193 194
193 315
193 415
193 757
193 995
194 247
195 196
195 197
195 198
195 288
195 755
195 929
196 197
196 198
196 297
196 484
196 962
197 198
197 508
197 685
197 765
197 897
198 270
198 323
198 490
198 950
199 200
199 201
199 229
199 233
199 326
199 669
199 719
200 201
200 277
200 509
200 685
200 889
201 314
201 446
201 449
201 995
202 203
202 204
202 205
202 206
202 207
202 208
202 209
203 204
203 205
203 206
203 207
203 208
203 209
204 205
204 206
204 207
204 208
204 209
205 206
205 207
205 208
205 209
206 207
206 208
206 209
207 208
207 209
208 209
210 211
210 341
210 412
210 535
210 607
210 897
211 297
211 489
211 527
211 729
211 983
211 997
212 213
212 357
212 582
212 766
212 929
212 941
213 464
213 595
213 651
213 718
213 815
213 947
214 215
214 216
214 217
214 218
214 219
214 757
214 927
215 216
215 217
215 218
215 219
215 381
216 217
216 218
216 219
216 407
216 767
217 218
217 219
217 968
218 219
218 276
218 826
219 424
219 895
220 221
220 222
220 223
220 224
220 225
220 226
220 227
221 222
221 223
221 224
221 225
221 226
221 227
222 223
222 224
222 225
222 226
222 227
223 224
223 225
223 226
223 227
224 225
224 226
224 227
225 226
225 227
226 227
228 229
228 426
228 450
228 520
228 697
228 829
228 929
229 753
229 795
229 921
229 948
229 964
230 231
230 232
230 233
230 234
230 320
230 418
230 753
231 232
231 233
231 234
231 290
231 325
232 233
232 234
232 340
232 355
232 756
233 234
233 599
233 813
234 333
234 377
234 704
235 236
235 237
235 238
235 239
235 616
236 237
236 238
236 239
236 486
236 893
237 238
237 239
237 492
237 612
237 723
238 239
238 316
238 528
238 566
239 447
240 241
240 296
240 345
240 867
240 907
240 968
241 243
241 380
241 418
241 669
241 933
242 243
242 244
242 245
242 246
242 247
242 509
242 752
243 244
243 245
243 246
243 247
244 245
244 246
244 247
244 436
244 754
245 246
245 247
245 506
246 247
246 474
248 249
248 250
248 251
248 462
248 485
248 702
248 771
249 250
249 251
249 765
249 813
249 928
250 251
250 403
250 439
250 620
251 852
251 888
251 919
252 253
252 254
252 255
252 256
252 299
252 632
252 871
253 254
253 255
253 256
253 281
253 825
253 930
254 255
254 256
254 291
254 320
255 256
255 551
255 654
256 330
256 448
256 895
257 258
257 259
257 260
257 261
257 262
257 263
257 264
258 259
258 260
258 261
258 262
258 263
258 264
259 260
259 261
259 262
259 263
259 264
260 261
260 262
260 263
260 264
261 262
261 263
261 264
262 263
262 264
263 264
265 266
265 488
265 504
265 701
265 713
265 757
265 825
266 278
266 671
266 832
266 943
267 268
267 269
267 270
267 271
267 272
267 273
268 269
268 270
268 271
268 272
268 273
268 279
269 270
269 271
269 272
269 273
270 271
270 272
270 273
271 272
271 273
271 897
272 273
272 290
273 504
274 275
274 276
274 277
274 278
274 279
274 563
274 829
275 276
275 277
275 278
275 279
275 296
275 951
276 277
276 278
276 279
276 524
277 278
277 279
277 322
278 279
279 487
280 281
280 282
280 283
280 317
280 870
280 924
281 282
281 283
281 331
282 283
282 430
282 476
282 968
283 320
283 477
283 484
283 578
284 285
284 286
284 287
284 288
284 455
284 912
285 286
285 287
285 288
285 319
285 388
285 506
286 287
286 288
286 293
286 658
286 896
287 288
287 931
287 987
288 526
288 578
289 290
289 291
289 451
289 521
289 585
289 924
290 291
290 479
290 970
291 304
291 332
291 830
292 293
292 294
292 295
292 345
292 536
292 731
292 774
293 294
293 295
293 461
293 487
293 851
294 295
294 527
294 606
294 825
294 939
295 405
295 435
295 649
295 834
296 297
296 298
296 525
296 699
297 298
297 792
297 831
298 419
298 494
298 578
298 726
299 302
299 485
299 602
299 620
299 799
299 925
300 301
300 302
300 303
300 304
300 467
300 553
300 617
301 302
301 303
301 304
301 531
301 666
301 671
302 303
302 304
302 533
302 760
303 304
303 550
303 700
303 991
304 456
304 969
305 306
305 307
305 308
305 309
305 310
305 311
305 312
306 307
306 308
306 309
306 310
306 311
306 312
307 308
307 309
307 310
307 311
307 312
308 309
308 310
308 311
308 312
309 310
309 311
309 312
310 311
310 312
311 312
313 314
313 411
313 448
313 509
313 700
313 770
314 374
314 476
314 605
315 316
315 383
315 398
315 762
315 774
315 883
316 325
316 675
316 755
316 810
316 945
317 318
317 319
317 451
318 319
318 335
318 897
318 971
319 427
319 815
319 827
320 321
320 322
320 775
320 880
321 322
321 464
321 687
321 833
322 380
322 606
322 615
323 324
323 684
323 939
323 992
324 325
324 604
324 698
324 732
324 967
324 974
325 421
325 769
325 816
325 913
326 327
326 328
326 329
326 330
326 331
326 332
327 328
327 329
327 330
327 331
327 332
327 696
328 329
328 330
328 331
328 332
328 927
329 330
329 331
329 332
329 602
330 331
330 332
331 332
333 334
333 335
333 336
333 337
333 720
333 993
334 335
334 336
334 337
334 563
334 760
334 773
335 336
335 337
335 488
335 603
336 337
336 519
336 602
336 633
337 438
337 518
337 793
338 339
338 340
338 341
338 385
338 831
338 913
339 340
339 341
339 446
339 994
340 341
340 491
340 895
340 949
341 540
341 564
341 585
342 343
342 344
342 345
342 466
342 481
342 562
342 674
343 344
343 345
343 613
343 652
343 670
343 861
344 345
344 572
344 685
344 891
344 990
345 472
346 347
346 348
346 349
346 350
346 351
346 352
346 949
347 348
347 349
347 350
347 351
347 352
347 894
348 349
348 350
348 351
348 352
349 350
349 351
349 352
350 351
350 352
351 352
352 459
353 354
353 355
353 356
353 357
353 521
353 543
353 602
354 355
354 356
354 357
354 492
354 562
355 356
355 357
355 630
355 728
356 357
356 620
357 774
357 895
358 359
358 360
358 361
358 362
358 363
358 364
358 365
359 360
359 361
359 362
359 363
359 364
359 365
360 361
360 362
360 363
360 364
360 365
361 362
361 363
361 364
361 365
362 363
362 364
362 365
363 364
363 365
364 365
366 367
366 368
366 369
366 370
366 371
366 372
366 373
367 368
367 369
367 370
367 371
367 372
367 373
368 369
368 370
368 371
368 372
368 373
369 370
369 371
369 372
369 373
370 371
370 372
370 373
371 372
371 373
372 373
374 375
374 376
374 377
374 378
374 379
374 485
375 376
375 377
375 378
375 379
375 513
376 377
376 378
376 379
376 494
377 378
377 379
378 379
378 595
378 893
379 447
379 600
380 381
380 480
380 764
380 816
381 423
381 445
381 536
381 575
381 702
382 383
382 384
382 385
382 386
382 387
382 807
383 384
383 385
383 386
383 387
383 733
384 385
384 386
384 387
384 401
384 649
385 386
385 387
386 387
386 576
386 694
387 715
388 389
388 462
388 602
388 669
388 693
389 495
389 562
389 610
389 753
389 775
390 391
390 392
390 393
390 394
390 395
390 396
390 397
391 392
391 393
391 394
391 395
391 396
391 397
392 393
392 394
392 395
392 396
392 397
393 394
393 395
393 396
393 397
394 395
394 396
394 397
395 396
395 397
396 397
398 399
398 400
398 401
398 402
398 403
398 492
399 400
399 401
399 402
399 403
399 537
400 401
400 402
400 403
400 518
400 888
401 402
401 403
401 437
402 403
402 409
402 528
403 505
404 405
404 406
404 407
404 553
404 765
404 936
405 406
405 407
405 576
406 407
407 482
407 898
408 409
408 410
408 411
408 524
408 525
408 607
408 894
409 410
409 411
409 412
410 411
410 422
410 476
410 785
411 596
411 731
411 753
412 490
412 531
412 586
412 601
412 945
413 414
413 415
413 416
413 417
413 692
413 925
413 987
414 415
414 416
414 417
414 458
414 698
414 918
415 416
415 417
415 486
416 417
416 510
416 935
417 630
417 668
417 947
418 419
418 505
418 529
418 730
419 484
419 536
419 615
419 735
419 798
420 421
420 422
420 423
420 508
421 422
421 423
421 443
421 573
422 423
422 951
423 550
423 597
424 425
424 426
424 427
424 428
424 429
424 619
425 426
425 427
425 428
425 429
425 767
426 427
426 428
426 429
427 428
427 429
428 429
428 811
428 969
429 605
429 704
430 431
430 432
430 826
430 949
431 432
431 491
431 600
431 621
432 457
432 633
432 944
433 434
433 435
433 436
433 437
433 438
433 449
434 435
434 436
434 437
434 438
434 616
435 436
435 437
435 438
436 437
436 438
436 552
437 438
437 967
438 468
439 440
439 441
439 442
439 443
439 444
439 445
440 441
440 442
440 443
440 444
440 445
440 990
441 442
441 443
441 444
441 445
442 443
442 444
442 445
442 972
443 444
443 445
444 445
446 467
446 511
446 577
446 633
446 887
447 448
447 610
447 672
448 754
448 828
448 880
448 926
449 450
449 451
449 462
450 451
450 608
450 670
450 918
450 984
451 542
451 892
452 453
452 454
452 455
452 723
452 773
452 914
453 454
453 455
453 583
453 758
453 866
454 455
454 478
454 486
454 880
455 517
455 759
455 921
456 475
456 539
456 659
456 852
456 969
457 458
457 463
457 674
457 951
457 973
458 526
458 632
458 643
458 831
458 894
459 460
459 614
459 852
459 920
459 925
459 992
460 461
460 493
460 604
460 917
460 984
461 572
461 864
462 463
462 464
462 465
462 762
463 464
463 465
463 631
463 727
464 465
464 517
465 695
465 754
465 908
466 467
466 730
466 774
466 814
466 867
467 951
468 469
468 470
468 471
468 472
468 473
468 474
469 470
469 471
469 472
469 473
469 474
469 752
470 471
470 472
470 473
470 474
470 920
471 472
471 473
471 474
471 990
472 473
472 474
473 474
473 655
475 476
475 600
475 688
475 700
475 861
476 597
477 478
477 479
477 480
477 481
477 482
477 575
478 479
478 480
478 481
478 482
478 911
479 480
479 481
479 482
479 671
480 481
480 482
480 695
481 482
481 507
482 653
483 484
483 619
483 674
483 701
483 880
483 919
484 735
484 990
484 998
485 940
486 934
486 950
487 488
487 489
487 490
487 685
487 991
488 489
488 490
488 923
489 490
489 673
489 692
489 894
490 798
491 492
491 493
491 495
491 788
491 988
492 493
492 704
492 943
493 530
493 620
493 891
494 495
494 716
494 755
494 834
494 920
495 518
495 524
495 748
495 923
496 497
496 498
496 499
496 500
496 501
496 502
496 503
497 498
497 499
497 500
497 501
497 502
497 503
498 499
498 500
498 501
498 502
498 503
499 500
499 501
499 502
499 503
500 501
500 502
500 503
501 502
501 503
502 503
504 505
504 506
504 507
505 506
505 507
505 897
505 909
506 507
506 603
507 532
507 937
508 527
508 697
508 701
509 575
509 675
509 758
509 825
510 511
510 512
510 513
510 514
510 515
510 516
511 512
511 513
511 514
511 515
511 516
512 513
512 514
512 515
512 516
512 553
513 514
513 515
513 516
514 515
514 516
514 551
515 516
516 598
517 518
517 667
517 692
517 865
517 969
518 734
519 520
519 521
519 522
519 523
520 521
520 522
520 523
520 721
520 814
521 522
521 523
522 523
522 551
522 670
523 531
523 599
524 525
524 607
524 825
524 833
525 607
525 869
525 983
526 527
526 528
526 529
526 938
526 985
527 528
527 529
527 734
528 529
528 719
529 605
529 972
530 531
530 662
530 901
530 924
530 938
531 703
532 533
532 534
532 535
532 536
532 716
533 534
533 535
533 536
533 943
534 535
534 536
534 724
534 882
534 951
535 536
535 630
535 722
537 538
537 539
537 540
537 541
537 542
538 539
538 540
538 541
538 542
538 728
538 937
539 540
539 541
539 542
539 929
540 541
540 542
540 948
541 542
541 692
541 752
542 926
543 544
543 545
543 546
543 547
543 548
543 549
544 545
544 546
544 547
544 548
544 549
545 546
545 547
545 548
545 549
545 852
546 547
546 548
546 549
547 548
547 549
548 549
548 703
550 551
550 552
550 562
550 611
551 552
551 602
551 684
552 645
552 721
552 926
552 931
553 923
553 936
554 555
554 556
554 557
554 558
554 559
554 560
554 561
555 556
555 557
555 558
555 559
555 560
555 561
556 557
556 558
556 559
556 560
556 561
557 558
557 559
557 560
557 561
558 559
558 560
558 561
559 560
559 561
560 561
562 692
562 813
562 833
563 564
563 673
563 815
563 924
563 934
564 699
564 969
564 990
565 566
565 567
565 568
565 569
565 570
565 571
565 581
566 567
566 568
566 569
566 570
566 571
567 568
567 569
567 570
567 571
567 767
568 569
568 570
568 571
569 570
569 571
569 771
570 571
570 933
572 573
572 574
572 575
572 927
572 989
573 574
573 575
573 890
573 947
574 575
574 650
574 672
574 717
575 631
576 577
576 578
576 579
576 580
577 578
577 579
577 580
577 584
577 766
578 579
578 580
579 580
579 992
580 621
580 924
580 937
581 582
581 583
581 584
581 585
581 586
581 595
582 583
582 584
582 585
582 586
582 631
583 584
583 585
583 586
584 585
584 586
585 586
586 617
587 588
587 589
587 590
587 591
587 592
587 593
587 594
588 589
588 590
588 591
588 592
588 593
588 594
589 590
589 591
589 592
589 593
589 594
590 591
590 592
590 593
590 594
591 592
591 593
591 594
592 593
592 594
593 594
595 596
595 597
595 598
596 597
596 630
596 702
596 895
597 613
597 935
598 599
598 600
598 601
598 715
599 600
599 601
600 601
601 604
601 730
601 761
602 606
603 604
603 605
603 722
603 922
604 605
604 932
605 696
605 830
606 607
606 608
606 675
607 608
607 740
608 654
608 753
608 766
608 815
609 610
609 611
609 612
609 613
609 614
609 988
609 994
610 611
610 612
610 613
610 614
611 612
611 613
611 614
611 786
612 613
612 614
612 940
613 614
614 689
615 616
615 617
615 618
615 619
615 766
616 617
616 618
616 619
616 992
617 618
617 619
617 725
618 619
618 890
618 967
619 722
620 621
620 969
621 769
621 834
621 968
622 623
622 624
622 625
622 626
622 627
622 628
622 629
623 624
623 625
623 626
623 627
623 628
623 629
624 625
624 626
624 627
624 628
624 629
625 626
625 627
625 628
625 629
626 627
626 628
626 629
627 628
627 629
628 629
630 631
630 632
630 770
631 632
631 930
632 655
632 754
633 694
633 862
633 918
634 635
634 636
634 637
634 638
634 639
634 640
634 641
635 636
635 637
635 638
635 639
635 640
635 641
636 637
636 638
636 639
636 640
636 641
637 638
637 639
637 640
637 641
638 639
638 640
638 641
639 640
639 641
640 641
642 643
642 644
642 645
642 646
642 647
642 648
642 921
643 644
643 645
643 646
643 647
643 648
644 645
644 646
644 647
644 648
644 917
645 646
645 647
645 648
646 647
646 648
646 889
647 648
649 650
649 651
649 652
649 653
649 704
650 651
650 652
650 653
650 986
651 652
651 653
651 771
652 653
653 693
653 902
654 655
654 656
654 657
654 658
654 659
655 656
655 657
655 658
655 659
656 657
656 658
656 659
656 892
657 658
657 659
657 801
657 996
658 659
658 688
659 923
660 661
660 662
660 663
660 664
660 665
660 666
661 662
661 663
661 664
661 665
661 666
662 663
662 664
662 665
662 666
663 664
663 665
663 666
663 814
664 665
664 666
664 892
665 666
667 668
667 669
667 670
667 671
667 868
668 669
668 670
668 671
668 731
669 670
669 671
670 671
672 673
672 674
672 832
672 942
673 674
674 684
674 931
675 694
675 880
676 677
676 678
676 679
676 680
676 681
676 682
676 683
677 678
677 679
677 680
677 681
677 682
677 683
678 679
678 680
678 681
678 682
678 683
679 680
679 681
679 682
679 683
680 681
680 682
680 683
681 682
681 683
682 683
684 685
684 966
684 969
684 983
685 741
685 864
686 687
686 688
686 689
686 690
686 691
686 714
686 984
687 688
687 689
687 690
687 691
687 950
688 689
688 690
688 691
689 690
689 691
689 928
690 691
690 918
691 939
691 945
692 699
692 888
693 694
693 695
693 696
693 697
693 870
694 695
694 696
694 697
695 696
695 697
696 697
698 699
698 700
698 828
698 865
699 700
699 718
699 949
701 702
701 703
701 704
702 703
702 704
703 704
703 832
705 706
705 707
705 708
705 709
705 710
705 711
705 712
706 707
706 708
706 709
706 710
706 711
706 712
707 708
707 709
707 710
707 711
707 712
708 709
708 710
708 711
708 712
709 710
709 711
709 712
710 711
710 712
711 712
713 714
713 715
713 716
713 717
713 718
713 719
714 715
714 716
714 717
714 718
715 716
715 717
715 718
716 717
716 718
717 718
719 720
719 721
719 722
719 723
720 721
720 722
720 723
720 918
721 722
721 723
721 789
722 723
724 725
724 726
724 727
724 728
724 729
724 925
725 726
725 727
725 728
725 729
725 747
726 727
726 728
726 729
727 728
727 729
727 862
728 729
729 991
730 731
730 732
730 737
731 732
732 768
732 775
732 869
733 734
733 735
733 736
733 737
733 892
733 920
734 735
734 736
734 737
735 736
735 737
736 737
736 784
736 971
738 739
738 740
738 741
738 742
738 743
738 744
739 740
739 741
739 742
739 743
739 744
739 967
740 741
740 742
740 743
740 744
741 742
741 743
741 744
742 743
742 744
743 744
744 936
745 746
745 747
745 748
745 749
745 750
745 751
745 948
746 747
746 748
746 749
746 750
746 751
746 770
747 748
747 749
747 750
747 751
748 749
748 750
748 751
749 750
749 751
750 751
750 813
751 916
752 753
752 869
752 890
752 893
754 797
754 804
754 808
755 756
755 757
755 758
756 757
756 758
756 986
757 758
757 787
759 760
759 761
759 762
759 763
759 764
760 761
760 762
760 763
760 764
761 762
761 763
761 764
761 938
762 763
762 764
763 764
763 947
763 987
765 766
765 767
765 768
766 767
767 942
768 769
768 770
768 771
769 770
769 771
770 771
771 924
772 773
772 774
772 775
772 830
773 774
773 775
774 775
775 948
776 777
776 778
776 779
776 780
776 781
776 782
776 783
777 778
777 779
777 780
777 781
777 782
777 783
778 779
778 780
778 781
778 782
778 783
779 780
779 781
779 782
779 783
780 781
780 782
780 783
781 782
781 783
782 783
784 785
784 786
784 787
784 788
784 789
784 790
785 786
785 787
785 788
785 789
785 790
786 787
786 788
786 789
786 790
787 788
787 789
787 790
788 789
788 790
789 790
790 984
791 792
791 793
791 794
791 795
791 796
791 797
792 793
792 794
792 795
792 796
792 797
793 794
793 795
793 796
793 797
794 795
794 796
794 797
794 832
795 796
795 797
796 797
798 827
798 892
798 933
798 961
799 800
799 801
799 802
799 803
799 804
799 805
800 801
800 802
800 803
800 804
800 805
801 802
801 803
801 804
801 805
802 803
802 804
802 805
803 804
803 805
804 805
805 834
806 807
806 808
806 809
806 810
806 811
806 812
806 984
807 808
807 809
807 810
807 811
807 812
808 809
808 810
808 811
808 812
809 810
809 811
809 812
809 930
810 811
810 812
811 812
813 890
813 963
813 970
814 815
814 816
814 998
815 816
816 918
816 935
817 818
817 819
817 820
817 821
817 822
817 823
817 824
818 819
818 820
818 821
818 822
818 823
818 824
819 820
819 821
819 822
819 823
819 824
820 821
820 822
820 823
820 824
821 822
821 823
821 824
822 823
822 824
823 824
825 826
826 828
827 828
827 829
827 830
827 831
828 829
828 830
828 831
829 830
829 831
829 972
830 831
832 833
832 834
833 834
833 884
833 944
834 933
835 836
835 837
835 838
835 839
835 840
835 841
835 842
836 837
836 838
836 839
836 840
836 841
836 842
837 838
837 839
837 840
837 841
837 842
838 839
838 840
838 841
838 842
839 840
839 841
839 842
840 841
840 842
841 842
843 844
843 845
843 846
843 847
843 848
843 849
843 850
844 845
844 846
844 847
844 848
844 849
844 850
845 846
845 847
845 848
845 849
845 850
846 847
846 848
846 849
846 850
847 848
847 849
847 850
848 849
848 850
849 850
851 925
851 935
851 946
851 983
852 868
852 986
853 854
853 855
853 856
853 857
853 858
853 859
853 860
854 855
854 856
854 857
854 858
854 859
854 860
855 856
855 857
855 858
855 859
855 860
856 857
856 858
856 859
856 860
857 858
857 859
857 860
858 859
858 860
859 860
861 862
861 863
861 864
861 865
861 866
862 863
862 864
862 865
862 866
863 864
863 865
863 866
863 914
864 865
864 866
865 866
866 904
867 868
867 869
867 870
867 871
867 912
868 869
868 870
868 871
869 870
869 871
870 871
871 880
872 873
872 874
872 875
872 876
872 877
872 878
872 879
873 874
873 875
873 876
873 877
873 878
873 879
874 875
874 876
874 877
874 878
874 879
875 876
875 877
875 878
875 879
876 877
876 878
876 879
877 878
877 879
878 879
881 882
881 883
881 884
881 885
881 886
881 887
881 950
882 883
882 884
882 885
882 886
882 887
883 884
883 885
883 886
883 887
884 885
884 886
884 887
885 886
885 887
886 887
888 889
888 890
888 891
889 890
889 891
889 900
889 936
890 891
891 915
891 973
892 893
893 931
893 948
894 895
894 896
894 932
895 896
896 965
897 944
898 899
898 900
898 901
898 902
898 903
898 904
899 900
899 901
899 902
899 903
899 904
900 901
900 902
900 903
900 904
901 902
901 903
901 904
902 903
902 904
903 904
905 906
905 907
905 908
905 909
905 910
905 911
905 927
906 907
906 908
906 909
906 910
906 911
906 931
907 908
907 909
907 910
907 911
908 909
908 910
908 911
909 910
909 911
910 911
912 913
912 914
912 915
912 916
912 917
913 914
913 915
913 916
913 917
914 915
914 916
914 917
915 916
915 917
916 917
919 920
919 921
919 922
920 921
920 922
921 922
923 967
924 967
925 926
927 928
927 929
927 930
928 929
928 930
929 930
931 932
931 950
932 991
933 934
933 935
933 936
934 935
934 936
935 936
937 938
937 939
937 940
937 941
938 939
938 940
938 941
939 940
939 941
940 941
941 983
942 943
942 944
942 945
942 946
943 944
943 945
943 946
944 945
944 946
945 946
947 948
947 949
948 949
950 951
952 953
952 954
952 955
952 956
952 957
952 958
952 959
953 954
953 955
953 956
953 957
953 958
953 959
954 955
954 956
954 957
954 958
954 959
955 956
955 957
955 958
955 959
956 957
956 958
956 959
957 958
957 959
958 959
960 961
960 962
960 963
960 964
960 965
960 966
961 962
961 963
961 964
961 965
961 966
962 963
962 964
962 965
962 966
963 964
963 965
963 966
964 965
964 966
965 966
967 968
970 971
970 972
970 973
970 974
971 972
971 973
971 974
972 973
972 974
973 974
975 976
975 977
975 978
975 979
975 980
975 981
975 982
976 977
976 978
976 979
976 980
976 981
976 982
977 978
977 979
977 980
977 981
977 982
978 979
978 980
978 981
978 982
979 980
979 981
979 982
980 981
980 982
981 982
983 984
985 986
985 987
985 988
985 989
986 987
986 988
986 989
987 988
987 989
988 989
990 991
990 992
991 992
993 994
993 995
993 996
993 997
993 998
994 995
994 996
994 997
994 998
995 996
995 997
995 998
996 997
996 998
997 998
