998 3483
1 2
1 3
1 4
1 71
1 120
1 388
1 958
2 3
2 4
2 209
2 225
2 271
2 740
3 4
3 814
3 815
3 816
3 817
4 11
4 73
4 283
4 887
5 6
5 7
5 8
5 9
5 107
5 688
5 730
6 7
6 8
6 9
6 154
6 404
6 564
7 8
7 9
7 131
7 683
7 875
8 9
8 627
8 653
8 703
9 539
9 739
9 755
10 11
10 135
10 371
10 400
10 608
10 664
10 962
11 162
11 257
11 551
11 605
11 694
12 13
12 14
12 15
12 16
12 17
12 18
12 883
13 14
13 15
13 16
13 17
13 18
13 47
14 15
14 16
14 17
14 18
14 564
15 16
15 17
15 18
15 557
16 17
16 18
16 507
17 18
17 150
18 373
19 20
19 21
19 22
19 23
19 24
19 25
19 26
20 21
20 22
20 23
20 24
20 25
20 26
21 22
21 23
21 24
21 25
21 26
22 23
22 24
22 25
22 26
23 24
23 25
23 26
24 25
24 26
25 26
27 28
27 29
27 150
27 235
27 341
27 888
27 991
28 29
28 118
28 212
28 380
28 429
28 816
29 67
29 627
29 652
29 671
29 962
30 31
30 161
30 206
30 226
30 432
30 538
30 657
31 63
31 412
31 563
31 730
31 750
31 918
32 33
32 89
32 132
32 149
32 510
32 516
32 562
33 46
33 78
33 435
33 461
33 650
33 961
34 226
34 307
34 330
34 540
34 560
34 705
34 961
35 36
35 37
35 38
35 39
35 40
35 41
35 67
36 37
36 38
36 39
36 40
36 41
36 959
37 38
37 39
37 40
37 41
37 400
38 39
38 40
38 41
38 981
39 40
39 41
39 729
40 41
40 860
41 492
42 43
42 44
42 45
42 46
42 825
42 877
42 938
43 44
43 45
43 46
43 92
43 481
43 580
44 45
44 46
44 333
44 380
44 408
45 46
45 347
45 768
45 905
46 389
46 835
47 288
47 323
47 521
47 675
47 811
47 911
48 49
48 50
48 51
48 338
48 706
48 879
48 956
49 50
49 51
49 262
49 304
49 676
49 904
50 51
50 322
50 390
50 939
50 979
51 178
51 343
51 433
51 576
52 53
52 54
52 55
52 56
52 57
52 702
52 869
53 54
53 55
53 56
53 57
53 211
53 755
54 55
54 56
54 57
54 697
54 963
55 56
55 57
55 636
55 936
56 57
56 260
56 578
57 117
57 172
58 59
58 60
58 61
58 62
58 162
58 463
58 492
59 60
59 61
59 62
59 335
59 435
59 788
60 61
60 62
60 594
60 917
60 981
61 62
61 83
61 415
61 431
62 105
62 487
62 903
63 64
63 65
63 110
63 443
63 635
63 648
64 65
64 332
64 395
64 457
64 551
64 655
65 85
65 211
65 385
65 910
65 951
66 67
66 136
66 157
66 214
66 291
66 565
66 885
67 94
67 513
67 634
67 992
68 69
68 70
68 71
68 72
68 206
68 697
68 813
69 70
69 71
69 72
69 181
69 272
69 730
70 71
70 72
70 520
70 650
70 904
71 72
71 150
71 773
72 790
72 966
72 979
73 74
73 75
73 76
73 130
73 515
73 973
74 75
74 76
74 87
74 93
74 811
74 965
75 76
75 362
75 386
75 743
75 979
76 224
76 438
76 648
76 686
77 123
77 436
77 459
77 581
77 685
77 698
77 872
78 79
78 80
78 81
78 82
78 341
78 834
79 80
79 81
79 82
79 449
79 885
79 902
80 81
80 82
80 626
80 705
80 938
81 82
81 487
81 517
81 751
82 84
82 910
82 998
83 84
83 85
83 86
83 87
83 271
83 345
84 85
84 86
84 87
84 368
84 696
85 86
85 87
85 309
85 669
86 87
86 738
86 743
86 869
87 661
87 837
88 89
88 90
88 91
88 300
88 360
88 638
88 883
89 90
89 91
89 273
89 745
89 906
90 91
90 427
90 462
90 826
90 857
91 171
91 628
91 650
91 771
92 93
92 94
92 327
92 669
92 863
92 875
93 94
93 166
93 308
93 337
93 472
94 226
94 289
94 336
94 936
95 96
95 97
95 98
95 99
95 251
95 504
95 837
96 97
96 98
96 99
96 393
96 554
96 579
97 98
97 99
97 727
97 751
97 980
98 99
98 111
98 299
98 957
99 193
99 608
99 913
100 101
100 102
100 103
100 104
100 152
100 346
100 777
101 102
101 103
101 104
101 217
101 652
101 980
102 103
102 104
102 126
102 221
102 492
103 104
103 360
103 380
103 739
104 263
104 549
104 730
105 106
105 107
105 108
105 109
105 110
105 390
106 107
106 108
106 109
106 110
106 265
106 525
107 108
107 109
107 110
107 456
108 109
108 110
108 310
108 488
109 110
109 119
109 359
110 905
111 112
111 135
111 190
111 332
111 667
111 833
112 147
112 345
112 474
112 544
112 631
112 814
113 114
113 115
113 116
113 117
113 118
113 522
113 912
114 115
114 116
114 117
114 118
114 966
114 981
115 116
115 117
115 118
115 225
115 472
116 117
116 118
116 636
117 118
117 563
118 821
119 120
119 121
119 122
119 123
119 124
119 125
120 121
120 122
120 123
120 124
120 125
121 122
121 123
121 124
121 125
121 373
122 123
122 124
122 125
122 518
123 124
123 125
124 125
124 880
125 350
126 127
126 128
126 129
126 509
126 826
126 974
127 128
127 129
127 343
127 485
127 490
127 742
128 129
128 253
128 372
128 669
128 950
129 538
129 697
129 740
129 937
130 131
130 132
130 318
130 432
130 433
130 434
131 132
131 447
131 460
131 665
131 672
132 171
132 324
132 652
132 871
133 134
133 135
133 136
133 310
133 520
133 539
133 628
134 135
134 136
134 366
134 697
134 752
134 784
135 136
135 217
135 810
136 211
136 519
136 916
137 138
137 139
137 140
137 141
137 142
137 143
137 144
138 139
138 140
138 141
138 142
138 143
138 144
139 140
139 141
139 142
139 143
139 144
140 141
140 142
140 143
140 144
141 142
141 143
141 144
142 143
142 144
143 144
145 146
145 147
145 148
145 149
145 216
145 257
145 674
146 147
146 148
146 149
146 340
146 752
146 939
147 148
147 149
147 607
147 741
148 149
148 780
148 789
148 883
149 207
149 668
150 151
150 591
150 812
150 872
151 429
151 525
151 526
151 527
151 666
151 967
152 153
152 154
152 155
152 156
152 282
152 513
153 154
153 155
153 156
153 186
153 262
153 478
154 155
154 156
154 213
154 418
155 156
155 578
155 674
155 698
156 175
156 288
156 941
157 343
157 344
157 345
157 479
157 834
157 886
158 159
158 160
158 161
158 162
158 225
158 609
158 865
159 160
159 161
159 162
159 183
159 371
159 428
160 161
160 162
160 286
160 434
160 637
161 162
161 490
161 818
162 957
163 164
163 165
163 166
163 167
163 187
163 479
163 831
164 165
164 166
164 167
164 403
164 502
164 911
165 166
165 167
165 798
165 807
165 898
166 167
166 192
166 713
167 368
167 636
167 916
168 169
168 170
168 171
168 408
168 413
168 481
168 878
169 170
169 171
169 216
169 438
169 593
169 687
170 171
170 490
170 814
170 957
170 976
171 769
171 822
172 173
172 174
172 175
172 176
172 177
172 178
173 174
173 175
173 176
173 177
173 178
173 376
174 175
174 176
174 177
174 178
174 434
175 176
175 177
175 178
176 177
176 178
176 188
177 178
177 873
179 180
179 181
179 182
179 183
179 184
179 185
179 521
180 181
180 182
180 183
180 184
180 185
180 713
181 182
181 183
181 184
181 185
182 183
182 184
182 185
182 605
183 184
183 185
184 185
184 542
185 360
186 187
186 188
186 189
186 190
186 524
186 656
187 188
187 189
187 190
187 565
187 877
188 189
188 190
188 502
188 819
189 190
189 323
189 347
189 519
190 319
190 887
191 192
191 193
191 194
191 195
191 196
191 197
191 967
192 193
192 194
192 195
192 196
192 197
193 194
193 195
193 196
193 197
194 195
194 196
194 197
194 971
195 196
195 197
195 952
196 197
196 255
197 328
198 199
198 200
198 201
198 202
198 203
198 204
198 205
199 200
199 201
199 202
199 203
199 204
199 205
200 201
200 202
200 203
200 204
200 205
201 202
201 203
201 204
201 205
202 203
202 204
202 205
203 204
203 205
204 205
206 207
206 208
206 255
206 521
206 562
207 208
207 220
207 485
207 664
207 818
208 656
208 746
208 868
208 886
208 958
209 210
209 211
209 212
209 257
209 359
209 810
210 211
210 212
210 455
210 491
210 701
210 902
211 212
211 563
212 289
212 321
212 626
213 214
213 215
213 216
213 217
213 330
213 427
214 215
214 216
214 217
214 396
214 488
215 216
215 217
215 336
215 458
215 913
216 217
216 723
217 808
218 219
218 220
218 221
218 222
218 434
218 662
218 699
219 220
219 221
219 222
219 388
219 522
219 956
220 221
220 222
220 528
220 780
221 222
221 480
222 271
222 513
223 288
223 312
223 322
223 713
223 910
223 958
223 967
224 225
224 319
224 783
224 829
224 834
224 952
225 709
225 965
225 967
226 448
226 515
226 652
226 795
227 228
227 229
227 230
227 231
227 232
227 233
227 234
228 229
228 230
228 231
228 232
228 233
228 234
229 230
229 231
229 232
229 233
229 234
230 231
230 232
230 233
230 234
231 232
231 233
231 234
232 233
232 234
233 234
235 236
235 237
235 238
235 239
235 748
235 818
236 237
236 238
236 239
236 289
236 816
236 919
237 238
237 239
237 653
238 239
238 503
238 639
238 792
239 295
239 430
239 454
240 241
240 242
240 243
240 244
240 245
240 246
240 247
241 242
241 243
241 244
241 245
241 246
241 247
242 243
242 244
242 245
242 246
242 247
243 244
243 245
243 246
243 247
244 245
244 246
244 247
245 246
245 247
246 247
248 249
248 250
248 251
248 252
248 253
248 702
249 250
249 251
249 252
249 253
249 463
249 713
250 251
250 252
250 253
250 638
250 868
251 252
251 253
251 368
252 253
252 262
252 271
253 689
254 255
254 256
254 447
254 448
254 449
254 524
254 545
255 256
255 447
255 448
255 449
256 447
256 448
256 449
256 807
256 967
257 258
257 259
257 260
257 778
258 259
258 260
258 545
258 657
258 881
258 969
259 260
259 370
259 660
259 875
259 956
260 417
260 639
260 904
261 262
261 287
261 366
261 400
261 540
261 632
261 912
262 551
262 658
262 669
263 264
263 265
263 266
263 267
263 268
263 269
264 265
264 266
264 267
264 268
264 269
264 575
265 266
265 267
265 268
265 269
266 267
266 268
266 269
266 751
267 268
267 269
267 411
268 269
268 475
269 699
270 271
270 272
270 273
270 320
270 338
270 697
270 791
271 272
271 273
272 273
272 693
272 864
272 940
273 438
273 564
273 893
274 275
274 276
274 277
274 278
274 279
274 280
274 281
275 276
275 277
275 278
275 279
275 280
275 281
276 277
276 278
276 279
276 280
276 281
277 278
277 279
277 280
277 281
278 279
278 280
278 281
279 280
279 281
280 281
282 283
282 284
282 285
282 286
282 392
282 581
283 284
283 285
283 286
283 517
283 896
284 285
284 286
284 289
284 409
284 674
285 286
285 329
285 576
285 826
286 492
286 939
287 288
287 289
287 476
287 610
287 700
287 812
288 289
288 293
288 874
289 833
290 291
290 292
290 293
290 294
290 295
290 360
290 749
291 292
291 293
291 294
291 295
291 331
292 293
292 294
292 295
292 523
292 955
293 294
293 295
293 408
294 295
294 321
294 367
295 555
296 297
296 298
296 299
296 300
296 301
296 302
296 665
297 298
297 299
297 300
297 301
297 302
297 878
298 299
298 300
298 301
298 302
298 680
299 300
299 301
299 302
300 301
300 302
301 302
301 671
302 764
303 304
303 305
303 306
303 307
303 308
303 780
303 937
304 305
304 306
304 307
304 308
304 951
305 306
305 307
305 308
305 649
305 675
306 307
306 308
306 396
306 704
307 308
307 812
308 939
309 310
309 311
309 312
309 480
309 750
309 870
310 311
310 312
310 363
310 417
311 312
311 386
311 473
311 548
311 662
312 428
312 552
312 703
313 314
313 315
313 316
313 317
313 318
313 912
313 954
314 315
314 316
314 317
314 318
314 543
314 550
315 316
315 317
315 318
315 886
315 887
316 317
316 318
316 442
316 734
317 318
317 344
317 938
318 616
319 320
319 398
319 447
319 906
319 919
320 372
320 414
320 417
320 779
320 874
321 400
321 460
321 783
321 828
321 872
322 323
322 324
322 325
322 493
322 957
323 324
323 325
323 880
323 936
324 325
324 330
324 401
324 778
325 399
325 456
325 502
325 671
326 327
326 328
326 329
326 330
326 472
326 473
326 474
327 328
327 329
327 330
327 697
327 779
328 329
328 330
328 335
328 974
329 330
329 334
329 753
331 332
331 333
331 334
331 564
331 693
331 903
332 333
332 334
332 475
332 940
333 334
333 359
333 473
333 996
334 456
334 672
334 968
335 336
335 503
335 517
335 785
335 967
336 450
336 548
336 766
336 980
337 338
337 339
337 340
337 341
337 342
337 688
338 339
338 340
338 341
338 342
339 340
339 341
339 342
339 827
339 861
340 341
340 342
340 971
341 342
342 359
342 521
343 344
343 345
343 637
343 690
344 345
344 349
344 369
344 432
345 524
345 969
346 347
346 348
346 349
346 350
346 783
346 908
347 348
347 349
347 350
347 474
348 349
348 350
348 359
348 503
348 675
349 350
349 491
349 939
350 979
350 998
351 352
351 353
351 354
351 355
351 356
351 357
351 358
352 353
352 354
352 355
352 356
352 357
352 358
353 354
353 355
353 356
353 357
353 358
354 355
354 356
354 357
354 358
355 356
355 357
355 358
356 357
356 358
357 358
359 872
359 882
360 452
360 561
360 653
361 362
361 363
361 364
361 365
361 366
361 493
361 649
362 363
362 364
362 365
362 366
362 544
363 364
363 365
363 366
363 866
364 365
364 366
364 409
364 592
365 366
365 834
365 874
367 368
367 437
367 615
367 659
367 941
367 977
368 410
368 576
368 906
369 370
369 371
369 372
369 373
369 658
369 836
370 371
370 372
370 373
370 515
370 704
371 372
371 373
371 794
372 373
372 712
373 940
374 375
374 376
374 377
374 378
374 379
374 549
374 687
375 376
375 377
375 378
375 379
375 409
376 377
376 378
376 379
376 626
377 378
377 379
377 710
377 764
378 379
378 907
378 915
379 608
379 826
380 519
380 541
380 787
380 982
381 382
381 383
381 384
381 385
381 386
381 694
381 854
382 383
382 384
382 385
382 386
382 483
382 580
383 384
383 385
383 386
383 745
383 889
384 385
384 386
384 729
384 738
385 386
385 684
387 388
387 389
387 390
387 391
387 413
387 547
387 778
388 389
388 390
388 391
388 559
389 390
389 391
389 660
389 743
390 391
390 971
391 538
391 651
391 832
392 393
392 394
392 395
392 396
392 397
392 628
393 394
393 395
393 396
393 397
393 953
394 395
394 396
394 397
394 505
394 611
395 396
395 397
395 739
396 397
397 418
397 808
398 399
398 400
398 517
398 553
398 744
398 753
399 400
399 433
399 581
399 673
399 938
400 648
401 402
401 403
401 404
401 405
401 406
401 407
402 403
402 404
402 405
402 406
402 407
402 638
403 404
403 405
403 406
403 407
404 405
404 406
404 407
405 406
405 407
405 673
406 407
406 884
407 963
408 409
408 416
408 538
408 562
409 607
409 653
409 809
410 411
410 412
410 413
410 414
410 607
410 818
411 412
411 413
411 414
411 742
411 909
412 413
412 414
412 868
412 902
413 414
413 649
414 518
414 691
415 416
415 417
415 418
415 650
416 417
416 418
416 432
416 549
416 881
417 418
417 522
418 547
418 638
419 420
419 421
419 422
419 423
419 424
419 425
419 426
420 421
420 422
420 423
420 424
420 425
420 426
421 422
421 423
421 424
421 425
421 426
422 423
422 424
422 425
422 426
423 424
423 425
423 426
424 425
424 426
425 426
427 428
427 429
427 430
427 431
427 463
428 429
428 430
428 431
428 729
429 430
429 431
429 704
430 431
430 733
430 917
431 824
431 835
432 433
432 434
432 966
433 434
433 685
433 740
434 504
435 436
435 437
435 438
435 439
435 523
436 437
436 438
436 439
436 874
436 902
437 438
437 439
437 547
437 807
438 439
439 625
439 938
439 965
440 441
440 442
440 443
440 444
440 445
440 446
440 707
441 442
441 443
441 444
441 445
441 446
441 743
442 443
442 444
442 445
442 446
443 444
443 445
443 446
444 445
444 446
444 520
445 446
445 649
446 982
447 448
447 449
448 449
448 484
449 608
450 451
450 452
450 453
450 454
450 455
450 873
451 452
451 453
451 454
451 455
451 705
452 453
452 454
452 455
452 502
453 454
453 455
453 769
453 831
454 455
454 817
455 870
456 577
456 678
456 701
456 982
457 458
457 459
457 460
457 461
457 462
457 652
458 459
458 460
458 461
458 462
458 789
459 460
459 461
459 462
459 781
460 461
460 462
461 462
461 918
462 767
463 553
463 815
463 880
463 959
464 465
464 466
464 467
464 468
464 469
464 470
464 471
465 466
465 467
465 468
465 469
465 470
465 471
466 467
466 468
466 469
466 470
466 471
467 468
467 469
467 470
467 471
468 469
468 470
468 471
469 470
469 471
470 471
472 473
472 474
472 777
472 955
473 474
473 578
473 884
474 605
474 746
475 476
475 477
475 478
475 479
475 480
476 477
476 478
476 479
476 480
476 970
477 478
477 479
477 480
477 692
477 973
478 479
478 480
478 862
479 480
481 482
481 483
481 484
481 485
481 486
482 483
482 484
482 485
482 486
482 732
482 936
483 484
483 485
483 486
483 656
484 485
484 486
484 899
485 486
486 672
486 907
487 488
487 489
487 490
487 491
487 690
488 489
488 490
488 491
488 595
489 490
489 491
489 504
489 524
489 979
490 491
491 548
492 493
492 519
492 548
493 574
493 653
493 684
493 797
494 495
494 496
494 497
494 498
494 499
494 500
494 501
495 496
495 497
495 498
495 499
495 500
495 501
496 497
496 498
496 499
496 500
496 501
497 498
497 499
497 500
497 501
498 499
498 500
498 501
499 500
499 501
500 501
502 503
502 504
502 505
503 504
503 505
503 704
504 505
504 667
505 668
505 774
505 872
506 507
506 508
506 509
506 510
506 511
506 512
506 887
507 508
507 509
507 510
507 511
507 512
508 509
508 510
508 511
508 512
508 952
509 510
509 511
509 512
510 511
510 512
511 512
511 768
512 528
513 514
513 515
513 516
513 552
514 515
514 516
514 651
514 730
514 781
514 960
515 516
515 994
516 590
516 903
516 970
517 518
517 520
517 651
518 636
518 743
518 827
518 870
519 724
519 813
519 834
520 574
520 739
520 807
521 829
521 836
521 998
522 523
522 524
522 605
522 965
523 524
523 565
523 607
523 785
524 811
525 526
525 527
525 648
525 666
525 955
526 527
526 576
526 666
526 815
526 941
527 552
527 666
527 791
527 982
528 558
528 705
528 817
528 886
528 905
529 530
529 531
529 532
529 533
529 534
529 535
529 536
530 531
530 532
530 533
530 534
530 535
530 536
531 532
531 533
531 534
531 535
531 536
532 533
532 534
532 535
532 536
533 534
533 535
533 536
534 535
534 536
535 536
537 538
537 539
537 540
537 565
537 629
537 828
537 976
538 539
538 540
539 540
539 690
539 808
540 713
540 982
541 542
541 543
541 544
541 545
541 546
541 880
542 543
542 544
542 545
542 546
542 909
543 544
543 545
543 546
543 871
544 545
544 546
545 546
546 742
546 904
547 725
547 818
547 827
547 858
548 549
548 740
548 775
549 688
549 748
549 752
550 551
550 552
550 553
550 554
550 737
550 950
551 552
551 553
551 554
552 553
552 554
553 554
553 747
554 606
554 879
555 556
555 557
555 558
555 559
555 560
555 561
556 557
556 558
556 559
556 560
556 561
556 879
557 558
557 559
557 560
557 561
558 559
558 560
558 561
559 560
559 561
560 561
562 563
562 564
562 565
563 564
563 565
563 782
564 565
566 567
566 568
566 569
566 570
566 571
566 572
566 573
567 568
567 569
567 570
567 571
567 572
567 573
568 569
568 570
568 571
568 572
568 573
569 570
569 571
569 572
569 573
570 571
570 572
570 573
571 572
571 573
572 573
574 575
574 576
574 577
574 689
574 970
575 576
575 577
575 880
575 903
575 915
576 577
577 662
577 786
577 940
578 579
578 580
578 581
578 695
579 580
579 581
579 765
579 908
580 581
580 639
581 950
582 583
582 584
582 585
582 586
582 587
582 588
582 589
583 584
583 585
583 586
583 587
583 588
583 589
584 585
584 586
584 587
584 588
584 589
585 586
585 587
585 588
585 589
586 587
586 588
586 589
587 588
587 589
588 589
590 591
590 592
590 593
590 594
590 595
590 596
591 592
591 593
591 594
591 595
591 596
592 593
592 594
592 595
592 596
593 594
593 595
593 596
594 595
594 596
595 596
596 877
597 598
597 599
597 600
597 601
597 602
597 603
597 604
598 599
598 600
598 601
598 602
598 603
598 604
599 600
599 601
599 602
599 603
599 604
600 601
600 602
600 603
600 604
601 602
601 603
601 604
602 603
602 604
603 604
605 808
605 830
605 879
606 607
606 608
606 609
606 685
606 705
606 827
607 608
607 609
608 609
609 891
609 901
610 611
610 612
610 613
610 614
610 615
610 616
611 612
611 613
611 614
611 615
611 616
612 613
612 614
612 615
612 616
612 886
613 614
613 615
613 616
613 661
614 615
614 616
614 832
615 616
617 618
617 619
617 620
617 621
617 622
617 623
617 624
618 619
618 620
618 621
618 622
618 623
618 624
619 620
619 621
619 622
619 623
619 624
620 621
620 622
620 623
620 624
621 622
621 623
621 624
622 623
622 624
623 624
625 626
625 627
625 628
625 754
625 884
625 998
626 627
626 628
626 815
627 628
627 876
627 967
628 913
629 630
629 631
629 632
629 633
629 634
629 635
630 631
630 632
630 633
630 634
630 635
630 972
631 632
631 633
631 634
631 635
632 633
632 634
632 635
633 634
633 635
633 835
634 635
636 637
636 638
636 639
637 638
637 639
637 663
638 639
639 807
640 641
640 642
640 643
640 644
640 645
640 646
640 647
641 642
641 643
641 644
641 645
641 646
641 647
642 643
642 644
642 645
642 646
642 647
643 644
643 645
643 646
643 647
644 645
644 646
644 647
645 646
645 647
646 647
648 649
648 650
648 651
649 650
649 651
650 651
651 689
652 695
652 906
653 657
653 982
654 655
654 656
654 657
654 658
654 788
654 809
654 939
655 656
655 657
655 658
655 665
655 954
656 657
656 658
657 658
658 729
659 660
659 661
659 662
659 663
659 744
659 816
660 661
660 662
660 663
660 755
661 662
661 663
661 777
662 663
663 731
663 790
664 665
664 666
664 667
664 906
664 909
665 666
665 667
665 870
666 667
667 754
667 980
668 669
668 670
668 671
668 955
668 969
669 670
669 671
670 671
670 827
670 830
670 964
670 977
671 744
672 673
672 674
672 675
672 980
673 674
673 675
673 711
673 830
674 675
674 779
675 911
676 677
676 678
676 679
676 680
676 681
676 682
677 678
677 679
677 680
677 681
677 682
677 713
678 679
678 680
678 681
678 682
679 680
679 681
679 682
679 998
680 681
680 682
681 682
681 738
682 958
683 684
683 685
683 686
683 687
683 979
683 981
684 685
684 686
684 687
684 894
685 686
685 687
686 687
686 817
686 978
687 936
688 689
688 690
688 741
688 911
689 690
689 836
689 914
690 876
690 906
691 692
691 693
691 694
691 695
691 696
691 831
692 693
692 694
692 695
692 696
693 694
693 695
693 696
694 695
694 696
695 696
696 965
697 705
698 699
698 700
698 701
698 702
698 703
699 700
699 701
699 702
699 703
700 701
700 702
700 703
700 998
701 702
701 703
702 703
704 705
704 828
704 879
706 707
706 708
706 709
706 710
706 711
706 712
707 708
707 709
707 710
707 711
707 712
708 709
708 710
708 711
708 712
708 937
709 710
709 711
709 712
710 711
710 712
711 712
713 875
714 715
714 716
714 717
714 718
714 719
714 720
714 721
715 716
715 717
715 718
715 719
715 720
715 721
716 717
716 718
716 719
716 720
716 721
717 718
717 719
717 720
717 721
718 719
718 720
718 721
719 720
719 721
720 721
722 723
722 724
722 725
722 726
722 727
722 728
722 828
723 724
723 725
723 726
723 727
723 728
724 725
724 726
724 727
724 728
725 726
725 727
725 728
726 727
726 728
726 968
727 728
728 766
729 730
729 909
729 958
730 975
731 732
731 733
731 734
731 735
731 736
731 737
732 733
732 734
732 735
732 736
732 737
733 734
733 735
733 736
733 737
734 735
734 736
734 737
735 736
735 737
735 835
736 737
736 808
738 739
738 740
738 741
738 876
739 740
739 741
740 741
741 957
741 964
742 743
742 744
742 836
742 887
743 744
744 885
744 966
745 746
745 747
745 748
745 749
745 750
746 747
746 748
746 749
746 750
747 748
747 749
747 750
747 941
748 749
748 750
749 750
749 793
751 752
751 753
751 754
751 755
752 753
752 754
752 755
753 754
753 755
753 913
754 755
754 778
756 757
756 758
756 759
756 760
756 761
756 762
756 763
757 758
757 759
757 760
757 761
757 762
757 763
758 759
758 760
758 761
758 762
758 763
759 760
759 761
759 762
759 763
760 761
760 762
760 763
761 762
761 763
762 763
764 765
764 766
764 767
764 768
764 769
765 766
765 767
765 768
765 769
765 912
766 767
766 768
766 769
767 768
767 769
767 859
768 769
770 771
770 772
770 773
770 774
770 775
770 776
770 998
771 772
771 773
771 774
771 775
771 776
772 773
772 774
772 775
772 776
772 832
773 774
773 775
773 776
774 775
774 776
775 776
776 871
777 778
777 779
777 780
777 972
778 779
778 780
779 780
779 782
780 814
781 782
781 783
781 784
781 785
781 813
782 783
782 784
782 785
782 941
783 784
783 785
784 785
784 877
785 966
786 787
786 788
786 789
786 790
786 791
786 911
787 788
787 789
787 790
787 791
787 826
788 789
788 790
788 791
789 790
789 791
790 791
792 793
792 794
792 795
792 796
792 797
792 798
793 794
793 795
793 796
793 797
793 798
794 795
794 796
794 797
794 798
795 796
795 797
795 798
796 797
796 798
796 993
797 798
799 800
799 801
799 802
799 803
799 804
799 805
799 806
800 801
800 802
800 803
800 804
800 805
800 806
801 802
801 803
801 804
801 805
801 806
802 803
802 804
802 805
802 806
803 804
803 805
803 806
804 805
804 806
805 806
807 808
807 809
808 900
809 810
809 811
809 812
809 813
810 811
810 812
810 813
810 938
811 812
811 813
812 813
814 815
814 816
814 817
815 816
815 817
816 817
818 878
818 907
819 820
819 821
819 822
819 823
819 824
819 825
820 821
820 822
820 823
820 824
820 825
820 872
821 822
821 823
821 824
821 825
822 823
822 824
822 825
823 824
823 825
823 881
824 825
826 827
826 828
827 828
828 951
829 830
829 831
829 832
829 833
829 941
830 831
830 832
830 833
831 832
831 833
832 833
833 910
834 855
834 937
835 836
835 837
835 878
836 837
836 939
837 868
837 876
837 997
838 839
838 840
838 841
838 842
838 843
838 844
838 845
839 840
839 841
839 842
839 843
839 844
839 845
840 841
840 842
840 843
840 844
840 845
841 842
841 843
841 844
841 845
842 843
842 844
842 845
843 844
843 845
844 845
846 847
846 848
846 849
846 850
846 851
846 852
846 853
847 848
847 849
847 850
847 851
847 852
847 853
848 849
848 850
848 851
848 852
848 853
849 850
849 851
849 852
849 853
850 851
850 852
850 853
851 852
851 853
852 853
854 855
854 856
854 857
854 858
854 859
854 860
855 856
855 857
855 858
855 859
855 860
856 857
856 858
856 859
856 860
856 936
857 858
857 859
857 860
858 859
858 860
859 860
861 862
861 863
861 864
861 865
861 866
861 867
862 863
862 864
862 865
862 866
862 867
863 864
863 865
863 866
863 867
864 865
864 866
864 867
865 866
865 867
866 867
867 937
868 869
868 870
868 871
869 870
869 871
869 956
870 871
871 960
872 954
873 874
873 875
873 876
873 953
873 981
874 875
874 876
875 876
877 878
877 879
877 886
878 879
878 980
880 965
880 968
881 882
881 883
881 884
881 885
882 883
882 884
882 885
882 914
882 981
883 884
883 885
884 885
886 887
887 897
888 889
888 890
888 891
888 892
888 893
888 894
889 890
889 891
889 892
889 893
889 894
890 891
890 892
890 893
890 894
890 906
891 892
891 893
891 894
892 893
892 894
892 940
893 894
895 896
895 897
895 898
895 899
895 900
895 901
895 953
896 897
896 898
896 899
896 900
896 901
897 898
897 899
897 900
897 901
898 899
898 900
898 901
899 900
899 901
900 901
902 903
902 904
902 905
903 904
903 905
904 905
905 907
907 908
907 909
907 910
908 909
908 910
908 913
908 972
909 910
911 912
911 913
912 913
912 995
914 915
914 916
914 917
914 918
914 919
915 916
915 917
915 918
915 919
916 917
916 918
916 919
917 918
917 919
918 919
920 921
920 922
920 923
920 924
920 925
920 926
920 927
921 922
921 923
921 924
921 925
921 926
921 927
922 923
922 924
922 925
922 926
922 927
923 924
923 925
923 926
923 927
924 925
924 926
924 927
925 926
925 927
926 927
928 929
928 930
928 931
928 932
928 933
928 934
928 935
929 930
929 931
929 932
929 933
929 934
929 935
930 931
930 932
930 933
930 934
930 935
931 932
931 933
931 934
931 935
932 933
932 934
932 935
933 934
933 935
934 935
936 958
937 938
937 978
940 941
940 966
942 943
942 944
942 945
942 946
942 947
942 948
942 949
943 944
943 945
943 946
943 947
943 948
943 949
944 945
944 946
944 947
944 948
944 949
945 946
945 947
945 948
945 949
946 947
946 948
946 949
947 948
947 949
948 949
950 951
950 952
950 953
950 954
951 952
951 953
951 954
952 953
952 954
953 954
955 956
955 957
955 958
956 957
959 960
959 961
959 962
959 963
959 964
960 961
960 962
960 963
960 964
961 962
961 963
961 964
962 963
962 964
963 964
965 966
968 969
968 970
968 971
968 972
969 970
969 971
969 972
970 971
970 972
971 972
973 974
973 975
973 976
973 977
973 978
974 975
974 976
974 977
974 978
975 976
975 977
975 978
976 977
976 978
977 978
979 980
981 982
983 984
983 985
983 986
983 987
983 988
983 989
983 990
984 985
984 986
984 987
984 988
984 989
984 990
985 986
985 987
985 988
985 989
985 990
986 987
986 988
986 989
986 990
987 988
987 989
987 990
988 989
988 990
989 990
991 992
991 993
991 994
991 995
991 996
991 997
992 993
992 994
992 995
992 996
992 997
993 994
993 995
993 996
993 997
994 995
994 996
994 997
995 996
995 997
996 997
