1000 1489
1 199
1 476
1 498
2 3
2 852
2 867
3 316
3 577
4 5
4 110
4 495
5 60
5 189
6 7
6 368
6 727
7 871
7 982
8 9
8 787
8 919
9 317
9 434
10 11
10 12
10 50
11 12
11 939
12 156
13 14
13 364
13 488
14 17
14 81
15 16
15 394
15 444
16 607
16 960
17 241
17 582
18 19
18 20
18 822
19 20
19 619
20 603
21 22
21 344
21 878
22 196
22 756
23 214
23 651
23 904
24 25
24 364
24 736
25 449
25 954
26 27
26 28
26 306
27 28
27 269
28 776
29 116
29 378
29 617
30 31
30 32
30 283
31 32
31 450
32 870
33 34
33 36
33 163
34 418
34 432
35 36
35 336
36 582
37 135
37 166
37 960
38 230
38 275
38 804
39 40
39 41
39 645
40 41
40 540
41 131
42 43
42 130
42 718
43 700
43 948
44 330
44 358
44 714
45 46
45 335
45 700
46 185
46 268
47 48
47 49
47 215
48 49
48 902
49 372
50 922
50 964
51 52
51 53
51 531
52 53
52 140
53 478
54 260
54 338
54 509
55 56
55 153
55 938
56 491
56 649
57 58
57 59
57 486
58 59
58 914
59 208
60 61
60 737
61 278
61 390
62 111
62 288
62 855
63 64
63 702
63 716
64 511
64 626
65 297
65 643
65 813
66 67
66 68
66 764
67 68
67 625
68 711
69 70
69 244
69 835
70 337
70 688
71 72
71 73
72 73
72 210
73 108
74 75
74 76
74 218
75 76
75 103
76 536
77 78
77 463
77 888
78 243
78 495
79 80
79 188
79 328
80 687
80 746
81 82
81 676
82 652
82 696
83 84
83 85
83 686
84 85
84 139
85 343
86 457
86 600
86 783
87 601
87 607
87 679
88 89
88 90
88 537
89 90
89 850
90 192
91 92
91 93
91 612
92 93
92 524
93 222
94 179
94 877
94 980
95 655
95 715
95 929
96 97
96 98
96 301
97 98
98 775
99 100
99 101
99 450
100 101
100 182
101 835
102 658
102 661
102 669
103 423
103 571
104 105
104 106
104 548
105 106
105 573
106 862
107 117
107 629
107 746
108 109
108 481
109 125
109 347
110 416
110 456
111 112
111 367
112 606
112 920
113 114
113 115
113 295
114 115
114 451
116 117
116 118
117 118
118 205
119 120
119 121
119 708
120 121
120 238
121 470
122 712
122 721
122 730
123 124
123 125
123 272
124 125
124 737
126 127
126 128
126 897
127 128
127 175
128 808
129 130
129 673
129 965
130 333
131 132
131 908
133 134
133 786
133 943
134 245
134 760
135 136
135 137
136 137
136 770
137 474
138 139
138 390
138 888
139 263
140 369
140 424
141 142
141 143
141 232
142 143
142 332
143 387
144 145
144 146
144 916
145 146
145 989
146 897
147 487
147 810
147 972
148 380
148 589
148 986
149 150
149 151
149 219
150 151
150 747
151 864
152 153
152 427
152 696
153 829
154 155
154 156
154 452
155 156
155 711
157 158
157 159
157 777
158 159
158 438
159 323
160 161
160 162
160 389
161 162
161 348
162 992
163 164
163 963
164 460
164 797
165 166
165 167
165 581
166 167
167 389
168 169
168 170
168 515
169 170
169 621
170 791
171 172
171 404
171 891
172 976
172 987
173 235
173 469
173 590
174 175
174 176
174 224
175 176
176 266
177 178
177 179
177 562
178 179
178 766
180 181
180 453
180 479
181 216
181 744
182 709
182 918
183 184
183 733
183 772
184 385
184 918
185 186
185 429
186 188
186 265
187 241
187 534
187 748
188 283
189 468
189 934
190 413
190 485
190 758
191 494
191 521
191 539
192 253
192 416
193 194
193 677
193 905
194 320
194 405
195 196
195 927
195 956
196 360
197 324
197 741
197 961
198 290
198 439
198 798
199 200
199 201
200 201
200 615
202 506
202 792
202 968
203 554
203 822
203 952
204 205
204 512
204 572
205 648
206 207
206 676
206 763
207 265
207 616
208 209
208 547
209 348
209 688
210 213
210 628
211 547
211 757
211 812
212 265
212 840
212 851
213 214
213 388
214 800
215 216
215 217
216 217
217 885
218 219
218 353
219 797
220 221
220 222
220 279
221 222
221 850
223 224
223 501
223 584
224 965
225 228
225 738
225 955
226 312
226 719
226 951
227 228
227 953
228 503
229 230
229 405
229 576
230 747
231 232
231 233
231 349
232 233
233 912
234 235
234 551
234 574
235 250
236 237
236 238
237 238
239 240
239 532
239 771
240 439
240 644
241 319
242 519
242 615
242 702
243 244
243 245
244 245
246 247
246 248
246 979
247 248
247 714
248 344
249 545
249 849
249 948
250 471
250 571
251 252
251 253
251 749
252 253
252 821
254 408
254 724
254 942
255 256
255 257
255 359
256 257
256 858
257 308
258 259
258 499
258 752
259 797
259 887
260 261
260 262
261 262
261 618
262 460
263 264
263 465
264 454
264 641
266 267
266 284
267 382
267 624
268 269
268 273
269 366
270 271
270 534
270 565
271 728
272 273
272 274
273 274
274 732
275 276
275 277
276 277
276 999
277 996
278 369
278 885
279 311
279 903
280 281
280 282
280 414
281 282
281 685
282 461
283 448
284 345
284 352
285 286
285 287
285 975
286 287
286 928
287 926
288 707
288 859
289 290
289 291
289 875
290 291
291 863
292 293
292 886
292 922
293 465
293 629
294 295
294 426
294 750
295 992
296 366
296 657
296 825
297 662
297 733
298 299
298 300
298 732
299 300
299 429
300 908
301 302
301 379
302 485
302 517
303 754
303 815
303 961
304 305
304 520
304 985
305 926
305 971
306 307
306 308
307 308
307 695
309 310
309 311
309 950
310 311
310 530
312 313
312 912
313 336
313 728
314 315
314 316
314 673
315 316
315 671
317 720
317 982
318 397
318 459
318 927
319 960
319 964
320 799
320 966
321 322
321 323
321 803
322 323
322 702
324 325
324 326
325 326
325 444
326 880
327 328
327 329
327 405
328 329
329 778
330 331
330 596
331 447
331 466
332 802
332 998
333 334
333 335
334 335
334 619
336 365
337 338
337 761
338 447
339 340
339 341
339 748
340 341
340 358
341 854
342 343
342 455
342 592
343 371
344 357
345 346
345 469
346 692
346 811
347 561
347 692
348 349
349 365
350 351
350 693
350 826
351 717
351 972
352 474
352 932
353 354
353 993
354 444
354 979
355 356
355 357
356 357
356 543
358 685
359 767
359 813
360 749
360 860
361 362
361 435
361 630
362 520
362 714
363 535
363 670
363 773
364 365
366 367
367 683
368 419
368 493
369 653
370 371
370 372
370 928
371 372
373 374
373 519
373 749
374 911
374 936
375 376
375 377
375 710
376 377
376 726
377 893
378 379
378 380
379 380
381 382
381 383
381 729
382 383
383 659
384 385
384 386
384 523
385 386
386 754
387 388
387 941
388 657
389 651
390 468
391 392
391 393
391 898
392 393
392 738
393 543
394 395
394 396
395 396
395 903
396 858
397 398
397 399
398 399
398 694
399 508
400 401
400 402
400 673
401 402
402 633
403 404
403 473
403 530
404 908
406 407
406 408
406 568
407 408
407 522
409 410
409 411
409 723
410 411
410 793
411 996
412 413
412 414
412 563
413 414
415 416
415 451
415 461
417 418
417 419
417 597
418 419
420 421
420 422
420 710
421 422
421 982
422 525
423 426
423 560
424 658
424 944
425 428
425 598
425 722
426 427
427 898
428 607
428 813
429 824
430 431
430 695
430 792
431 675
431 789
432 763
432 882
433 434
433 921
434 750
435 436
435 437
436 437
436 871
437 853
438 440
438 526
439 440
440 558
441 442
441 443
441 739
442 443
442 693
443 630
445 712
445 758
445 854
446 447
446 650
446 958
448 449
448 752
449 552
450 451
452 453
452 790
453 997
454 455
454 902
455 990
456 457
456 480
457 589
458 459
458 917
458 988
459 946
460 461
462 463
462 464
462 552
463 464
464 634
465 977
466 467
466 832
467 510
467 570
468 947
469 470
470 927
471 472
471 473
472 473
472 598
474 675
475 476
475 477
475 798
476 477
477 518
478 479
478 480
479 480
481 669
481 894
482 483
482 836
482 994
484 485
484 632
484 843
486 487
486 488
487 488
489 490
489 575
489 682
490 548
490 872
491 492
491 628
492 962
492 993
493 494
493 794
494 623
495 893
496 497
496 588
496 777
497 906
498 499
498 633
499 538
500 501
500 502
500 640
501 502
502 538
503 504
503 505
504 505
504 529
505 752
506 713
506 892
507 588
507 696
507 740
508 509
508 578
509 940
510 511
510 512
511 512
513 514
513 515
513 735
514 515
514 839
516 517
516 518
516 683
517 518
519 821
520 568
521 765
521 784
522 523
522 924
523 739
524 560
524 618
525 526
525 527
526 527
527 851
528 529
528 586
528 811
529 615
530 921
531 638
531 953
532 533
532 716
533 668
533 930
534 835
535 536
535 537
536 537
538 969
539 540
539 934
540 916
541 542
541 614
541 985
542 637
542 819
543 793
544 545
544 546
544 753
545 546
546 762
547 567
548 549
549 785
549 788
550 551
550 593
550 674
551 805
552 553
553 713
553 925
554 842
554 865
555 556
555 557
555 726
556 557
556 690
557 997
558 616
558 631
559 560
559 610
559 701
561 562
561 707
562 840
563 564
563 565
564 565
564 834
566 567
566 611
566 664
567 831
568 569
569 678
570 571
570 796
572 620
572 816
573 574
573 575
574 575
576 577
576 578
577 578
579 580
579 581
579 913
580 581
580 904
582 654
583 584
583 895
583 991
584 585
585 586
585 587
586 587
587 895
588 859
589 632
590 591
590 592
591 592
591 989
593 782
593 834
594 833
594 859
594 902
595 596
595 597
595 967
596 597
598 803
599 600
599 694
599 742
600 879
601 602
601 603
602 603
602 706
604 605
604 606
604 949
605 606
605 823
608 609
608 610
608 923
609 610
609 963
611 893
611 925
612 613
612 614
613 614
613 942
616 617
617 751
618 876
619 620
620 827
621 622
621 623
622 623
622 892
624 625
624 626
625 626
627 628
627 854
627 857
629 630
631 632
631 915
633 786
634 635
634 636
635 636
635 939
636 753
637 638
637 639
638 639
639 715
640 641
640 642
641 642
642 943
643 644
643 645
644 645
646 647
646 648
646 938
647 648
647 830
649 650
649 985
650 826
651 864
652 653
652 768
653 907
654 655
654 656
655 656
656 774
657 886
658 917
659 660
659 697
660 831
660 883
661 662
661 663
662 663
663 709
664 665
664 706
665 856
665 995
666 667
666 668
667 668
667 981
669 792
670 671
670 672
671 672
672 806
674 675
674 706
676 677
677 984
678 679
678 795
679 758
680 681
680 682
680 910
681 682
681 852
683 684
684 848
684 952
685 686
686 941
687 688
687 949
689 690
689 691
689 937
690 691
691 698
692 981
693 784
694 695
697 698
697 699
698 699
699 868
700 701
701 945
703 704
703 705
703 829
704 705
704 866
705 838
707 954
708 709
708 875
710 711
712 713
715 716
717 718
717 719
718 719
720 721
720 722
721 722
723 724
723 725
724 725
725 884
726 727
727 828
728 877
729 730
729 731
730 731
731 959
732 733
734 735
734 736
734 775
735 736
737 738
739 959
740 741
740 742
741 742
743 744
743 745
743 798
744 745
745 937
746 833
747 748
750 751
751 786
753 754
755 756
755 757
755 759
756 757
759 760
759 761
760 761
762 763
762 832
764 765
764 766
765 766
767 768
767 769
768 769
769 967
770 771
770 894
771 788
772 773
772 774
773 774
775 776
776 995
777 778
778 793
779 780
779 781
779 785
780 781
780 983
781 801
782 783
782 863
783 847
784 785
787 788
787 889
789 790
789 791
790 791
794 795
794 796
795 796
799 930
799 995
800 801
800 802
801 802
803 994
804 933
804 957
805 806
805 807
806 807
808 809
808 810
809 810
809 992
811 812
812 978
814 815
814 816
814 820
815 816
817 858
817 920
817 944
818 819
818 820
818 853
819 820
821 822
823 824
823 825
824 825
826 827
827 841
828 837
828 951
829 830
830 839
831 832
833 834
836 837
836 838
837 838
839 840
841 842
841 843
842 843
844 845
844 846
844 936
845 846
845 914
846 909
847 848
847 849
848 849
850 851
852 853
855 856
855 857
856 857
860 861
860 862
861 862
861 873
863 864
865 866
865 867
866 867
868 869
868 870
869 870
871 912
872 873
872 874
873 874
874 928
875 876
876 923
877 878
878 983
879 880
879 881
880 881
881 984
882 883
882 884
883 884
885 938
886 887
887 980
888 898
889 890
889 891
890 891
890 924
892 991
894 895
896 897
896 970
896 990
899 900
899 901
899 929
900 901
900 935
901 966
903 904
905 906
905 907
906 907
909 910
909 911
910 911
913 914
913 942
915 916
915 954
917 918
919 920
921 922
923 962
924 925
926 931
929 930
931 932
931 933
932 933
934 935
935 981
936 937
939 940
940 989
941 973
943 944
945 946
945 947
946 947
948 949
950 951
950 974
952 953
955 956
955 957
956 957
958 959
958 1000
961 962
963 971
964 965
966 967
968 969
968 970
969 970
971 972
973 974
973 975
974 975
976 977
976 978
977 978
979 980
983 984
986 987
986 988
987 988
990 991
993 994
996 997
998 999
998 1000
999 1000
