97
1000000 1  0 999999
1000000 1  0 0
1000000 1  999999 0
1000000 1  999999 999999
1000000 1  1 999999
1000000 1  0 1
1000000 1  999998 0
1000000 1  999999 999998
1000000 1  999998 999999
1000000 1  1 0
1000000 1  999999 1
1000000 1  0 999998
1000000 1  2 999999
1000000 1  0 2
1000000 1  999997 0
1000000 1  999999 999997
1000000 1  999997 999999
1000000 1  2 0
1000000 1  999999 2
1000000 1  0 999997
1000000 1  500000 999999
1000000 1  0 500000
1000000 1  499999 0
1000000 1  999999 499999
1000000 1  499999 999999
1000000 1  500000 0
1000000 1  999999 500000
1000000 1  0 499999
1000000 1  250000 999999
1000000 1  0 250000
1000000 1  749999 0
1000000 1  999999 749999
1000000 1  749999 999999
1000000 1  250000 0
1000000 1  999999 250000
1000000 1  0 749999
1000000 1  333333 999999
1000000 1  0 333333
1000000 1  666666 0
1000000 1  999999 666666
1000000 1  666666 999999
1000000 1  333333 0
1000000 1  999999 333333
1000000 1  0 666666
1000000 1  200000 999999
1000000 1  0 200000
1000000 1  799999 0
1000000 1  999999 799999
1000000 1  799999 999999
1000000 1  200000 0
1000000 1  999999 200000
1000000 1  0 799999
1000000 1  800000 999999
1000000 1  0 800000
1000000 1  199999 0
1000000 1  999999 199999
1000000 1  199999 999999
1000000 1  800000 0
1000000 1  999999 800000
1000000 1  0 199999
1000000 1  125000 999999
1000000 1  0 125000
1000000 1  874999 0
1000000 1  999999 874999
1000000 1  874999 999999
1000000 1  125000 0
1000000 1  999999 125000
1000000 1  0 874999
2 1  0 0
2 1  1 0
2 1  0 1
2 1  1 1
3 1  0 0
3 1  1 0
3 1  2 0
3 1  0 1
3 1  1 1
3 1  2 1
3 1  0 2
3 1  1 2
3 1  2 2
4 1  0 0
4 1  1 0
4 1  2 0
4 1  3 0
4 1  0 1
4 1  1 1
4 1  2 1
4 1  3 1
4 1  0 2
4 1  1 2
4 1  2 2
4 1  3 2
4 1  0 3
4 1  1 3
4 1  2 3
4 1  3 3
