100
40000
353
361
12
408
27
365
309
90
403
19277
2384
14090
13479
20344
30060
6556
29129
6040
38234
8563
34509
1529
5303
15155
16421
6875
26395
4230
30000
4672
31405
2433
18979
19375
29441
25624
19735
50
7161
1682
28759
27151
2650
38051
20314
1160
16193
13494
3070
21225
239
1484
3329
38781
1814
9417
21224
6278
11607
17992
37459
28305
750
19608
36685
29269
38912
20631
2475
18029
15589
4048
29888
26691
18147
28698
16452
24068
36202
6142
36064
14939
32079
3694
8719
20145
32432
35334
9827
32463
1462
32210
31790
38445
27003
6546
9679
24954
18135
