100
60000
18
85
138
309
353
42
357
12
547
12856
5293
24883
91
40836
794
36909
17903
5699
25762
15724
8622
36260
46771
18824
44015
54358
17693
46703
29617
57012
55264
25944
52121
21905
58752
17360
24138
6877
32674
36175
51073
35951
6652
29647
15397
9938
28948
37805
57810
10870
56576
36928
41581
34168
39420
6791
48493
56788
26398
37612
7936
20555
54374
13211
38876
18432
1909
5024
1558
29103
27173
23102
48198
57680
688
53839
29233
46017
34722
54695
23515
15491
2166
1321
58908
40411
10382
52694
26754
13340
53910
10872
2172
42777
57248
43978
22389
17072
21428
