100
100000
408
202
18
309
353
90
361
12
42
76857
34761
31201
35430
91307
51490
78301
47506
24160
11299
40479
11116
57775
88491
16400
20622
6249
54296
25375
69523
74995
27553
3828
15483
39119
45440
99959
30994
19283
70688
67929
32278
96390
86323
61828
66639
60871
71674
19603
18670
55193
69152
95844
49481
34163
4146
14964
27357
24576
18532
88144
16686
93190
81296
26910
87761
38182
43130
88054
97210
58731
84363
82680
18268
17420
77613
56924
41509
80396
80545
68870
17783
53836
8640
25777
45096
36933
13758
42145
21559
19235
950
53372
31333
60290
14577
96938
24164
14997
13327
