100
83948
84743
97084
95806
79254
53763
96657
95420
99232
99229
54041
76982
99216
74732
98020
97163
73242
98804
73608
92441
96736
97941
97591
98409
96310
75070
77732
96695
73985
73948
95424
97086
95844
97514
95885
97943
78098
78906
97122
96659
73613
74358
96269
98844
98373
97979
97550
93695
95808
74695
96233
98413
96699
98797
77720
97983
98366
96273
97554
95380
97126
74321
95848
97507
54029
95801
95377
97079
97936
61569
78869
96226
96652
97510
78481
97082
98800
78485
98369
99661
95804
97939
96229
73588
96655
94953
78102
94567
88357
82357
99228
98796
95376
98365
97506
97935
96225
97078
96651
95800
