996 3476
1 2
1 3
1 515
1 668
1 778
1 840
1 944
2 3
2 101
2 145
2 789
2 940
2 952
3 156
3 420
3 480
3 761
3 801
4 5
4 516
4 534
4 646
4 726
4 883
4 956
5 7
5 353
5 394
5 483
5 631
5 731
6 7
6 8
6 9
6 10
6 624
6 750
6 770
7 8
7 9
7 10
7 450
7 559
8 9
8 10
8 274
8 484
8 969
9 10
9 461
9 635
10 73
10 884
10 910
11 12
11 176
11 342
11 477
11 483
11 574
11 723
12 90
12 293
12 395
12 399
12 485
12 508
13 14
13 15
13 16
13 17
13 18
13 19
13 20
14 15
14 16
14 17
14 18
14 19
14 20
15 16
15 17
15 18
15 19
15 20
16 17
16 18
16 19
16 20
17 18
17 19
17 20
18 19
18 20
19 20
21 22
21 23
21 24
21 25
21 26
21 27
21 28
22 23
22 24
22 25
22 26
22 27
22 28
23 24
23 25
23 26
23 27
23 28
24 25
24 26
24 27
24 28
25 26
25 27
25 28
26 27
26 28
27 28
29 30
29 31
29 32
29 33
29 34
29 35
29 36
30 31
30 32
30 33
30 34
30 35
30 36
31 32
31 33
31 34
31 35
31 36
32 33
32 34
32 35
32 36
33 34
33 35
33 36
34 35
34 36
35 36
37 38
37 39
37 40
37 41
37 42
37 43
37 901
38 39
38 40
38 41
38 42
38 43
38 345
39 40
39 41
39 42
39 43
39 499
40 41
40 42
40 43
40 907
41 42
41 43
41 556
42 43
42 612
43 821
44 45
44 46
44 47
44 353
44 364
44 774
44 973
45 46
45 47
45 342
45 528
45 632
45 834
46 47
46 209
46 400
46 905
46 986
47 688
47 771
47 788
47 946
48 49
48 219
48 336
48 526
48 638
48 743
48 888
49 92
49 339
49 367
49 400
49 560
49 906
50 51
50 52
50 53
50 54
50 55
50 56
50 57
51 52
51 53
51 54
51 55
51 56
51 57
52 53
52 54
52 55
52 56
52 57
53 54
53 55
53 56
53 57
54 55
54 56
54 57
55 56
55 57
56 57
58 73
58 84
58 99
58 333
58 512
58 698
58 878
59 60
59 61
59 62
59 63
59 64
59 65
59 942
60 61
60 62
60 63
60 64
60 65
60 346
61 62
61 63
61 64
61 65
61 892
62 63
62 64
62 65
62 625
63 64
63 65
63 855
64 65
64 772
65 822
66 67
66 68
66 69
66 70
66 71
66 72
66 744
67 68
67 69
67 70
67 71
67 72
67 729
68 69
68 70
68 71
68 72
68 989
69 70
69 71
69 72
69 858
70 71
70 72
70 247
71 72
71 869
72 956
73 112
73 495
73 524
73 709
73 996
74 75
74 76
74 77
74 78
74 79
74 80
74 81
75 76
75 77
75 78
75 79
75 80
75 81
76 77
76 78
76 79
76 80
76 81
77 78
77 79
77 80
77 81
78 79
78 80
78 81
79 80
79 81
80 81
82 83
82 84
82 85
82 86
82 209
82 322
82 923
83 84
83 85
83 86
83 173
83 233
83 889
84 85
84 86
84 89
84 487
85 86
85 124
85 490
85 959
86 545
86 649
86 688
87 88
87 89
87 90
87 551
87 624
87 736
88 89
88 90
88 100
88 121
88 256
88 790
89 90
89 111
89 772
89 856
90 454
90 765
90 874
91 92
91 323
91 408
91 688
91 735
91 944
91 995
92 120
92 805
92 841
92 893
92 939
93 94
93 95
93 96
93 97
93 98
93 627
93 664
94 95
94 96
94 97
94 98
94 508
94 726
95 96
95 97
95 98
95 480
95 632
96 97
96 98
96 246
96 759
97 98
97 278
97 745
98 102
98 181
99 190
99 259
99 535
99 541
99 623
99 957
100 278
100 495
100 536
100 733
100 833
100 939
101 214
101 264
101 528
101 661
101 755
101 914
102 488
102 497
102 625
102 687
102 755
102 977
103 104
103 105
103 106
103 107
103 108
103 109
103 428
104 105
104 106
104 107
104 108
104 109
104 158
105 106
105 107
105 108
105 109
105 486
106 107
106 108
106 109
106 192
107 108
107 109
107 546
108 109
108 734
109 526
110 111
110 112
110 113
110 190
110 824
110 895
110 954
111 112
111 113
111 335
111 576
111 622
112 113
112 218
112 403
112 636
113 272
113 393
113 552
113 667
114 115
114 116
114 117
114 118
114 119
114 120
114 337
115 116
115 117
115 118
115 119
115 120
115 155
116 117
116 118
116 119
116 120
116 862
117 118
117 119
117 120
117 977
118 119
118 120
118 984
119 120
119 561
121 268
121 291
121 543
121 728
121 822
121 914
122 123
122 124
122 125
122 424
122 776
122 791
122 871
123 124
123 125
123 144
123 397
123 599
123 996
124 125
124 713
124 806
124 920
125 219
125 753
125 974
125 991
126 127
126 128
126 129
126 130
126 131
126 132
126 133
127 128
127 129
127 130
127 131
127 132
127 133
128 129
128 130
128 131
128 132
128 133
129 130
129 131
129 132
129 133
130 131
130 132
130 133
131 132
131 133
132 133
134 135
134 136
134 137
134 138
134 139
134 140
134 141
135 136
135 137
135 138
135 139
135 140
135 141
136 137
136 138
136 139
136 140
136 141
137 138
137 139
137 140
137 141
138 139
138 140
138 141
139 140
139 141
140 141
142 143
142 144
142 145
142 336
142 341
142 992
142 993
143 144
143 145
143 232
143 792
143 992
143 993
144 145
144 382
144 992
144 993
145 774
145 992
145 993
146 147
146 148
146 149
146 150
146 151
146 182
146 964
147 148
147 149
147 150
147 151
147 244
147 936
148 149
148 150
148 151
148 301
148 453
149 150
149 151
149 154
149 993
150 151
150 345
150 651
151 553
151 773
152 153
152 154
152 155
152 217
152 338
152 656
152 773
153 154
153 155
153 245
153 313
153 668
153 996
154 155
154 795
154 969
154 985
155 515
155 518
155 874
156 157
156 158
156 159
156 524
156 650
156 769
157 158
157 159
157 483
157 519
157 700
157 821
158 159
158 553
158 615
158 984
159 384
159 525
159 538
159 640
160 161
160 162
160 163
160 164
160 165
160 166
160 167
161 162
161 163
161 164
161 165
161 166
161 167
162 163
162 164
162 165
162 166
162 167
163 164
163 165
163 166
163 167
164 165
164 166
164 167
165 166
165 167
166 167
168 169
168 170
168 171
168 172
168 477
168 875
169 170
169 171
169 172
169 445
170 171
170 172
170 511
170 663
170 798
171 172
171 535
171 766
172 514
172 975
173 268
173 430
173 498
173 641
173 682
173 735
174 175
174 176
174 177
174 178
174 179
174 180
174 941
175 176
175 177
175 178
175 179
175 180
175 544
176 177
176 178
176 179
176 180
177 178
177 179
177 180
177 419
178 179
178 180
178 476
179 180
179 386
180 898
181 182
181 206
181 313
181 539
181 558
181 913
182 623
182 754
182 770
182 775
182 846
183 184
183 185
183 487
183 509
183 600
183 771
183 942
184 185
184 515
184 613
184 654
184 739
184 863
185 211
185 345
185 637
185 683
185 877
186 187
186 188
186 189
186 190
186 270
186 336
186 398
187 188
187 189
187 190
187 632
187 887
187 982
188 189
188 190
188 263
188 741
188 958
189 190
189 254
189 655
189 772
190 513
191 192
191 234
191 465
191 532
191 597
191 908
191 944
192 525
192 544
192 619
192 766
192 808
193 194
193 195
193 196
193 197
193 198
193 512
193 834
194 195
194 196
194 197
194 198
194 288
194 398
195 196
195 197
195 198
195 337
195 342
196 197
196 198
196 390
196 521
197 198
197 362
197 394
198 289
198 359
199 200
199 201
199 202
199 203
199 204
199 205
199 718
200 201
200 202
200 203
200 204
200 205
200 290
201 202
201 203
201 204
201 205
201 990
202 203
202 204
202 205
202 897
203 204
203 205
203 945
204 205
204 608
205 967
206 207
206 208
206 209
206 361
206 756
206 953
207 208
207 209
207 749
207 778
207 907
207 940
208 209
208 367
208 509
208 625
208 877
209 408
209 732
210 211
210 212
210 213
210 214
210 235
210 325
210 729
211 212
211 213
211 214
211 395
212 213
212 214
212 554
212 917
212 947
213 214
213 248
213 456
213 485
214 218
214 699
215 216
215 217
215 218
215 219
215 324
215 337
215 754
216 217
216 218
216 219
216 365
216 546
216 879
217 218
217 219
217 639
217 950
218 219
218 534
219 386
220 221
220 222
220 223
220 224
220 225
220 226
220 227
221 222
221 223
221 224
221 225
221 226
221 227
222 223
222 224
222 225
222 226
222 227
223 224
223 225
223 226
223 227
224 225
224 226
224 227
225 226
225 227
226 227
228 229
228 230
228 231
228 232
228 233
228 234
228 486
229 230
229 231
229 232
229 233
229 234
229 701
230 231
230 232
230 233
230 234
230 497
231 232
231 233
231 234
231 542
232 233
232 234
233 234
235 271
235 299
235 447
235 511
235 539
235 821
236 237
236 238
236 239
236 240
236 241
236 242
236 243
237 238
237 239
237 240
237 241
237 242
237 243
238 239
238 240
238 241
238 242
238 243
239 240
239 241
239 242
239 243
240 241
240 242
240 243
241 242
241 243
242 243
244 245
244 246
244 247
244 291
244 341
244 655
245 246
245 247
245 277
245 557
245 655
246 247
246 303
246 655
246 777
247 395
247 461
247 655
248 249
248 250
248 251
248 252
248 253
248 254
249 250
249 251
249 252
249 253
249 254
249 628
250 251
250 252
250 253
250 254
250 755
251 252
251 253
251 254
251 601
252 253
252 254
252 348
253 254
253 799
255 256
255 257
255 258
255 259
255 260
255 261
255 514
256 257
256 258
256 259
256 260
256 261
257 258
257 259
257 260
257 261
257 876
258 259
258 260
258 261
258 947
259 260
259 261
260 261
260 888
261 576
262 263
262 264
262 313
262 640
262 697
262 757
262 905
263 264
263 340
263 650
263 762
263 952
264 322
264 498
264 769
264 912
265 266
265 267
265 268
265 269
265 270
265 432
265 750
266 267
266 268
266 269
266 270
266 488
266 494
267 268
267 269
267 270
267 326
267 366
268 269
268 270
269 270
269 598
269 746
270 896
271 272
271 273
271 274
271 275
271 276
271 916
272 273
272 274
272 275
272 276
272 819
273 274
273 275
273 276
273 329
273 654
274 275
274 276
274 877
275 276
275 554
275 991
276 313
276 737
277 278
277 360
277 361
277 573
277 886
277 966
278 447
278 600
278 943
278 955
279 280
279 281
279 282
279 283
279 284
279 285
279 286
280 281
280 282
280 283
280 284
280 285
280 286
281 282
281 283
281 284
281 285
281 286
282 283
282 284
282 285
282 286
283 284
283 285
283 286
284 285
284 286
285 286
287 288
287 425
287 492
287 614
287 697
287 926
287 943
288 710
288 757
288 879
288 946
288 957
289 290
289 291
289 638
289 889
289 904
289 994
290 291
290 418
290 910
290 951
290 988
291 770
291 787
291 914
292 293
292 294
292 295
292 296
292 297
292 298
292 405
293 294
293 295
293 296
293 297
293 298
294 295
294 296
294 297
294 298
294 668
295 296
295 297
295 298
295 747
296 297
296 298
296 575
297 298
297 802
298 810
299 300
299 301
299 302
299 303
299 304
299 787
300 301
300 302
300 303
300 304
300 813
300 880
301 302
301 303
301 304
301 965
302 303
302 304
302 484
302 515
303 304
303 495
304 743
304 867
305 306
305 307
305 308
305 309
305 310
305 311
305 312
306 307
306 308
306 309
306 310
306 311
306 312
307 308
307 309
307 310
307 311
307 312
308 309
308 310
308 311
308 312
309 310
309 311
309 312
310 311
310 312
311 312
313 417
313 595
313 730
314 315
314 316
314 317
314 318
314 319
314 320
314 321
315 316
315 317
315 318
315 319
315 320
315 321
316 317
316 318
316 319
316 320
316 321
317 318
317 319
317 320
317 321
318 319
318 320
318 321
319 320
319 321
320 321
322 425
322 539
322 790
322 872
322 960
323 324
323 325
323 326
323 327
323 401
323 855
324 325
324 326
324 327
324 370
324 597
325 326
325 327
325 452
325 542
326 327
326 349
326 427
327 765
327 814
327 945
328 329
328 330
328 331
328 332
328 333
328 334
328 493
329 330
329 331
329 332
329 333
329 334
330 331
330 332
330 333
330 334
330 638
331 332
331 333
331 334
331 340
332 333
332 334
332 961
333 334
334 909
335 336
335 337
335 352
335 642
335 645
335 756
336 337
336 458
336 729
337 595
337 698
338 339
338 340
338 423
338 442
338 497
338 550
339 340
339 431
339 531
339 860
339 945
340 349
340 787
340 810
341 342
341 343
341 344
341 685
341 968
342 343
342 344
342 421
343 344
343 351
343 514
343 808
343 946
344 400
344 525
344 562
344 654
345 461
345 669
345 940
345 989
346 347
346 348
346 349
346 422
346 563
346 739
347 348
347 349
347 426
347 449
347 479
347 729
348 349
348 626
348 685
348 742
349 711
349 954
350 351
350 352
350 353
350 742
350 775
350 857
350 871
351 352
351 353
351 653
351 700
351 771
352 353
352 540
352 626
352 789
353 364
353 556
354 355
354 356
354 357
354 358
354 359
354 360
354 834
355 356
355 357
355 358
355 359
355 360
355 386
356 357
356 358
356 359
356 360
356 800
357 358
357 359
357 360
357 952
358 359
358 360
358 510
359 360
361 362
361 363
361 364
361 365
361 366
362 363
362 364
362 365
362 366
362 770
363 364
363 365
363 366
363 633
363 824
364 365
364 366
365 366
365 529
366 777
367 368
367 369
367 370
367 371
367 372
368 369
368 370
368 371
368 372
368 407
368 809
369 370
369 371
369 372
369 426
369 477
370 371
370 372
370 925
371 372
371 542
371 845
372 386
372 525
373 374
373 375
373 376
373 377
373 378
373 379
373 380
374 375
374 376
374 377
374 378
374 379
374 380
375 376
375 377
375 378
375 379
375 380
376 377
376 378
376 379
376 380
377 378
377 379
377 380
378 379
378 380
379 380
381 382
381 383
381 384
381 385
381 812
381 889
382 383
382 384
382 385
382 905
382 927
383 384
383 385
383 478
383 650
383 914
384 385
384 486
385 424
385 555
385 731
386 493
386 530
386 631
387 388
387 389
387 390
387 391
387 392
387 393
387 790
388 389
388 390
388 391
388 392
388 393
388 943
389 390
389 391
389 392
389 393
389 603
390 391
390 392
390 393
391 392
391 393
391 978
392 393
392 633
394 395
394 396
394 443
394 522
394 912
395 396
395 426
395 948
396 481
396 628
396 641
396 808
396 981
397 398
397 399
397 400
397 797
397 883
397 950
398 399
398 400
398 406
398 730
399 400
399 732
399 788
399 875
400 790
401 402
401 403
401 404
401 405
401 406
401 407
402 403
402 404
402 405
402 406
402 407
402 610
403 404
403 405
403 406
403 407
404 405
404 406
404 407
404 521
405 406
405 407
406 407
408 445
408 563
408 666
408 735
408 995
409 410
409 411
409 412
409 413
409 414
409 415
409 416
410 411
410 412
410 413
410 414
410 415
410 416
411 412
411 413
411 414
411 415
411 416
412 413
412 414
412 415
412 416
413 414
413 415
413 416
414 415
414 416
415 416
417 418
417 419
417 420
417 421
417 422
417 888
418 419
418 420
418 421
418 422
418 960
419 420
419 421
419 422
419 496
420 421
420 422
420 820
421 422
421 494
422 855
423 424
423 425
423 426
423 476
423 578
423 798
424 425
424 426
424 476
424 757
425 426
425 476
425 812
426 476
427 428
427 429
427 430
427 431
427 432
427 433
428 429
428 430
428 431
428 432
428 433
429 430
429 431
429 432
429 433
429 597
430 431
430 432
430 433
431 432
431 433
432 433
433 868
434 435
434 436
434 437
434 438
434 439
434 440
434 441
435 436
435 437
435 438
435 439
435 440
435 441
436 437
436 438
436 439
436 440
436 441
437 438
437 439
437 440
437 441
438 439
438 440
438 441
439 440
439 441
440 441
442 443
442 444
442 445
442 446
442 447
442 517
443 444
443 445
443 446
443 447
443 873
444 445
444 446
444 447
444 527
444 949
445 446
445 447
446 447
446 707
446 908
448 449
448 450
448 451
448 452
448 453
448 454
448 523
449 450
449 451
449 452
449 453
449 454
450 451
450 452
450 453
450 454
451 452
451 453
451 454
451 856
452 453
452 454
453 454
455 456
455 457
455 458
455 459
455 460
455 624
455 772
456 457
456 458
456 459
456 460
456 874
457 458
457 459
457 460
457 595
457 894
458 459
458 460
458 881
459 460
459 516
459 995
460 669
460 980
461 537
461 596
461 640
461 658
462 463
462 464
462 465
462 466
462 467
462 634
462 939
463 464
463 465
463 466
463 467
463 521
463 529
464 465
464 466
464 467
464 498
464 523
465 466
465 467
465 740
466 467
466 869
466 890
467 541
467 885
468 469
468 470
468 471
468 472
468 473
468 474
468 475
469 470
469 471
469 472
469 473
469 474
469 475
470 471
470 472
470 473
470 474
470 475
471 472
471 473
471 474
471 475
472 473
472 474
472 475
473 474
473 475
474 475
476 602
476 652
477 478
477 479
477 480
477 537
478 479
478 480
478 734
478 756
478 767
479 480
479 526
479 616
479 815
480 681
480 808
481 482
481 483
481 735
481 774
481 813
481 907
482 483
482 614
482 756
482 884
482 938
482 954
483 497
483 789
484 485
484 486
484 489
484 531
484 714
485 486
485 653
485 807
485 877
486 597
486 768
487 488
487 499
487 663
487 664
487 665
488 496
488 651
488 657
488 742
489 490
489 491
489 492
489 493
489 770
489 789
490 491
490 492
490 493
490 894
491 492
491 493
491 524
491 540
491 663
492 493
492 733
492 872
493 550
494 536
494 546
494 668
494 911
494 940
495 496
495 598
495 808
495 866
496 650
496 757
496 823
496 988
497 498
497 836
497 881
498 652
498 733
498 769
499 663
499 664
499 665
499 794
499 799
500 501
500 502
500 503
500 504
500 505
500 506
500 507
501 502
501 503
501 504
501 505
501 506
501 507
502 503
502 504
502 505
502 506
502 507
503 504
503 505
503 506
503 507
504 505
504 506
504 507
505 506
505 507
506 507
508 513
508 669
508 711
508 876
508 888
509 510
509 511
509 512
509 513
509 640
510 511
510 512
510 513
510 544
510 939
511 512
511 513
511 846
512 513
512 522
513 941
514 515
514 516
514 517
514 793
515 516
515 517
516 517
516 732
516 787
517 539
517 927
517 996
518 519
518 520
518 521
518 522
518 735
518 846
519 520
519 521
519 522
519 749
519 811
520 521
520 522
520 538
520 701
520 776
521 522
522 983
523 524
523 633
523 688
523 876
523 983
524 943
524 947
524 976
525 526
525 527
525 554
526 527
526 685
526 943
527 545
527 618
527 788
527 843
528 529
528 530
528 531
528 532
528 533
529 530
529 531
529 532
529 533
530 531
530 532
530 533
530 954
531 532
531 533
532 533
533 722
533 730
534 535
534 536
534 537
534 538
534 951
535 536
535 537
535 538
535 637
536 537
536 538
536 702
537 538
537 804
538 627
539 540
539 621
539 751
540 599
540 712
540 834
540 911
541 542
541 543
541 623
541 715
541 910
542 543
542 606
542 810
543 628
543 701
543 704
543 944
544 545
544 546
544 764
544 970
545 546
545 553
545 737
545 891
546 598
546 942
547 548
547 549
547 550
547 551
547 744
547 811
547 904
548 549
548 550
548 551
548 858
548 948
548 994
549 550
549 551
549 710
549 796
549 839
550 551
550 959
551 844
551 908
552 553
552 554
552 639
552 725
552 767
552 913
553 554
553 749
553 803
554 809
554 937
555 556
555 557
555 558
555 559
555 823
555 940
556 557
556 558
556 559
556 872
557 558
557 559
557 909
557 986
558 559
558 651
558 993
559 790
559 943
560 561
560 562
560 563
560 564
560 642
560 895
561 562
561 563
561 564
561 812
562 563
562 564
562 667
562 801
563 564
563 766
564 740
564 882
564 974
565 566
565 567
565 568
565 569
565 570
565 571
565 572
566 567
566 568
566 569
566 570
566 571
566 572
567 568
567 569
567 570
567 571
567 572
568 569
568 570
568 571
568 572
569 570
569 571
569 572
570 571
570 572
571 572
573 574
573 575
573 576
573 577
573 578
573 665
574 575
574 576
574 577
574 578
574 936
575 576
575 577
575 578
575 634
576 577
576 578
577 578
577 743
577 981
578 972
579 580
579 581
579 582
579 583
579 584
579 585
579 586
580 581
580 582
580 583
580 584
580 585
580 586
581 582
581 583
581 584
581 585
581 586
582 583
582 584
582 585
582 586
583 584
583 585
583 586
584 585
584 586
585 586
587 588
587 589
587 590
587 591
587 592
587 593
587 594
588 589
588 590
588 591
588 592
588 593
588 594
589 590
589 591
589 592
589 593
589 594
590 591
590 592
590 593
590 594
591 592
591 593
591 594
592 593
592 594
593 594
595 596
595 789
595 870
595 942
596 650
596 666
596 685
596 904
596 937
597 632
597 892
597 905
598 599
598 600
598 601
598 602
599 600
599 601
599 602
599 773
600 601
600 602
600 887
601 602
601 788
601 912
602 629
602 727
603 604
603 605
603 606
603 607
603 608
603 609
604 605
604 606
604 607
604 608
604 609
604 701
605 606
605 607
605 608
605 609
605 951
606 607
606 608
606 609
607 608
607 609
607 960
608 609
609 809
610 611
610 612
610 613
610 614
610 615
610 994
611 612
611 613
611 614
611 615
611 778
611 950
612 613
612 614
612 615
612 717
613 614
613 615
613 687
614 615
615 842
616 617
616 618
616 619
616 620
616 621
616 622
617 618
617 619
617 620
617 621
617 622
617 650
618 619
618 620
618 621
618 622
619 620
619 621
619 622
620 621
620 622
620 725
621 622
623 624
623 625
623 626
623 824
624 625
624 626
624 987
625 626
625 652
626 767
626 992
627 628
627 629
627 630
627 631
627 756
628 629
628 630
628 631
629 630
629 631
629 951
629 979
630 631
630 728
630 729
630 730
631 936
632 633
632 705
632 963
633 896
633 951
633 996
634 635
634 636
634 637
634 638
634 955
635 636
635 637
635 638
635 775
635 844
636 637
636 638
636 740
636 876
637 638
637 801
639 640
639 641
639 642
639 748
639 798
640 641
640 642
641 642
641 687
641 941
642 969
643 644
643 645
643 646
643 647
643 648
643 649
643 741
644 645
644 646
644 647
644 648
644 649
644 725
645 646
645 647
645 648
645 649
646 647
646 648
646 649
647 648
647 649
647 902
648 649
648 748
650 667
651 652
651 653
651 654
651 684
652 653
652 654
652 845
653 654
653 663
653 874
654 813
655 978
655 980
656 657
656 658
656 659
656 660
656 661
656 662
657 658
657 659
657 660
657 661
657 662
658 659
658 660
658 661
658 662
659 660
659 661
659 662
659 869
660 661
660 662
660 736
661 662
662 816
663 664
663 665
664 665
664 714
664 975
665 834
665 890
666 748
666 768
666 802
666 833
666 834
667 668
667 669
667 817
667 899
668 669
668 787
669 800
669 913
670 671
670 672
670 673
670 674
670 675
670 676
670 677
671 672
671 673
671 674
671 675
671 676
671 677
672 673
672 674
672 675
672 676
672 677
673 674
673 675
673 676
673 677
674 675
674 676
674 677
675 676
675 677
676 677
678 679
678 680
678 681
678 682
678 683
678 684
678 937
679 680
679 681
679 682
679 683
679 684
679 722
680 681
680 682
680 683
680 684
680 686
681 682
681 683
681 684
682 683
682 684
683 684
685 686
685 687
685 688
686 687
686 688
686 861
686 925
686 955
687 688
687 763
689 690
689 691
689 692
689 693
689 694
689 695
689 696
690 691
690 692
690 693
690 694
690 695
690 696
691 692
691 693
691 694
691 695
691 696
692 693
692 694
692 695
692 696
693 694
693 695
693 696
694 695
694 696
695 696
697 698
697 699
697 700
697 708
697 913
698 699
698 700
698 738
698 971
699 700
699 722
699 734
699 987
700 752
700 909
701 753
701 904
701 942
702 703
702 704
702 705
702 706
702 707
702 708
703 704
703 705
703 706
703 707
703 708
703 971
704 705
704 706
704 707
704 708
705 706
705 707
705 708
706 707
706 708
706 961
707 708
709 710
709 711
709 712
709 713
709 714
709 870
710 711
710 712
710 713
710 714
711 712
711 713
711 714
712 713
712 714
712 906
713 714
713 738
715 716
715 717
715 718
715 719
715 720
715 721
716 717
716 718
716 719
716 720
716 721
716 835
717 718
717 719
717 720
717 721
718 719
718 720
718 721
719 720
719 721
719 776
720 721
720 962
721 914
722 744
722 798
722 859
722 959
723 724
723 725
723 726
723 727
723 903
723 948
724 725
724 726
724 727
724 728
724 926
724 957
725 726
725 727
726 727
726 860
727 878
727 911
728 729
728 730
728 880
728 946
729 730
730 838
731 732
731 733
731 734
731 843
731 890
732 733
732 734
732 809
733 734
733 833
734 790
735 765
735 995
736 737
736 738
736 739
736 740
736 940
737 738
737 739
737 740
737 961
738 739
738 740
738 874
739 740
739 833
741 742
741 744
741 804
741 818
741 942
742 871
742 957
742 971
743 744
743 755
743 790
743 833
744 755
744 949
745 746
745 747
745 748
745 749
745 788
745 963
746 747
746 748
746 749
746 773
746 809
747 748
747 749
747 805
747 946
748 749
750 751
750 752
750 753
750 754
750 936
751 752
751 753
751 754
751 880
751 890
752 753
752 754
752 777
752 962
753 754
753 803
754 948
755 756
755 757
756 757
757 855
758 759
758 760
758 761
758 762
758 763
758 764
758 811
759 760
759 761
759 762
759 763
759 764
760 761
760 762
760 763
760 764
760 837
761 762
761 763
761 764
762 763
762 764
763 764
765 766
765 767
765 768
765 769
766 767
766 768
766 769
767 768
767 769
768 769
768 886
770 771
770 772
771 772
771 855
771 893
772 949
773 865
773 952
773 958
774 778
774 948
774 955
774 966
775 776
775 777
775 778
775 890
776 777
776 778
776 878
777 778
777 947
779 780
779 781
779 782
779 783
779 784
779 785
779 786
780 781
780 782
780 783
780 784
780 785
780 786
781 782
781 783
781 784
781 785
781 786
782 783
782 784
782 785
782 786
783 784
783 785
783 786
784 785
784 786
785 786
787 788
787 789
788 789
791 792
791 793
791 794
791 795
791 796
791 797
792 793
792 794
792 795
792 796
792 797
793 794
793 795
793 796
793 797
794 795
794 796
794 797
795 796
795 797
796 797
798 799
798 800
798 801
799 800
799 801
799 833
799 842
800 801
800 810
800 924
801 953
802 803
802 804
802 805
802 806
802 807
803 804
803 805
803 806
803 807
804 805
804 806
804 807
805 806
805 807
806 807
806 956
807 995
808 809
808 958
809 970
810 811
810 812
810 813
811 812
811 813
811 855
812 813
812 965
813 823
814 815
814 816
814 817
814 818
814 819
814 820
815 816
815 817
815 818
815 819
815 820
816 817
816 818
816 819
816 820
817 818
817 819
817 820
818 819
818 820
819 820
821 822
821 823
821 824
821 878
822 823
822 824
822 864
823 824
823 944
824 938
825 826
825 827
825 828
825 829
825 830
825 831
825 832
826 827
826 828
826 829
826 830
826 831
826 832
827 828
827 829
827 830
827 831
827 832
828 829
828 830
828 831
828 832
829 830
829 831
829 832
830 831
830 832
831 832
833 834
835 836
835 837
835 838
835 839
835 840
835 841
836 837
836 838
836 839
836 840
836 841
837 838
837 839
837 840
837 841
838 839
838 840
838 841
839 840
839 841
840 841
842 843
842 844
842 845
842 846
842 922
843 844
843 845
843 846
843 953
844 845
844 846
844 877
845 846
845 913
847 848
847 849
847 850
847 851
847 852
847 853
847 854
848 849
848 850
848 851
848 852
848 853
848 854
849 850
849 851
849 852
849 853
849 854
850 851
850 852
850 853
850 854
851 852
851 853
851 854
852 853
852 854
853 854
855 941
856 857
856 858
856 859
856 860
856 861
857 858
857 859
857 860
857 861
857 941
858 859
858 860
858 861
859 860
859 861
859 907
860 861
861 953
862 863
862 864
862 865
862 866
862 867
862 868
863 864
863 865
863 866
863 867
863 868
864 865
864 866
864 867
864 868
865 866
865 867
865 868
866 867
866 868
867 868
869 870
869 871
869 872
869 873
870 871
870 872
870 873
870 964
871 872
871 873
872 873
874 918
874 982
875 876
875 877
875 889
875 906
875 962
876 877
876 944
878 879
878 880
878 881
879 880
879 881
879 900
879 914
880 881
880 949
881 956
881 973
882 883
882 884
882 885
882 886
882 887
882 888
883 884
883 885
883 886
883 887
884 885
884 886
884 887
885 886
885 887
885 941
886 887
888 889
888 890
889 890
889 949
891 892
891 893
891 894
891 895
891 896
891 924
892 893
892 894
892 895
892 896
893 894
893 895
893 896
894 895
894 896
895 896
897 898
897 899
897 900
897 901
897 902
897 903
898 899
898 900
898 901
898 902
898 903
899 900
899 901
899 902
899 903
900 901
900 902
900 903
901 902
901 903
902 903
904 905
904 906
904 907
905 906
905 907
906 907
906 972
908 909
908 910
908 911
908 912
909 910
909 911
909 912
910 911
910 912
911 912
913 914
913 942
915 916
915 917
915 918
915 919
915 920
915 921
916 917
916 918
916 919
916 920
916 921
917 918
917 919
917 920
917 921
918 919
918 920
918 921
919 920
919 921
919 937
920 921
921 994
922 923
922 924
922 925
922 926
922 927
922 952
923 924
923 925
923 926
923 927
923 985
924 925
924 926
924 927
925 926
925 927
926 927
928 929
928 930
928 931
928 932
928 933
928 934
928 935
929 930
929 931
929 932
929 933
929 934
929 935
930 931
930 932
930 933
930 934
930 935
931 932
931 933
931 934
931 935
932 933
932 934
932 935
933 934
933 935
934 935
936 937
936 938
936 939
937 938
937 939
938 939
940 941
943 944
945 946
945 947
945 950
945 979
946 947
947 992
948 949
948 950
949 950
950 973
951 952
951 953
952 953
953 968
954 955
954 956
954 957
955 956
955 957
956 957
958 959
958 960
958 961
958 962
959 960
959 961
959 962
960 961
960 962
961 962
963 964
963 965
963 966
963 967
963 968
964 965
964 966
964 967
964 968
965 966
965 967
965 968
966 967
966 968
967 968
967 976
969 970
969 971
969 972
969 973
970 971
970 972
970 973
970 990
971 972
971 973
972 973
972 994
974 975
974 976
974 977
974 978
974 979
975 976
975 977
975 978
975 979
976 977
976 978
976 979
977 978
977 979
978 979
980 981
980 982
980 983
980 984
980 985
981 982
981 983
981 984
981 985
982 983
982 984
982 985
983 984
983 985
984 985
986 987
986 988
986 989
986 990
986 991
987 988
987 989
987 990
987 991
988 989
988 990
988 991
989 990
989 991
990 991
992 993
994 995
994 996
995 996
