1000 1500
75 690
387 629
539 566
202 327
812 826
870 960
955 338
12 452
145 392
711 924
767 447
485 42
666 546
279 663
811 852
113 854
640 623
516 624
977 330
848 906
328 668
567 35
66 243
185 923
400 247
381 451
390 669
247 814
856 719
202 532
624 943
802 309
183 78
78 63
580 342
545 488
523 390
391 633
885 647
223 458
979 872
694 427
8 254
582 534
493 192
342 362
883 471
769 17
880 843
563 89
397 847
117 864
922 841
525 895
133 28
219 386
179 973
140 708
57 469
413 54
709 992
991 876
282 694
565 377
653 407
755 508
58 660
729 671
867 340
724 744
243 663
885 39
547 18
705 858
400 636
940 944
342 441
830 38
611 37
170 289
770 445
20 167
94 296
283 273
272 583
148 741
937 664
234 252
180 299
188 175
658 798
694 808
676 332
907 714
529 640
408 255
252 951
474 894
237 898
840 601
663 191
640 254
863 617
510 7
230 363
977 759
103 931
986 702
399 747
297 899
597 275
853 850
877 732
32 389
256 59
177 580
120 528
425 590
579 32
381 321
390 459
964 446
160 281
37 81
117 799
906 410
593 67
109 600
219 295
987 892
964 606
828 882
165 477
959 749
767 693
334 44
504 434
165 714
928 469
374 96
514 213
840 603
901 34
519 474
67 420
185 11
415 369
97 299
222 411
965 291
141 703
897 668
691 190
491 149
779 58
925 599
641 727
561 938
541 53
889 352
135 123
307 821
825 334
363 203
294 874
226 211
804 577
929 856
440 221
521 660
856 957
722 116
276 21
707 246
470 465
207 684
325 812
18 682
311 489
662 602
258 637
79 975
249 19
82 314
618 752
845 23
645 38
318 992
715 949
726 274
121 208
620 80
63 926
962 592
391 329
330 707
992 213
794 957
233 204
230 688
510 228
637 528
834 504
844 922
764 476
6 275
550 261
279 699
475 702
900 496
138 341
435 190
711 964
958 29
431 589
438 635
673 145
72 134
791 692
297 485
11 638
530 463
972 717
526 981
808 282
872 562
649 202
406 176
245 68
538 92
83 398
998 679
322 144
294 599
69 669
633 329
805 665
735 591
568 564
47 925
964 220
110 610
237 747
261 142
865 339
376 817
764 694
610 936
980 131
725 307
294 925
742 866
96 873
651 325
330 863
223 401
300 15
638 185
8 404
403 53
777 100
160 16
489 711
374 283
393 514
379 632
691 629
376 893
222 661
226 266
995 127
70 591
267 819
505 412
829 803
967 786
181 16
231 44
880 19
681 323
16 1
972 596
571 732
634 981
615 251
856 716
497 616
443 24
672 152
82 837
482 442
488 163
595 947
675 881
125 533
113 330
112 295
474 77
874 748
173 523
948 161
523 669
867 706
720 225
851 633
293 198
423 993
471 796
872 440
942 994
244 263
28 972
601 511
65 195
763 239
211 266
492 794
101 659
497 6
161 923
152 521
520 207
885 461
195 355
200 752
510 682
752 917
409 808
728 94
545 784
448 613
54 950
723 87
165 314
855 347
739 60
211 572
924 486
645 143
187 738
979 440
64 412
777 765
425 559
7 228
199 656
883 796
336 500
695 391
369 238
711 446
660 816
826 556
826 632
654 173
443 446
455 128
204 376
711 486
408 158
609 920
763 413
890 870
621 625
122 389
521 61
648 784
286 118
571 973
862 228
977 707
107 478
195 730
594 51
180 671
269 620
506 450
690 634
122 46
922 781
628 737
838 645
420 410
740 382
37 88
682 547
867 387
871 968
778 572
408 124
371 77
772 883
37 713
3 818
219 528
892 713
345 992
121 373
146 561
388 557
458 401
277 491
491 30
302 753
879 631
318 969
678 72
479 455
383 806
545 389
170 861
645 830
63 183
191 542
436 925
590 661
408 483
678 519
723 750
583 367
801 869
158 124
974 52
835 555
185 915
204 893
316 802
590 352
574 918
199 872
773 233
710 353
10 107
819 153
607 614
462 62
315 649
919 83
909 905
659 631
839 735
910 181
383 207
544 166
422 775
677 932
152 45
526 182
807 30
560 757
123 413
649 677
148 124
517 274
28 596
428 62
181 702
966 751
710 632
647 1000
244 85
868 889
53 201
843 59
969 992
580 787
479 303
485 897
469 454
998 953
448 74
304 465
615 916
869 993
132 264
701 207
609 883
272 142
499 519
849 426
395 388
32 545
472 731
574 724
858 402
788 498
828 3
689 896
686 730
952 527
972 150
280 55
634 182
88 756
937 676
394 990
812 379
577 513
777 952
351 56
303 991
571 179
627 236
624 174
706 340
49 587
85 447
49 851
642 979
511 439
821 80
972 650
126 499
891 80
877 921
518 870
47 320
349 556
726 853
359 221
554 12
756 284
264 967
343 411
940 939
48 927
253 462
17 25
178 424
347 612
847 11
180 791
64 505
101 372
43 497
705 402
950 467
259 704
75 634
966 583
601 983
1000 39
182 981
277 968
86 302
160 721
713 715
212 99
673 392
457 688
490 50
684 701
750 210
981 502
341 614
685 250
355 999
494 39
672 45
193 334
806 520
857 522
88 713
214 62
638 569
619 534
596 262
628 778
970 494
886 136
674 79
254 537
989 120
430 197
572 909
144 747
40 368
431 22
891 361
86 753
676 166
460 795
239 736
971 30
216 952
166 790
110 421
901 30
299 671
2 133
14 716
661 643
104 624
144 418
844 697
685 91
493 726
345 709
331 639
253 224
824 963
444 333
697 564
415 732
164 348
482 155
718 712
678 474
502 105
682 7
79 188
33 291
251 778
733 765
71 952
140 164
930 537
98 311
904 534
697 260
594 893
313 5
967 865
846 158
509 649
487 146
841 781
524 317
870 468
331 775
691 867
315 202
911 136
267 374
187 230
3 422
655 896
83 604
52 71
5 716
797 85
703 997
804 107
286 928
217 293
998 136
730 65
356 297
967 171
186 250
53 945
267 835
734 620
203 354
232 164
856 5
985 423
357 348
306 361
172 210
51 893
472 130
743 413
300 918
437 140
846 581
386 466
41 730
430 344
244 292
419 697
920 772
939 248
201 403
534 896
719 929
208 955
373 551
198 326
959 434
73 762
83 316
962 252
65 595
222 343
721 281
201 139
180 554
202 677
247 731
855 998
976 707
156 127
336 610
528 295
614 420
230 800
74 250
66 788
692 180
198 217
575 241
305 616
169 228
98 489
506 402
535 5
896 675
878 44
132 865
14 605
512 576
399 144
718 814
851 329
765 151
979 199
168 204
33 254
35 685
523 524
790 544
850 726
452 554
108 334
816 521
477 114
322 399
316 309
512 899
526 757
915 536
1000 885
236 919
518 259
640 537
775 3
541 189
599 351
23 676
589 22
800 225
678 134
119 509
545 163
745 19
212 618
255 124
561 984
150 717
564 922
820 983
783 32
833 863
308 234
234 951
669 173
782 789
460 776
659 107
825 268
631 107
785 409
647 803
33 640
749 809
800 363
597 6
985 543
623 529
583 507
271 43
650 28
464 844
884 405
140 232
980 880
423 727
349 826
184 38
2 28
213 393
327 532
491 358
607 958
859 379
708 437
372 659
807 971
216 527
1 417
62 395
656 433
866 732
321 451
763 743
688 363
323 315
608 969
450 380
441 177
797 646
561 735
667 110
296 402
90 904
316 398
114 793
899 897
458 140
218 336
279 66
573 608
795 939
159 334
851 587
517 888
689 655
548 772
828 422
305 497
904 675
775 828
383 805
806 913
998 347
262 549
214 428
639 775
823 457
127 598
571 415
417 16
87 21
571 877
493 155
890 518
118 229
537 33
618 99
423 641
120 887
312 279
700 591
31 308
646 85
422 914
301 759
484 268
570 698
888 274
754 264
380 506
201 978
843 19
73 795
182 377
626 844
907 165
604 584
55 80
808 764
880 249
959 662
50 429
444 403
903 745
310 332
946 290
181 160
483 378
61 860
467 54
210 257
41 994
85 292
391 657
931 314
848 410
475 986
188 674
830 184
522 329
419 260
346 813
518 704
804 513
440 359
464 626
43 933
382 743
136 855
283 835
723 480
806 207
798 322
422 495
707 863
530 520
395 462
289 62
953 679
736 763
310 473
11 923
322 747
184 811
387 691
460 939
629 900
119 649
539 208
168 884
934 653
219 466
248 621
465 511
265 418
688 823
144 265
966 142
890 167
20 890
453 283
390 173
812 651
939 944
279 243
132 48
402 430
332 166
493 630
908 95
930 154
319 674
572 251
303 876
292 570
19 903
424 318
168 376
501 828
383 520
629 496
485 106
256 843
588 772
993 406
91 250
873 374
247 636
682 228
926 102
765 71
151 733
638 923
800 688
120 295
270 921
17 505
243 822
735 503
449 215
516 104
285 487
935 387
339 954
93 543
71 777
248 625
751 335
766 209
821 891
590 559
774 7
210 87
936 815
762 795
662 589
25 769
613 74
115 566
617 833
661 111
723 956
768 232
829 647
447 292
232 162
350 901
245 272
389 46
743 54
896 904
786 171
927 132
434 589
87 750
821 620
352 661
804 659
37 715
898 747
879 370
957 5
975 674
901 491
274 155
296 728
234 31
638 842
159 825
497 117
598 156
282 290
654 4
975 996
387 531
784 558
965 33
942 41
286 298
985 993
296 506
318 178
861 289
477 82
447 244
943 739
159 92
976 246
249 990
3 780
278 176
758 675
619 582
445 951
247 141
601 465
937 332
670 816
365 949
404 254
1000 575
652 945
748 294
957 716
677 27
492 957
895 287
849 633
489 964
344 197
303 490
109 928
970 39
666 255
830 375
231 878
313 535
159 44
837 644
495 914
983 511
785 808
591 146
272 68
154 537
108 193
195 41
478 10
63 618
406 423
897 297
396 996
941 227
969 573
110 336
572 905
165 82
560 526
147 568
162 768
277 30
978 139
564 844
983 465
436 95
222 590
920 883
741 124
925 320
951 770
498 66
579 783
926 618
875 102
926 752
784 32
174 943
908 436
632 353
373 827
505 918
356 622
157 580
93 985
911 886
778 211
875 926
602 836
685 567
314 103
277 901
755 398
481 609
920 125
553 555
274 493
503 839
919 316
270 877
693 447
546 255
975 396
453 273
521 860
657 695
395 289
385 112
859 988
937 166
304 470
116 650
312 699
507 367
42 106
218 500
403 945
479 128
289 462
540 244
217 326
97 240
336 525
74 685
77 810
669 26
675 534
569 842
224 462
326 293
430 506
385 295
360 481
337 730
213 969
347 136
194 229
702 160
897 328
143 838
715 365
57 454
44 825
836 662
288 209
932 27
891 306
683 461
6 117
39 647
468 960
943 451
981 105
399 696
272 966
995 760
961 653
562 137
397 11
81 611
88 284
111 643
476 746
681 315
653 127
918 17
982 776
771 894
36 264
79 635
754 36
267 283
84 13
822 366
648 558
601 603
456 910
673 890
175 792
379 988
581 158
677 315
362 205
855 368
670 586
258 528
834 434
593 420
809 959
406 985
766 288
206 38
854 330
855 40
923 948
209 234
129 760
576 899
622 297
89 750
720 800
862 169
208 338
764 282
729 235
610 525
211 251
977 301
235 671
610 815
540 263
142 583
184 852
501 882
818 780
255 158
9 817
951 209
164 458
584 83
360 609
199 440
519 126
146 285
678 77
663 66
664 324
375 384
391 851
989 887
346 407
881 758
318 213
181 456
539 115
606 220
319 242
70 700
510 552
127 407
249 843
135 413
432 347
29 607
987 713
857 329
282 946
600 928
206 912
147 564
69 26
671 554
264 865
974 71
814 731
484 825
662 434
149 358
174 449
463 520
553 835
806 832
605 716
891 620
920 533
53 189
460 248
563 750
474 771
366 243
599 56
941 177
539 373
723 210
84 441
394 249
799 864
209 252
121 963
490 302
731 130
286 469
9 376
194 118
442 155
539 121
446 24
152 660
185 536
871 277
916 251
432 612
779 660
789 91
222 352
680 100
159 538
436 599
743 740
439 416
596 549
299 240
485 899
91 782
390 578
410 614
441 580
792 188
43 6
863 977
763 54
410 607
614 138
414 298
934 961
578 459
596 650
912 38
919 627
403 333
995 653
893 168
956 480
118 469
257 172
645 184
371 810
195 999
414 286
687 694
174 215
364 904
322 658
725 821
772 609
489 446
177 227
76 945
744 574
935 531
830 384
302 479
219 120
589 959
271 933
16 702
164 357
774 196
738 230
335 966
192 630
87 276
153 267
831 552
592 252
7 196
667 421
607 420
937 324
201 945
505 574
913 832
525 287
591 561
152 816
342 177
735 146
141 814
795 248
82 644
188 975
232 458
364 90
13 441
588 548
142 550
332 473
407 813
515 820
673 518
4 173
519 77
632 812
778 737
117 43
902 979
378 408
299 554
74 91
129 995
389 784
200 917
352 868
663 542
687 427
479 490
943 60
460 982
997 141
665 383
118 928
137 872
787 157
765 952
697 922
250 761
405 168
350 34
65 41
433 199
204 773
983 515
816 586
777 680
477 314
1000 241
831 510
242 674
88 715
302 303
208 373
438 79
374 835
337 686
726 155
650 722
752 63
764 746
451 174
280 80
585 399
278 406
525 110
902 642
363 354
631 804
131 880
238 415
691 435
993 801
984 938
565 182
269 734
698 292
696 585
574 17
967 132
761 186
551 827
205 342
65 947
429 490
294 436
416 511
526 634
673 870
15 918
731 141
379 826
824 121
629 867
633 426
631 370
732 742
865 954
793 477
885 683
415 877
995 407
76 652
624 451
430 296
845 676
398 919
395 557
523 317
398 508
814 712
