-623575523
-621833259
-498541917
-445701505
-570558090
-129454836
-210031292
-313812544
-293389531
-526984765
-527782098
-469850938
-370517659
-673662988
-361163055
-914829774
-542297307
-534568665
-263656164
-438869290
-400877206
-909558871
-134085810
-715879518
-184913810
-171914199
-92327264
-214104746
-140685331
-647516626
-410424147
-287989925
-262285236
-287976050
-488799672
-393753299
-191021910
-442078066
-69409650
-526163913
-408152135
-360265810
-397905904
-315232466
-77860983
-142990966
-687901705
-629323549
-425983162
-614381603
-297080321
-800297823
-497674094
-604421102
-311490524
-502836411
-324024954
-542067721
-443450107
-868401458
-90593888
-274601147
-62919791
-391201377
-313915277
-329756053
-406524861
-627757313
-138810949
-396984873
-148132795
-632899998
-298711361
-213180777
-280743745
-678422023
-490767081
-475205485
-699994591
-509266317
-513399207
-590519091
-406292241
-253691285
-383671998
-496488791
-381456873
-670803964
-325128478
-472812598
-103239360
-702707969
-597282220
-323637002
-466897677
-301200873
-627802933
-124365037
-348610567
-85276265
-519753393
-336505118
-362135794
-269014260
-438973153
-596074456
-223924943
-693071466
-406019871
-192409702
-304849199
-467311797
-460275401
-396144434
-290631916
-247009699
-259240841
-477848969
-399628822
-148300134
-522581682
-524784552
-472375884
-225967991
-699429045
-57972178
-460274217
-257338043
-43878839
-360506656
-407895275
-367272550
-404020858
-594003621
-750992130
-453038387
-387070907
-350317468
-494914949
-151982076
-151793766
-451568016
-349013679
-284155322
-470772587
-323428957
-529548822
-378238378
-329764961
-699974039
-419280652
-666022873
-461945358
-229617904
-335691933
-36831123
-299702168
-602572633
-444743025
-1081178
-140845633
-370741068
-663369685
-430509971
-337365244
-981621
-283523722
-510251112
-932164777
-471606435
-276888028
-57374601
-759020046
-248538810
-392299299
-650137642
-647170400
-475385773
-578936479
-245961861
-394490944
-712072195
-698156544
-262367095
-340965519
-548504912
-515656137
-483577667
-273518131
-446442002
-147349351
-234332196
-92329983
-295193083
-378023562
-99565446
-437149564
-425852591
-637050920
-268399233
-762874150
-423229143
-592456749
-554654508
-568891514
-279842850
-456534978
-520677002
-642395363
-418806764
-23927597
-604227987
-61346622
-479107717
-598330822
-574749927
-309919716
-388245362
-222823927
-305358747
-206106995
-447083021
-292855378
-232551919
-394041147
-615397338
-20317659
-555245022
-711510176
-32467215
-360690397
-745591419
-529032705
-385507058
-494486699
-609921173
-463663595
-689799222
-269019164
-935718051
-444528651
-581594576
-513213065
-436281044
-477902404
-247864772
-154974331
-516466328
-428137900
-538654163
-592648481
-295364537
-505915261
-418829188
-547040298
-154381874
-451237053
-175369270
-449699405
-435724532
-582359591
-404578104
-329180931
-382148553
-262773012
-224944023
-514194452
-351530156
-376610049
-345606530
-619576219
-32841259
-396066996
-330235510
-713439540
-443494467
-511655282
-47332544
-462144032
-694181325
-363517151
-285008223
-372866692
-373185532
-734295512
-312585589
-134314539
-37282115
-105446337
-509766970
-613756249
-192230240
-580033231
-193987535
-628764311
-505047625
-433720557
-286687490
-400329020
-710245070
-251736322
-563372669
-100027775
-328805478
-633773468
-203948969
-360085952
-288679416
-224063959
-599397224
-663980037
-246463668
-679323574
-300869849
-442039901
-232473769
-325779327
-608897230
-443813460
-378446388
-798395314
-334489876
-214110018
-606443135
-420114834
-417180524
-388221365
-681628752
-330374569
-157973280
-708339185
-142523098
-597398914
-3666224
-422296953
-524763922
-295635212
-505106870
-693093731
-440649733
-631616074
-366225269
-362106610
-226278460
-363115283
-543651153
-488922827
-179691720
-448107125
-262297126
-321869631
-18978228
-664001970
-211737891
-323662550
-161008710
-553493942
-535348122
-279802379
-45329570
-703385131
-341200695
-435130708
-233117164
-493623664
-449867361
-590060076
-457915490
-747483214
-487077945
-220189490
-525632812
-325868691
-197909186
-418791793
-540203340
-645902988
-286415701
-798796216
-419328144
-327333442
-283821587
-350300446
-559510829
-605173645
-522376923
-722449904
-516515283
-629072310
-460317734
-203850449
-506882434
-626422985
-769616115
-386834602
-623779304
-291078279
-345021715
-70208746
-625199480
-530330405
-530002578
-302168142
-484215453
-562654892
-380564050
-512310086
-779545374
-252430136
-925368351
-67289481
-304022590
-528330811
-562864641
-248744217
-360139229
-521245061
-446451753
-248824894
-613252559
-756602341
-254974541
-448553655
-709027861
-152201024
-239703320
-244669911
-716665310
-147268989
-605999771
-701991529
-164644864
-771675077
-392271982
-25602184
-493346547
-799081157
-321320237
-278732043
-403481120
-504320585
-353254902
-740392632
-544544648
-531536937
-307630771
-152547464
-340248568
-235388147
-482496451
-325528593
-354214353
-308124950
-448174832
-340540196
-635945769
-150709268
-443179574
-464373200
-730781754
-9061132
-491263071
-74253726
-690465147
-33038234
-334687463
-94335539
-434011748
-111344143
-800971732
-509070319
-301741982
-512744415
-545896337
-697467274
-472832310
-465906654
-608684225
-243406551
-803277602
-263595108
-618366001
-263637486
-461612851
-557061344
-300921505
-488963244
-289179709
-73352923
-819247359
-146183923
-476390158
-549339799
-194023673
-206176399
-572245427
-586247746
-481805148
-197492899
-414827302
-320761807
-273881027
-350315633
-384165073
-81728106
-490523430
-344676032
-457152628
-309664760
-337932328
-384481729
-452809356
-253931560
-489761581
-594186012
-430067624
-411856222
-522776272
-257662291
-432623495
-509154228
-376150313
-780380622
-425514792
-275130457
-312909463
-420279958
-640148585
-611072606
-434803957
-475622652
-371884284
-476051910
-290407979
-127051891
-446173346
-444276106
-469958775
-526716240
-550060789
-682094606
-473924120
-594094594
-751592590
-625724925
-66081081
-282259481
-596509568
-520112000
-336853175
-550378243
-92137129
-567027472
-331922914
-650658600
-400808773
-602009145
-251276308
-199072008
-373186992
-363021737
-467026043
-45916506
-522068547
-383172599
-10582436
-361559232
-593215603
-448520242
-319518012
-564029327
-508359607
-133231258
-70761640
-631054895
-536395318
-174518582
-375869474
-156791729
-632998741
-238593029
-552856144
-213420930
-482758500
-329368081
-197559661
-426985054
-724132068
-729359140
-654406161
-548797562
-623803315
-269550369
-392947261
-145837361
-904649480
-342810457
-269693023
-674700669
-348790252
-518150409
-267875327
-284982875
-321871969
-518310884
-483671860
-427941084
-453538717
-533936053
-624315123
-244733494
-106645327
-579564815
-571330195
-365818204
-739910467
-537985779
-387022415
-317748618
-416063210
-207212428
-769286188
-659397824
-279917119
-190807178
-40257035
-569723681
-545082582
-134993398
-396186568
-339805430
-695206507
-317495641
-226766878
-212187366
-334659061
-635575871
-401810881
-609416630
-561624589
-575752908
-452286569
-469013537
-335271504
-460479156
-761130623
-472608147
-625235505
-209762719
-761776258
-704370779
-43546547
-70792174
-319768245
-491186261
-456489669
-161433183
-317910851
-605490272
-169640537
-142496524
-432616975
-302251495
-590147540
-635160775
-557149086
-566624733
-468184972
-536871122
-346849658
-50508873
-192581230
-289760196
-417840128
-17992742
-155045688
-557164715
-575115162
-74244704
-247235879
-132716847
-299150185
-613998025
-380242316
-552242405
-419478692
-813062328
-553955565
-391608356
-150632628
-658526183
-420372057
-388138829
-175565677
-209468646
-462450531
-174824998
-191037982
-135406935
-461077786
-100124889
-7074194
-452114703
-299257941
-114909592
-523013366
-397024895
-592252134
-423228014
-325515659
-323832613
-218672374
-379629419
-655201408
-515403921
-245353631
-471394511
-499669407
-671075606
-485912623
-347150579
-469280129
-402297653
-605517435
-451091937
-221667026
-382975745
-413757029
-176926938
-268072548
-556554029
-400173159
-218251008
-459798638
-529942995
-703612141
-55318995
-169859896
-603924246
-568741309
-337765742
-289067671
-59389352
-263480861
-168848888
-130687317
-338289746
-160513305
-214932429
-310624953
-184647803
-498181482
-258315554
-199132518
-124257549
-777501273
-375497253
-322142809
-490843039
-322010989
-301583922
-539078415
-145547241
-291749187
-388377602
-279959140
-624501518
-137106657
-611600005
-408647533
-417289434
-107907261
-254713748
-354883965
-81517747
-224126933
-681800969
-277773478
-497262776
-459786366
-423610886
-365707508
-434179202
-224734668
-418194250
-432003913
-608068534
-346954497
-212475066
-461222444
-248566799
-446694178
-342389264
-570461699
-400583091
-362852901
-594979
-883754261
-326167553
-326118347
-503604599
-675950035
-497968517
-673061205
-371671376
-341127748
-662378380
-549317580
-546337359
-299673808
-138084022
-629222763
-221810766
-53466366
-559482152
-328734003
-391802598
-170005261
-514591135
-465383586
-67333158
-341830133
-278757674
-386865161
-194148102
-506583908
-272796802
-438389706
-813757603
-370430403
-149451386
-295065771
-336707490
-600080400
-499004673
-362264222
-704068551
-773787214
-403767648
-552666517
-628458012
-475441306
-151126185
-301233691
-521499959
-396834738
-491060475
-699942252
-388016741
-372639184
-599669957
-499472990
