-535367128
-321023671
-28434971
-97304729
-141318749
-545039669
-279372234
-278275348
-819117472
-324596599
-781303396
-216539719
-445967072
-719141377
-7981046
-274698999
-677325611
-346932406
-535386947
-508295694
-437153291
-166417271
-437451877
-241275474
-673264447
-399380635
-470847021
-229636202
-496680787
-805523829
-136119681
-511740360
-317913481
-228832940
-229769997
-623078089
-454978116
-364856539
-169105415
-662922191
-439184304
-204346729
-545065668
-728552427
-252184296
-367289534
-507591254
-98293492
-3996009
-770697997
-107982542
-504099222
-478101238
-304875329
-270758506
-224180408
-577164936
-479233931
-491104537
-735878617
-611315897
-249075488
-644613298
-904946827
-735880535
-616388483
-189545659
-329684953
-74471915
-292717692
-563160231
-324830785
-216412326
-300240335
-497249161
-435340099
-857371498
-325506589
-126273939
-966464875
-125962544
-430668302
-532879048
-248398088
-563374489
-432294148
-383869611
-335883707
-450286617
-31486668
-252743632
-574426026
-359738657
-717349793
-35009768
-382756982
-451931804
-316106540
-581766405
-388617093
-484613260
-384677174
-114827754
-539653122
-388240053
-642220120
-479762447
-573492533
-791119699
-418298216
-675249119
-454174583
-746180907
-370821001
-388460747
-495829238
-438078634
-324856774
-384664232
-402120169
-385536320
-219187324
-319689788
-40016078
-338663283
-808134561
-319055926
-920632094
-325465969
-194907516
-106145016
-451394275
-754481175
-279870853
-304431954
-767866109
-264442925
-67069672
-351195023
-550885294
-388780662
-369669946
-269719443
-315115501
-305054018
-260451469
-531114218
-589825989
-708359302
-519132830
-20553058
-424111688
-855188665
-563928679
-619742335
-396956489
-449605929
-483380026
-831127837
-183057539
-387956868
-385506017
-138531516
-755875856
-210083206
-66915255
-592298978
-555756564
-361686498
-657632403
-43643132
-190112645
-325109853
-181683934
-334978868
-370703842
-249688668
-449097287
-211836160
-292026529
-448889892
-675627488
-641620189
-124681079
-644976942
-252939685
-335970596
-421237042
-408269338
-540266031
-285322053
-537847823
-729663870
-329886368
-397240024
-305558171
-603246824
-403976375
-732895036
-567743150
-101139085
-10071583
-550395096
-201326428
-448506957
-571424227
-462711118
-283482719
-221358080
-63309734
-373887013
-519935849
-439960284
-447586787
-760104710
-390122470
-577757209
-458514398
-360150359
-363140679
-422175571
-594216338
-339748315
-248235664
-177622526
-471786159
-90341501
-86274476
-641538669
-265632085
-385108943
-817865299
-578297496
-387444647
-122898446
-447808494
-233251073
-20299751
-749322031
-365878175
-630496889
-426269658
-300298324
-298138088
-655510825
-347863036
-536233395
-510869411
-262103395
-486268211
-127602588
-368463107
-428034350
-387684186
-411330985
-702607132
-505027614
-334508337
-484666301
-355395045
-111432930
-389883664
-554046779
-402514173
-564533791
-535729276
-800250892
-278033670
-203330597
-511106530
-723954803
-864829967
-639525448
-711869657
-498713253
-267651929
-362925181
-139133832
-503722130
-498092025
-362084770
-605050292
-547611386
-289439065
-408270007
-566512267
-466902478
-322609029
-391535562
-335225932
-582699718
-474551000
-30589132
-396384124
-155638774
-538935981
-424871817
-715158148
-491888179
-288133790
-374862392
-397414474
-458208263
-127635075
-311340824
-34966081
-187536393
-355697328
-556546079
-347182502
-400717799
-298133790
-576594699
-432903721
-389009614
-567745727
-405356491
-400945390
-174530413
-26204370
-313696334
-315481141
-454947127
-525338223
-546094923
-559183016
-125918116
-399782914
-187431877
-792392068
-654957096
-485761564
-630231828
-88372065
-242102254
-191030398
-427270847
-41689498
-453024678
-93246468
-614564442
-877114424
-28949146
-519231227
-337099801
-255870287
-179200110
-664131390
-96065987
-267680115
-384192960
-618947578
-590612835
-134835802
-349129038
-522349601
-488876753
-244519608
-595382371
-422325125
-543707278
-589811215
-380946085
-592466664
-440751288
-178873154
-658371948
-526742036
-182858927
-570729741
-13538332
-591080794
-480966278
-500977016
-82388152
-657773653
-80447356
-92421309
-437550470
-289965572
-766259123
-710027929
-385130588
-335086973
-301868109
-414217752
-482739112
-472278935
-421131761
-519682321
-263821232
-617223532
-676857925
-677475436
-540925352
-519974439
-73760285
-784141390
-563898095
-386450611
-277629203
-603464651
-575157154
-689356879
-317244842
-212842546
-455028293
-191865563
-265290867
-384699967
-498757890
-341244216
-716668655
-441933753
-111615715
-597781349
-561583673
-303079649
-541021876
-796424674
-824884804
-507320367
-297169854
-604697346
-435239288
-286233281
-377518595
-219876487
-348313208
-269765037
-556069270
-450042551
-318404014
-461694688
-724791591
-474624054
-504096502
-475987663
-417247957
-134109321
-196073876
-359142914
-616574916
-406404776
-466628397
-416963813
-284581921
-319274791
-222195232
-707908817
-571601728
-438084172
-583835747
-673041039
-839756717
-538019785
-278278265
-565048524
-325286404
-359801095
-372061347
-552976780
-496710235
-438771818
-636347788
-600204193
-514931444
-406397646
-356344971
-530213956
-656974897
-88905273
-565683776
-333675040
-400772530
-534847105
-308884699
-328423306
-409971807
-456983934
-338232690
-398314779
-256211996
-766459577
-41543253
-289344126
-542488434
-404953586
-493039906
-565331628
-173740911
-422314062
-648507299
-491728438
-387904120
-292065405
-737911193
-685189815
-475053679
-599965124
-498791201
-592971735
-230164947
-481104178
-568093174
-5971592
-290030641
-242931803
-307126551
-489929404
-457608836
-221090037
-174072445
-479870509
-373198195
-474368017
-509119440
-400915080
-500346381
-596037493
-305842734
-542679504
-599950942
-467288821
-187994114
-223970203
-414016603
-498272757
-467299640
-429879173
-400609720
-680343183
-599716234
-310744778
-494496697
-471223809
-135336346
-732560359
-447829675
-356239023
-691915120
-268411654
-563877625
-464535838
-197255722
-216281404
-322968277
-431226144
-233024509
-573407447
-592170655
-293836617
-483470543
-424886547
-669340129
-322787696
-324208345
-606369069
-486660710
-567158709
-280454200
-205410032
-570118816
-217965081
-341579174
-555779917
-333145599
-313046742
-455406588
-334080039
-117730828
-260608071
-483042330
-397946011
-280604530
-201373420
-266140878
-419609336
-396349624
-486816714
-518138460
-330276998
-850404674
-474776807
-65693199
-334959657
-383551252
-304897139
-444300460
-699728420
-340476840
-484565227
-303550835
-302619444
-132272651
-745224023
-495516868
-656078096
-505739230
-284611924
-358914123
-529945689
-703674942
-258801810
-354546330
-505941775
-650442268
-270536079
-548772235
-773013169
-662938219
-268055625
-100008977
-719245087
-499872030
-201568615
-723510046
-291838856
-232161126
-350097631
-591443124
-51439095
-181466959
-268126523
-592703375
-594411480
-629177540
-586431975
-254829588
-489225739
-170113564
-485043632
-666608294
-311684401
-379228522
-403068338
-542977673
-455010191
-98122598
-389482443
-518136929
-386301645
-569375067
-552160330
-225368955
-372375002
-532780099
-766721868
-572168809
-245319993
-383135423
-61562497
-483727097
-431890472
-219826135
-840823390
-434289299
-521643169
-89127454
-294439375
-259150165
-829517749
-536630776
-204618296
-294294125
-260747177
-559044463
-483051684
-609474044
-557161399
-119483300
-678952759
-433820887
-225398130
-616509219
-286457195
-358075055
-674308419
-339699051
-14259402
-592438113
-452452259
-29514319
-476390582
-649261852
-447989275
-524525554
-506530326
-686787615
-509082405
-622539475
-393326055
-426796818
-675116619
-447436321
-322117563
-427221535
-528938565
-813752033
-88245419
-474635839
-521501388
-169321878
-615062739
-563197638
-567965105
-584702785
-491932713
-299024867
-371431611
-272292758
-197887173
-404786317
-682066665
-552213233
-708325919
-217892371
-322838132
-165862441
-473539602
-340090950
-307250280
-409432562
-151503600
-470213434
-404977986
-538309571
-466497562
-394167809
-69004067
-492530106
-512303685
-719544909
-147483498
-198942344
-646527258
-531700427
-516801819
-419775214
-374574149
-518153016
-648320304
-200390667
-426355009
-546854122
-497755526
-618916247
-317595377
-170115388
-429452003
-335650506
-301432564
-372448542
-249329783
-162289464
-277835623
-467977669
-530362374
-615426483
-647680604
-201443191
-392628733
-486785060
-479775448
-564648608
-705113679
-40015996
-533800151
-408777584
-651403514
-275585924
-446593875
-317782914
-499605382
-576923179
-572876013
-526333370
-390489939
-166760839
-307193571
-559794472
-133982447
-294483255
-277440579
-419971188
-451736108
-316015440
-192384287
-308707415
-562733956
-628322335
-132667755
-362302969
-479920677
-541479294
-533257038
-272655929
-148941348
-340716862
-133744942
-320619422
-828779771
-398641089
-428676433
-551252793
-444415980
-530882318
-33634242
-657312129
-285472380
-459607636
-383960456
-312699096
-370592763
-460988945
-589429364
-300657406
