-156610713
-192317972
42911261
-19080732
706552547
1304195677
91913168
479126760
89072610
-123603790
-268773631
-234270734
-81801305
154713310
-528640527
2140808601
892378873
-146892761
133791372
-22364913
40350221
-470495692
-123480565
14032428
-143540457
-306905974
850910995
-614743454
-384146709
-499868633
-81237475
-392966160
-692256778
269322088
-348351846
-188329350
-252566382
-562593923
331494129
-516349023
263915552
-19335475
431516211
-321804354
341874617
-85566602
117655571
-224290894
780509188
249088119
652126676
-93070931
-128458550
357358792
1509355731
-445638804
-298497396
-188576957
-445172697
287900393
-144560338
-373000651
173731753
248377774
400078809
-256786010
-394814982
-270866695
-155256805
-194638971
-58156857
277112659
-301701159
-257613547
-466311697
-462016514
516539457
-292908995
1235590613
275715717
-730207090
-398395333
-117594192
-129651513
-335359896
-28158493
-161584322
-365027194
1206786014
-383643039
448779434
1029632804
-111655427
-61855135
471612431
1238673060
-197573941
-265010930
304279691
707857458
933712841
627327893
-285621647
-26190683
133031081
-72021671
-96290620
459408644
-347359674
12698293
729397119
-369213391
-230146933
235301365
-147468707
107686912
-13652583
197585086
-503184520
303960013
43374214
593600447
1455126075
354450938
343486878
-70818768
-476365870
-298467424
-30503594
-192462091
1062735743
964068096
-15155244
-162848290
2388753773
-395159207
1231322954
-368822953
-435524705
-303058657
493321416
653901154
-480558242
-673002198
238588947
-154140874
582253264
-241988273
436699487
-157512363
765635966
85475396
-384044940
618223080
323430271
848868017
-585806047
1378502361
412244512
-3645440
540900426
-129833120
298679464
-294636090
-278145489
-208208096
-584577557
316980653
719207775
1732792977
-312528547
-261199373
-29213346
-161266682
1416013635
-402624773
-658339122
820652838
-166586785
-220359299
291612000
-194345030
-12187442
456340178
-484593480
111010115
944259303
-310622381
814981243
86036869
365558418
132615443
-36479976
650844589
-212002539
186977170
-318961211
232581604
-344938408
225509758
-886617189
916218114
784013031
1227528116
427068700
1174039684
851076958
-194232221
-513911070
1111217010
-586456744
-75939279
-53402051
734144683
-570750635
-93805731
1005372620
1472532337
-369568488
782152192
-12269612
-368948644
-216450057
289292124
289811887
-414297173
-86967048
-227931546
-192755632
1734056225
-21283044
-377826057
-470331650
-44306970
827788608
-200675479
1783817863
1550805811
105530058
-206437312
1525185951
-290926797
-401622086
-423864963
-311310562
71895308
419674074
577588743
-323272606
-302041938
567174161
-175170990
-231094291
-129730535
410825099
1262167975
-607944402
425236722
-10711712
-108482760
-309740650
-417765607
-444661803
186269128
41990237
-618422157
1287697135
365444045
102252467
413937486
1169231135
2321451860
-232282276
336521694
-341737651
12553544
-242777796
-210261900
204124996
-231695211
640087049
-194258343
-74556925
-519158178
787383634
55043790
1082048763
928991329
-116012214
1264695100
-129342908
-422263770
2531712574
2649124243
680053821
-141127637
-489664714
-329937198
-335775012
1061642653
-280883492
677952799
1225903935
1101888361
-270598906
-409936535
-506718121
1480654617
291592075
-14642070
-159614645
696800323
-109990931
1072013813
-287267805
140273338
660202575
-376184195
1119555304
-98898203
427396941
-87012922
133031984
-554382319
1399857610
229181475
774418878
-57197900
-15440410
181081287
1224797663
-541576968
1040356869
-150004785
-474479193
204561989
-588056379
891636144
-221814088
-363682531
-159542291
-253450039
-241121097
-176163509
558513788
-25101878
-121949844
-116257639
141161415
60732751
-453033846
-17052384
131340777
88023543
2257644070
292395230
733240866
-465309866
85981284
62320397
-57327101
210827188
367725300
1429825997
1323920867
-123377534
-46572670
-167790795
-486613709
502929659
-64238628
631447800
2237332708
-32559421
344246743
579338737
1267144111
1305673536
455764590
-173202569
606606364
402407517
-299491483
-216378475
594309494
1905630311
-204024260
-201121698
81621059
483246197
-301422406
-414047900
-493067420
1713248307
-217833948
-302190617
-248883205
-95285556
2220784282
-37144736
-170271299
-479889084
-385044085
890767394
230146646
-43583460
-424873079
-397048286
-591506227
-541443468
-238006386
903250224
70171195
-277564758
-19700244
512848457
63320528
676641658
706857355
730427106
128129984
-464223561
593574659
-250814447
-33972805
443221194
18599070
-636054875
687891563
-148939642
-165939427
-53362975
-559522944
-187057267
-662442428
82990828
1392475947
-306949488
-55592404
71882309
-217820733
481479566
1505271044
-193418119
284375768
-262211860
1855914792
711005210
908609482
1453619392
-63720596
137933415
961639515
-105748896
1763087802
455031537
-18457754
-146386096
430437421
-512966163
-152034210
895351379
-207270696
-324273795
-421882250
82446002
241862555
-432320396
502168428
-402873773
-546198473
1851565742
-692738297
734619584
-26856171
71506762
1263875321
-394158039
457644290
290926438
-551951309
62839814
-50324866
-482063573
123162686
-121682703
207202229
-362986733
249036282
-213324154
315208087
-201056587
1360943314
529707689
-563135228
241501758
267761999
-222666838
1198728852
1094065340
80463037
1304086922
-12810354
-95192858
-156033715
-334404171
1233175836
108243424
2217022151
1688272107
355649649
-203040672
-289764487
-134733373
-277884386
-23151015
-127260907
-108263352
840617429
611654541
-198861218
375552761
-385591256
-570438508
-151229078
-108110037
-181676037
1008017964
343716301
-116299883
-132565038
111360057
-10083442
-51787271
-488054591
-75683055
-560070705
879430516
361055285
-511138705
864585677
181145718
1120047431
554557305
689385378
34198040
-349455815
282676100
-915974
-304868484
516160460
-294502606
-372772542
-278898837
-209199278
-336750736
637313359
-110670012
830692081
-246690839
428123633
-604324731
108049956
-26553761
674938473
94438121
6181864
-283306470
-52441505
596769435
-173965810
-336494820
-257741099
-428519763
7909170
-356960015
6535594
-28813154
-267426912
-637126622
2190775373
921530257
1613213035
592938378
-390050221
-123589597
-55922257
1713907043
323068924
-64329832
-289154809
161709977
434780818
436190060
-147423716
-569846703
-373302697
-385328441
409688498
-112766149
-480012730
326211007
133691846
386323885
382019839
2193472637
-50859804
-574261286
-414220167
1198035369
966401441
-601363705
1657918418
1164480743
483290892
72580581
246930572
1729310160
-203937753
-698294039
-157804776
-80321956
333908404
376949080
668729558
-299412850
-223490625
377057798
119549525
-292403305
91468519
919027862
176808205
786278628
370271087
-223618395
319898576
853034307
1809723127
-331100492
-415818276
964276863
-170770268
-8947765
-120110829
140713407
834210733
654513195
93304778
-206038923
-372912936
1345855012
-217896339
-41672576
92766861
-305318840
683644713
-405080978
-77482909
535586705
-488659172
-138195807
2201191867
-201054577
845220975
-10693546
-165572706
-47701456
856825078
-289510285
1156411729
-306732661
2160998455
-371815098
937820307
635093978
106455689
-292160831
263309934
66654966
-307481085
830852322
-190861889
-375135218
-187181138
-50022182
-185588675
355794491
1404442951
1010781157
-361460954
473554330
369427803
-127039924
-412688297
-99353747
-424169349
1900074325
200178134
274166450
809571973
397773408
-297503370
-237068809
-429068777
-173930424
539222167
2695731272
-10315340
-589104833
-83332100
622097195
-172732840
-416696482
-55926919
345451803
-2986256
324514705
-563696037
1195643412
-249092239
40231689
-381061661
-298431778
134163791
1298442885
-459285742
39535479
-616828924
251618329
1348522625
44618487
-175808934
-298160408
-49397123
480385273
-487988627
-127330243
525167148
79926074
599050115
1296548542
-417225131
-337815899
156034011
-274892176
-134924942
236918662
-77862908
483290556
169289888
8776694
546555904
-289469959
-114202202
-279969308
139939819
389080671
240201610
-372502843
1290090877
561480457
895666222
458116806
413056362
104977943
-492231973
-208773191
87248302
-67612524
-140721810
1532997596
20994810
1786289514
119361504
248678276
898504389
389354304
135181912
325258859
228844931
574553266
-413794231
-167163260
160939328
1798464957
-509024887
-401544082
-226551029
-492424087
-130091634
768488235
1464711569
-490744074
134156965
771011320
214567534
-242450350
726953946
1948070933
6687661
-5082124
-213999937
408284396
55885308
-117431905
-731536012
605565107
-159783982
2175620641
820399
-283364091
998837251
-183904236
191512567
584255816
1163120504
-181202730
-307684249
-45779336
-71630807
-202362803
5469228
1558597599
118625474
409453599
-138828415
1367438345
260974547
17707502
1384598693
1881915928
-87978357
-370993740
1924649939
556815444
-42383358
-391042222
-607050679
599363953
-260722198
-452200718
-224047370
-129699493
-142191478
195198405
419708543
229127415
-156820632
2850385394
-223831532
90563740
822633169
-218151211
