100
400000
18
361
278
42
27
357
309
90
547
219304
113436
63376
244084
297083
259854
108650
390097
353931
389060
165846
83367
230070
313228
286773
214929
64209
295611
282258
242098
198511
352164
46174
381660
200585
216047
96688
48975
209868
273123
194936
182955
229415
311194
68258
92837
349540
379238
95241
150873
125419
59910
167199
385403
91023
69074
362871
192262
149555
147331
251686
394256
385758
35669
192328
93599
258850
378075
396036
126061
278490
299256
141514
272478
384732
193911
237561
232085
260251
2406
87453
344551
208614
162370
213524
363991
340746
365226
177866
35064
247484
142085
271913
303372
58470
33035
246345
130493
260058
229508
