995 3473
1 500
1 546
1 613
1 678
1 722
1 757
1 994
2 3
2 313
2 649
2 684
2 701
2 899
2 913
3 99
3 335
3 521
3 629
3 758
3 843
4 5
4 31
4 135
4 313
4 353
4 705
4 724
5 402
5 422
5 579
5 681
5 753
5 915
6 7
6 8
6 9
6 10
6 11
6 320
6 721
7 8
7 9
7 10
7 11
7 112
7 852
8 9
8 10
8 11
8 13
8 335
9 10
9 11
9 108
9 842
10 11
10 657
10 810
11 363
11 764
12 13
12 14
12 172
12 671
12 765
12 909
12 916
13 14
13 277
13 454
13 631
13 863
14 26
14 348
14 658
14 707
14 929
15 16
15 17
15 18
15 19
15 403
15 897
15 954
16 17
16 18
16 19
16 107
16 170
16 624
17 18
17 19
17 26
17 653
17 716
18 19
18 613
18 656
18 929
19 397
19 585
19 791
20 21
20 22
20 23
20 24
20 499
20 713
20 908
21 22
21 23
21 24
21 270
21 991
22 23
22 24
22 43
22 402
22 566
23 24
23 25
23 120
23 213
24 119
24 611
24 712
25 26
25 27
25 28
25 46
25 183
25 546
26 27
26 28
26 187
26 362
27 28
27 165
27 433
27 654
27 902
28 342
28 375
28 535
28 976
29 105
29 335
29 361
29 422
29 781
29 811
29 926
30 31
30 32
30 67
30 284
30 404
30 415
30 683
31 32
31 110
31 249
31 571
31 636
32 375
32 419
33 34
33 35
33 36
33 37
33 38
33 39
33 604
34 35
34 36
34 37
34 38
34 39
34 711
35 36
35 37
35 38
35 39
35 942
36 37
36 38
36 39
36 911
37 38
37 39
37 348
38 39
38 576
40 41
40 42
40 43
40 44
40 45
40 46
40 969
41 42
41 43
41 44
41 45
41 46
41 301
42 43
42 44
42 45
42 46
42 848
43 44
43 45
43 46
44 45
44 46
44 682
45 46
45 486
47 48
47 49
47 50
47 51
47 52
47 388
47 431
48 49
48 50
48 51
48 52
48 526
48 607
49 50
49 51
49 52
49 408
49 499
50 51
50 52
50 437
50 633
51 52
51 315
51 351
52 681
52 754
53 54
53 55
53 56
53 57
53 58
53 59
53 60
54 55
54 56
54 57
54 58
54 59
54 60
55 56
55 57
55 58
55 59
55 60
56 57
56 58
56 59
56 60
57 58
57 59
57 60
58 59
58 60
59 60
61 62
61 63
61 64
61 65
61 248
61 399
61 978
62 63
62 64
62 65
62 430
62 809
62 895
63 64
63 65
63 447
63 570
63 891
64 65
64 216
64 765
64 789
65 300
65 387
65 953
66 271
66 312
66 343
66 412
66 447
66 608
66 915
67 349
67 417
67 522
67 728
67 831
67 977
68 69
68 70
68 71
68 72
68 73
68 425
68 681
69 70
69 71
69 72
69 73
69 354
69 676
70 71
70 72
70 73
70 345
70 591
71 72
71 73
71 632
71 975
72 73
72 466
72 714
73 357
73 615
74 75
74 76
74 77
74 78
74 79
74 80
74 81
75 76
75 77
75 78
75 79
75 80
75 81
76 77
76 78
76 79
76 80
76 81
77 78
77 79
77 80
77 81
78 79
78 80
78 81
79 80
79 81
80 81
82 83
82 84
82 85
82 86
82 87
82 157
82 977
83 84
83 85
83 86
83 87
83 462
83 501
84 85
84 86
84 87
84 343
84 604
85 86
85 87
85 656
85 892
86 87
86 426
86 452
87 329
87 374
88 89
88 90
88 91
88 92
88 93
88 94
88 297
89 90
89 91
89 92
89 93
89 94
89 594
90 91
90 92
90 93
90 94
90 361
91 92
91 93
91 94
91 892
92 93
92 94
92 464
93 94
93 983
94 683
95 96
95 97
95 98
95 99
95 100
95 101
95 247
96 97
96 98
96 99
96 100
96 101
96 932
97 98
97 99
97 100
97 101
97 676
98 99
98 100
98 101
98 712
99 100
99 101
100 101
100 484
101 304
102 103
102 104
102 305
102 336
102 695
102 762
102 901
103 104
103 299
103 403
103 505
103 535
103 565
104 109
104 301
104 586
104 793
104 843
105 106
105 107
105 612
105 633
105 902
105 973
106 107
106 359
106 764
106 812
106 899
107 430
107 564
107 727
107 817
108 109
108 110
108 111
108 203
108 212
108 389
109 110
109 111
109 426
109 573
109 610
110 111
110 300
110 648
110 750
111 348
111 763
111 863
111 893
112 113
112 114
112 115
112 436
112 666
112 823
113 114
113 115
113 276
113 501
113 626
113 786
114 115
114 403
114 452
114 597
114 850
115 186
115 398
115 565
115 891
116 334
116 346
116 462
116 578
116 716
116 758
116 839
117 118
117 119
117 127
117 387
117 412
117 525
117 706
118 119
118 678
118 726
118 790
118 804
118 837
119 425
119 444
119 545
119 916
120 121
120 122
120 123
120 124
120 125
120 707
121 122
121 123
121 124
121 125
121 606
122 123
122 124
122 125
122 405
122 700
123 124
123 125
123 546
123 729
124 125
124 202
124 648
125 269
125 572
126 127
126 128
126 544
126 585
126 694
126 705
126 899
127 128
127 365
127 467
127 609
127 628
128 227
128 272
128 415
128 470
128 954
129 130
129 131
129 200
129 369
129 391
129 511
129 597
130 131
130 349
130 362
130 435
130 511
130 955
131 302
131 337
131 511
131 808
131 844
132 133
132 134
132 135
132 136
132 137
132 725
132 759
133 134
133 135
133 136
133 137
133 213
133 682
134 135
134 136
134 137
134 416
134 829
135 136
135 137
135 435
136 137
136 524
136 580
137 347
137 584
138 139
138 140
138 435
138 525
138 570
138 652
138 700
139 140
139 367
139 408
139 453
139 747
139 906
140 506
140 586
140 654
140 808
140 817
141 142
141 143
141 144
141 145
141 146
141 147
141 148
142 143
142 144
142 145
142 146
142 147
142 148
143 144
143 145
143 146
143 147
143 148
144 145
144 146
144 147
144 148
145 146
145 147
145 148
146 147
146 148
147 148
149 150
149 151
149 152
149 153
149 154
149 155
149 438
150 151
150 152
150 153
150 154
150 155
150 723
151 152
151 153
151 154
151 155
151 497
152 153
152 154
152 155
152 986
153 154
153 155
153 457
154 155
154 665
155 810
156 157
156 158
156 159
156 160
156 161
156 979
156 984
157 158
157 159
157 160
157 161
157 416
158 159
158 160
158 161
158 384
158 780
159 160
159 161
159 429
159 994
160 161
160 762
160 925
161 394
161 892
162 163
162 164
162 165
162 166
162 167
162 375
162 912
163 164
163 165
163 166
163 167
163 434
163 854
164 165
164 166
164 167
164 336
164 366
165 166
165 167
165 609
166 167
166 429
166 892
167 712
167 964
168 169
168 170
168 171
168 172
168 173
168 468
168 925
169 170
169 171
169 172
169 173
169 614
169 936
170 171
170 172
170 173
170 684
171 172
171 173
171 679
171 930
172 173
172 727
173 201
173 331
174 175
174 176
174 177
174 178
174 179
174 180
174 181
175 176
175 177
175 178
175 179
175 180
175 181
176 177
176 178
176 179
176 180
176 181
177 178
177 179
177 180
177 181
178 179
178 180
178 181
179 180
179 181
180 181
182 183
182 184
182 188
182 502
182 701
182 893
182 943
183 184
183 350
183 511
183 605
183 746
184 269
184 399
184 724
184 762
184 979
185 186
185 187
185 188
185 189
185 190
185 191
185 200
186 187
186 188
186 189
186 190
186 191
187 188
187 189
187 190
187 191
188 189
188 190
188 191
189 190
189 191
189 361
190 191
190 311
192 193
192 194
192 195
192 196
192 197
192 198
192 199
193 194
193 195
193 196
193 197
193 198
193 199
194 195
194 196
194 197
194 198
194 199
195 196
195 197
195 198
195 199
196 197
196 198
196 199
197 198
197 199
198 199
200 201
200 202
200 203
200 414
200 484
201 202
201 203
201 435
201 463
201 610
202 203
202 411
202 605
202 612
203 365
203 368
203 914
204 205
204 206
204 207
204 208
204 209
204 210
204 211
205 206
205 207
205 208
205 209
205 210
205 211
206 207
206 208
206 209
206 210
206 211
207 208
207 209
207 210
207 211
208 209
208 210
208 211
209 210
209 211
210 211
212 213
212 214
212 215
212 216
212 530
212 980
213 214
213 215
213 216
213 433
214 215
214 216
214 446
214 595
214 890
215 216
215 568
215 716
215 833
216 372
216 721
217 218
217 219
217 220
217 221
217 222
217 223
217 224
218 219
218 220
218 221
218 222
218 223
218 224
219 220
219 221
219 222
219 223
219 224
220 221
220 222
220 223
220 224
221 222
221 223
221 224
222 223
222 224
223 224
225 226
225 227
225 228
225 229
225 230
225 346
225 366
226 227
226 228
226 229
226 230
226 411
226 974
227 228
227 229
227 230
227 545
228 229
228 230
228 271
228 792
229 230
229 748
229 895
230 713
230 988
231 232
231 233
231 234
231 235
231 236
231 237
231 238
232 233
232 234
232 235
232 236
232 237
232 238
233 234
233 235
233 236
233 237
233 238
234 235
234 236
234 237
234 238
235 236
235 237
235 238
236 237
236 238
237 238
239 240
239 241
239 242
239 243
239 244
239 245
239 246
240 241
240 242
240 243
240 244
240 245
240 246
241 242
241 243
241 244
241 245
241 246
242 243
242 244
242 245
242 246
243 244
243 245
243 246
244 245
244 246
245 246
247 248
247 249
247 250
247 251
247 252
247 381
248 249
248 250
248 251
248 252
248 728
249 250
249 251
249 252
250 251
250 252
250 699
250 870
251 252
251 280
251 863
252 603
252 854
253 254
253 255
253 256
253 257
253 258
253 259
253 260
254 255
254 256
254 257
254 258
254 259
254 260
255 256
255 257
255 258
255 259
255 260
256 257
256 258
256 259
256 260
257 258
257 259
257 260
258 259
258 260
259 260
261 262
261 263
261 264
261 265
261 266
261 267
261 268
262 263
262 264
262 265
262 266
262 267
262 268
263 264
263 265
263 266
263 267
263 268
264 265
264 266
264 267
264 268
265 266
265 267
265 268
266 267
266 268
267 268
269 270
269 271
269 272
269 510
269 580
270 271
270 272
270 463
270 571
270 614
271 272
271 781
271 891
272 531
272 841
272 894
273 274
273 275
273 276
273 277
273 278
273 369
273 717
274 275
274 276
274 277
274 278
274 773
274 792
275 276
275 277
275 278
275 363
275 959
276 277
276 278
276 652
277 278
277 611
278 282
278 404
279 280
279 281
279 355
279 413
279 436
279 483
279 766
280 281
280 388
280 439
280 466
280 570
281 463
281 507
281 666
281 790
281 841
282 283
282 284
282 285
282 286
282 387
282 485
283 284
283 285
283 286
283 370
283 524
283 830
284 285
284 286
284 596
284 706
285 286
285 416
285 684
285 994
286 406
286 598
286 980
287 288
287 289
287 290
287 291
287 292
287 293
287 294
288 289
288 290
288 291
288 292
288 293
288 294
289 290
289 291
289 292
289 293
289 294
290 291
290 292
290 293
290 294
291 292
291 293
291 294
292 293
292 294
293 294
295 296
295 297
295 298
295 299
295 488
295 725
295 826
296 297
296 298
296 299
296 440
296 453
296 461
297 298
297 299
297 374
297 930
298 299
298 380
298 462
298 715
299 317
299 600
300 301
300 302
300 303
300 304
300 888
301 302
301 303
301 304
301 468
302 303
302 304
302 562
302 904
303 304
303 436
303 576
303 978
304 497
304 933
305 306
305 307
305 308
305 309
305 310
305 311
306 307
306 308
306 309
306 310
306 311
306 906
307 308
307 309
307 310
307 311
307 582
308 309
308 310
308 311
308 448
309 310
309 311
309 403
310 311
310 598
312 313
312 314
312 315
312 316
312 395
312 685
313 314
313 315
313 316
313 533
314 315
314 316
314 332
314 911
314 914
315 316
315 411
315 669
316 356
316 455
316 832
317 318
317 319
317 320
317 553
317 630
317 775
318 319
318 320
318 535
318 863
318 980
318 985
319 320
319 352
319 357
319 417
319 626
320 615
320 910
320 937
321 322
321 323
321 324
321 325
321 326
321 327
321 328
322 323
322 324
322 325
322 326
322 327
322 328
323 324
323 325
323 326
323 327
323 328
324 325
324 326
324 327
324 328
325 326
325 327
325 328
326 327
326 328
327 328
329 330
329 331
329 332
329 333
329 334
329 360
330 331
330 332
330 333
330 334
330 628
330 780
331 332
331 333
331 334
331 653
332 333
332 334
332 748
333 334
333 636
333 976
334 903
335 336
335 350
335 527
335 585
336 454
336 512
336 700
336 791
337 338
337 339
337 340
337 341
337 342
337 462
338 339
338 340
338 341
338 342
338 583
338 715
339 340
339 341
339 342
339 362
339 413
340 341
340 342
340 570
340 813
341 342
341 599
341 681
342 863
343 575
343 631
343 662
343 706
343 990
344 345
344 346
344 347
344 759
344 763
344 916
344 932
345 346
345 347
345 568
345 595
345 820
346 347
346 549
346 598
347 610
347 632
347 816
348 349
348 359
348 434
348 436
349 390
349 410
349 414
349 890
350 359
350 660
350 703
350 779
350 929
351 377
351 447
351 569
351 682
351 904
351 928
352 353
352 354
352 355
352 356
352 594
352 746
353 354
353 355
353 356
353 615
353 705
354 355
354 356
354 612
354 931
355 356
355 891
355 925
356 723
356 780
357 358
357 359
357 360
357 727
357 828
358 359
358 360
358 581
358 645
358 808
358 985
359 360
359 852
360 372
360 630
360 819
361 362
361 760
361 809
361 956
362 485
362 708
362 831
363 364
363 365
363 371
363 601
363 893
364 365
364 498
364 544
364 664
364 793
364 993
365 394
365 530
365 632
366 367
366 368
366 369
366 370
366 729
367 368
367 369
367 370
367 396
367 499
368 369
368 370
368 648
368 979
369 370
369 719
370 510
370 708
371 372
371 373
371 374
371 437
371 706
371 718
372 373
372 374
372 628
372 655
373 374
373 451
373 763
373 810
373 896
374 528
374 761
375 376
375 377
375 378
375 396
376 377
376 378
376 611
376 615
376 956
377 378
377 649
377 712
377 846
378 407
378 453
378 761
378 818
379 410
379 448
379 653
379 703
379 704
379 715
379 970
380 381
380 382
380 383
380 384
380 385
380 386
381 382
381 383
381 384
381 385
381 386
382 383
382 384
382 385
382 386
382 821
383 384
383 385
383 386
383 410
384 385
384 386
385 386
385 853
386 455
387 522
387 635
387 854
387 926
388 450
388 455
388 674
388 842
388 966
389 390
389 391
389 392
389 393
389 394
389 625
390 391
390 392
390 393
390 394
390 664
391 392
391 393
391 394
391 455
392 393
392 394
392 446
392 789
393 394
393 594
393 605
395 396
395 397
395 398
395 399
395 400
395 488
396 397
396 398
396 399
396 400
397 398
397 399
397 400
397 854
398 399
398 400
398 628
399 400
400 848
400 887
401 402
401 403
401 502
401 592
401 729
401 771
401 789
402 403
402 523
402 952
402 960
403 703
404 405
404 406
404 407
404 614
404 656
405 406
405 407
405 612
405 660
405 887
406 407
406 414
406 427
406 712
407 454
407 504
407 724
408 429
408 455
408 524
408 691
408 711
409 410
409 437
409 483
409 632
409 649
409 655
409 705
410 594
410 624
410 806
411 412
411 568
411 930
411 952
412 510
412 511
412 512
412 774
413 414
413 452
413 567
413 711
413 822
414 430
414 432
414 810
415 631
415 825
415 930
415 954
415 978
416 657
416 930
416 934
416 967
417 548
417 586
417 613
417 702
417 969
418 419
418 420
418 421
418 422
418 423
418 627
418 683
419 420
419 421
419 422
419 423
419 761
420 421
420 422
420 423
420 449
420 581
421 422
421 423
421 574
421 706
422 423
423 832
423 977
424 425
424 426
424 427
424 428
424 451
424 789
424 893
425 426
425 427
425 428
425 927
426 427
426 428
426 710
427 428
427 512
427 635
428 593
428 793
428 851
429 430
429 431
429 652
429 849
430 431
430 748
430 802
431 434
431 501
431 658
431 995
432 433
432 434
432 708
432 751
432 906
432 940
433 434
433 624
433 958
434 813
434 829
435 436
435 437
435 534
436 437
436 545
437 747
437 784
438 451
438 455
438 460
438 526
438 793
438 934
439 440
439 441
439 442
439 443
439 444
439 445
440 441
440 442
440 443
440 444
440 445
441 442
441 443
441 444
441 445
441 606
442 443
442 444
442 445
442 780
443 444
443 445
443 912
444 445
445 819
446 459
446 512
446 662
446 701
446 974
447 448
447 449
447 450
447 682
448 449
448 450
448 527
448 720
449 450
449 545
449 818
449 968
450 602
450 645
450 760
451 452
451 453
451 847
451 910
452 453
452 535
452 868
453 809
453 827
454 483
454 842
454 843
454 893
455 915
456 457
456 458
456 459
456 460
456 461
456 510
456 525
457 458
457 459
457 460
457 461
457 670
458 459
458 460
458 461
458 680
459 460
459 461
459 814
460 461
460 976
461 630
462 463
462 510
462 887
463 628
463 652
463 701
464 465
464 466
464 467
464 468
464 959
464 978
465 466
465 467
465 468
465 707
465 772
465 842
466 467
466 468
466 864
467 468
467 803
467 851
468 612
469 470
469 471
469 472
469 473
469 474
469 663
469 960
470 471
470 472
470 473
470 474
470 706
471 472
471 473
471 474
471 485
471 758
472 473
472 474
472 534
472 894
473 474
473 607
473 994
474 715
474 928
475 476
475 477
475 478
475 479
475 480
475 481
475 482
476 477
476 478
476 479
476 480
476 481
476 482
477 478
477 479
477 480
477 481
477 482
478 479
478 480
478 481
478 482
479 480
479 481
479 482
480 481
480 482
481 482
483 646
483 668
483 843
483 974
484 485
484 486
484 487
484 488
484 627
485 486
485 487
485 488
486 487
486 488
486 562
486 588
487 488
487 665
487 723
487 844
488 808
489 490
489 491
489 492
489 493
489 494
489 495
489 496
490 491
490 492
490 493
490 494
490 495
490 496
491 492
491 493
491 494
491 495
491 496
492 493
492 494
492 495
492 496
493 494
493 495
493 496
494 495
494 496
495 496
497 528
497 533
497 564
497 628
497 851
498 499
498 500
498 501
498 502
498 721
498 890
499 500
499 501
499 502
500 501
500 502
500 828
500 841
501 502
502 935
503 504
503 505
503 506
503 507
503 508
503 509
503 833
504 505
504 506
504 507
504 508
504 509
505 506
505 507
505 508
505 509
506 507
506 508
506 509
507 508
507 509
508 509
508 567
509 583
510 511
510 512
511 512
512 594
513 514
513 515
513 516
513 517
513 518
513 519
513 520
514 515
514 516
514 517
514 518
514 519
514 520
515 516
515 517
515 518
515 519
515 520
516 517
516 518
516 519
516 520
517 518
517 519
517 520
518 519
518 520
519 520
521 522
521 523
521 524
521 598
521 863
521 973
522 523
522 524
522 597
522 776
523 524
523 713
523 847
523 994
524 893
525 526
525 709
525 894
525 925
526 625
526 781
526 834
526 939
527 528
527 529
527 530
527 531
527 532
528 529
528 530
528 531
528 532
529 530
529 531
529 532
529 636
529 711
530 531
530 532
531 532
531 665
532 728
532 911
533 534
533 636
533 714
533 725
533 787
534 547
534 684
534 710
534 724
535 598
535 929
535 952
536 537
536 538
536 539
536 540
536 541
536 542
536 543
537 538
537 539
537 540
537 541
537 542
537 543
538 539
538 540
538 541
538 542
538 543
539 540
539 541
539 542
539 543
540 541
540 542
540 543
541 542
541 543
542 543
544 545
544 546
544 610
544 752
544 836
545 546
545 833
546 600
546 850
547 548
547 549
547 550
547 551
547 552
547 553
548 549
548 550
548 551
548 552
548 553
549 550
549 551
549 552
549 553
550 551
550 552
550 553
550 793
551 552
551 553
551 854
552 553
552 915
554 555
554 556
554 557
554 558
554 559
554 560
554 561
555 556
555 557
555 558
555 559
555 560
555 561
556 557
556 558
556 559
556 560
556 561
557 558
557 559
557 560
557 561
558 559
558 560
558 561
559 560
559 561
560 561
562 563
562 564
562 565
562 566
562 567
563 564
563 565
563 566
563 567
563 625
563 714
564 565
564 566
564 567
565 566
565 567
566 567
566 980
568 569
568 570
568 729
568 833
569 570
569 816
569 843
569 935
569 977
570 792
571 572
571 573
571 574
571 575
571 576
572 573
572 574
572 575
572 576
572 597
573 574
573 575
573 576
573 602
574 575
574 576
574 606
575 576
575 889
577 578
577 579
577 580
577 581
577 718
577 726
577 926
578 579
578 580
578 581
578 953
578 975
579 580
579 581
579 596
579 722
580 581
580 604
581 582
582 583
582 584
582 585
582 586
582 782
583 584
583 585
583 586
583 938
584 585
584 586
584 606
584 822
585 586
587 588
587 589
587 590
587 591
587 592
587 593
587 958
588 589
588 590
588 591
588 592
588 593
589 590
589 591
589 592
589 593
589 604
590 591
590 592
590 593
590 650
591 592
591 593
592 593
594 647
594 926
595 596
595 597
595 609
595 702
595 898
596 597
596 667
596 715
596 783
597 803
598 615
598 685
599 600
599 601
599 602
599 603
599 688
599 729
600 601
600 602
600 603
600 896
601 602
601 603
601 722
601 911
602 603
602 929
603 780
603 806
604 756
604 769
604 968
605 606
605 607
605 684
605 976
606 607
606 845
607 653
607 755
607 850
608 609
608 610
608 652
608 729
608 788
608 962
609 610
609 835
609 972
610 700
611 612
611 613
611 647
611 968
612 613
613 807
613 983
614 615
614 710
614 833
614 970
615 823
616 617
616 618
616 619
616 620
616 621
616 622
616 623
617 618
617 619
617 620
617 621
617 622
617 623
618 619
618 620
618 621
618 622
618 623
619 620
619 621
619 622
619 623
620 621
620 622
620 623
621 622
621 623
622 623
624 625
624 626
624 627
624 645
625 626
625 627
625 844
626 627
626 650
626 654
627 633
627 763
628 963
629 630
629 631
629 632
629 646
629 829
629 953
630 631
630 632
630 849
631 632
631 896
633 634
633 635
633 636
633 865
634 635
634 636
634 680
634 830
634 847
634 901
635 636
635 930
635 979
637 638
637 639
637 640
637 641
637 642
637 643
637 644
638 639
638 640
638 641
638 642
638 643
638 644
639 640
639 641
639 642
639 643
639 644
640 641
640 642
640 643
640 644
641 642
641 643
641 644
642 643
642 644
643 644
645 646
645 713
645 792
645 793
646 650
646 821
646 912
646 916
647 648
647 649
647 650
647 651
647 702
648 649
648 650
648 651
649 650
649 651
650 651
651 759
651 814
652 653
652 815
653 703
653 704
654 655
654 656
654 657
654 790
655 656
655 657
655 667
655 709
656 657
656 831
657 722
657 972
658 659
658 660
658 661
658 662
658 663
659 660
659 661
659 662
659 663
659 971
659 978
660 661
660 662
660 663
661 662
661 663
661 713
661 854
662 663
663 668
664 665
664 666
664 667
664 668
664 821
665 666
665 667
665 668
666 667
666 668
666 909
667 668
667 677
668 954
669 670
669 671
669 672
669 673
669 674
669 675
670 671
670 672
670 673
670 674
670 675
671 672
671 673
671 674
671 675
672 673
672 674
672 675
672 714
673 674
673 675
673 761
674 675
675 984
676 677
676 678
676 679
676 680
676 721
677 678
677 679
677 680
677 701
677 852
678 679
678 680
678 808
679 680
679 767
679 900
680 863
681 683
681 791
681 810
682 683
682 684
682 907
683 684
683 770
685 762
685 777
685 928
685 965
685 995
686 687
686 688
686 689
686 690
686 691
686 692
686 912
687 688
687 689
687 690
687 691
687 692
687 760
688 689
688 690
688 691
688 692
689 690
689 691
689 692
689 805
690 691
690 692
690 913
691 692
692 987
693 694
693 695
693 696
693 697
693 698
693 699
693 729
694 695
694 696
694 697
694 698
694 699
695 696
695 697
695 698
695 699
696 697
696 698
696 699
696 889
697 698
697 699
697 716
698 699
698 709
700 701
700 702
701 702
702 760
702 824
703 704
703 717
703 758
704 832
704 841
704 866
704 913
705 706
705 980
705 989
707 708
707 709
707 710
707 717
708 709
708 710
708 891
709 710
709 809
710 846
711 712
711 746
711 968
712 781
713 714
713 717
714 898
714 982
715 820
715 995
716 717
716 718
716 899
717 718
717 781
718 723
718 811
718 908
719 720
719 721
719 722
719 723
719 848
719 977
720 721
720 722
720 725
720 852
720 995
721 722
723 724
723 790
724 792
724 900
725 726
725 727
725 728
726 727
726 728
726 895
726 978
727 728
727 845
728 780
730 731
730 732
730 733
730 734
730 735
730 736
730 737
731 732
731 733
731 734
731 735
731 736
731 737
732 733
732 734
732 735
732 736
732 737
733 734
733 735
733 736
733 737
734 735
734 736
734 737
735 736
735 737
736 737
738 739
738 740
738 741
738 742
738 743
738 744
738 745
739 740
739 741
739 742
739 743
739 744
739 745
740 741
740 742
740 743
740 744
740 745
741 742
741 743
741 744
741 745
742 743
742 744
742 745
743 744
743 745
744 745
746 747
746 748
746 749
746 750
747 748
747 749
747 750
747 824
748 749
748 750
749 750
749 844
749 890
749 992
750 910
750 995
751 752
751 753
751 754
751 755
751 756
751 757
752 753
752 754
752 755
752 756
752 757
753 754
753 755
753 756
753 757
754 755
754 756
754 757
755 756
755 757
756 757
758 759
758 760
758 761
759 760
759 761
759 888
760 761
762 763
762 764
762 765
763 764
763 765
764 765
764 892
764 929
765 846
766 767
766 768
766 769
766 770
766 771
766 772
767 768
767 769
767 770
767 771
767 772
768 769
768 770
768 771
768 772
768 898
769 770
769 771
769 772
770 771
770 772
771 772
773 774
773 775
773 776
773 777
773 778
773 779
774 775
774 776
774 777
774 778
774 779
775 776
775 777
775 778
775 779
776 777
776 778
776 779
777 778
777 779
778 779
778 826
780 936
781 842
781 975
782 783
782 784
782 785
782 786
782 787
782 788
783 784
783 785
783 786
783 787
783 788
784 785
784 786
784 787
784 788
785 786
785 787
785 788
785 975
786 787
786 788
787 788
789 790
789 791
789 957
790 791
790 845
791 833
791 969
792 793
792 854
794 795
794 796
794 797
794 798
794 799
794 800
794 801
795 796
795 797
795 798
795 799
795 800
795 801
796 797
796 798
796 799
796 800
796 801
797 798
797 799
797 800
797 801
798 799
798 800
798 801
799 800
799 801
800 801
802 803
802 804
802 805
802 806
802 807
802 931
803 804
803 805
803 806
803 807
804 805
804 806
804 807
804 869
805 806
805 807
805 907
806 807
807 897
808 809
808 971
809 810
809 994
810 899
811 812
811 813
811 814
811 815
811 816
812 813
812 814
812 815
812 816
812 941
813 814
813 815
813 816
814 815
814 816
815 816
815 867
817 818
817 819
817 820
817 821
817 853
818 819
818 820
818 821
818 953
819 820
819 821
819 927
820 821
820 957
822 823
822 824
822 825
822 826
822 827
823 824
823 825
823 826
823 827
824 825
824 826
824 827
825 826
825 827
825 969
826 827
827 970
828 829
828 830
828 831
828 832
828 972
829 830
829 831
829 832
830 831
830 832
830 914
831 832
833 912
834 835
834 836
834 837
834 838
834 839
834 840
835 836
835 837
835 838
835 839
835 840
836 837
836 838
836 839
836 840
837 838
837 839
837 840
838 839
838 840
839 840
840 961
841 842
841 851
841 995
842 911
843 844
843 889
844 853
844 986
845 846
845 847
845 848
845 849
846 847
846 848
846 849
847 848
847 849
848 849
849 973
850 851
850 852
850 853
850 928
851 852
851 853
852 853
853 892
855 856
855 857
855 858
855 859
855 860
855 861
855 862
856 857
856 858
856 859
856 860
856 861
856 862
857 858
857 859
857 860
857 861
857 862
858 859
858 860
858 861
858 862
859 860
859 861
859 862
860 861
860 862
861 862
864 865
864 866
864 867
864 868
864 869
864 870
865 866
865 867
865 868
865 869
865 870
866 867
866 868
866 869
866 870
867 868
867 869
867 870
868 869
868 870
869 870
871 872
871 873
871 874
871 875
871 876
871 877
871 878
872 873
872 874
872 875
872 876
872 877
872 878
873 874
873 875
873 876
873 877
873 878
874 875
874 876
874 877
874 878
875 876
875 877
875 878
876 877
876 878
877 878
879 880
879 881
879 882
879 883
879 884
879 885
879 886
880 881
880 882
880 883
880 884
880 885
880 886
881 882
881 883
881 884
881 885
881 886
882 883
882 884
882 885
882 886
883 884
883 885
883 886
884 885
884 886
885 886
887 888
887 889
887 890
887 979
888 889
888 890
888 952
888 971
889 890
889 899
891 892
891 933
893 899
894 895
894 896
894 897
894 898
895 896
895 897
895 898
896 897
896 898
897 898
897 914
900 901
900 902
900 903
900 904
900 905
901 902
901 903
901 904
901 905
902 903
902 904
902 905
903 904
903 905
903 927
904 905
906 907
906 908
906 909
906 910
907 908
907 909
907 910
907 955
908 909
908 910
908 981
909 910
911 912
911 981
912 980
913 914
913 915
913 916
913 953
914 915
914 916
915 916
917 918
917 919
917 920
917 921
917 922
917 923
917 924
918 919
918 920
918 921
918 922
918 923
918 924
919 920
919 921
919 922
919 923
919 924
920 921
920 922
920 923
920 924
921 922
921 923
921 924
922 923
922 924
923 924
925 926
925 927
925 928
926 927
926 928
927 928
927 979
929 930
931 932
931 933
931 934
931 935
931 936
932 933
932 934
932 935
932 936
933 934
933 935
933 936
934 935
934 936
935 936
937 938
937 939
937 940
937 941
937 942
937 943
938 939
938 940
938 941
938 942
938 943
939 940
939 941
939 942
939 943
940 941
940 942
940 943
941 942
941 943
942 943
944 945
944 946
944 947
944 948
944 949
944 950
944 951
945 946
945 947
945 948
945 949
945 950
945 951
946 947
946 948
946 949
946 950
946 951
947 948
947 949
947 950
947 951
948 949
948 950
948 951
949 950
949 951
950 951
952 953
952 954
952 977
953 954
954 982
955 956
955 957
955 958
955 959
955 960
956 957
956 958
956 959
956 960
957 958
957 959
957 960
958 959
958 960
959 960
961 962
961 963
961 964
961 965
961 966
961 967
962 963
962 964
962 965
962 966
962 967
963 964
963 965
963 966
963 967
964 965
964 966
964 967
965 966
965 967
966 967
968 969
968 975
968 976
969 975
969 976
970 971
970 972
970 973
970 974
971 972
971 973
971 974
972 973
972 974
973 974
975 976
977 978
979 980
981 982
981 983
981 984
981 985
981 986
982 983
982 984
982 985
982 986
983 984
983 985
983 986
984 985
984 986
985 986
987 988
987 989
987 990
987 991
987 992
987 993
988 989
988 990
988 991
988 992
988 993
989 990
989 991
989 992
989 993
990 991
990 992
990 993
991 992
991 993
992 993
994 995
