997 3480
1 2
1 108
1 215
1 409
1 810
1 889
1 973
2 74
2 587
2 731
2 876
2 883
2 925
3 4
3 5
3 6
3 7
3 8
3 9
3 10
4 5
4 6
4 7
4 8
4 9
4 10
5 6
5 7
5 8
5 9
5 10
6 7
6 8
6 9
6 10
7 8
7 9
7 10
8 9
8 10
9 10
11 12
11 13
11 14
11 15
11 40
11 130
11 693
12 13
12 14
12 15
12 105
12 152
12 228
13 14
13 15
13 120
13 683
13 828
14 15
14 423
14 608
14 881
15 132
15 365
15 923
16 133
16 309
16 519
16 598
16 665
16 729
16 975
17 137
17 382
17 404
17 636
17 671
17 694
17 926
18 19
18 20
18 178
18 192
18 259
18 687
18 808
19 20
19 71
19 306
19 319
19 923
19 968
20 152
20 195
20 417
20 699
20 959
21 22
21 23
21 24
21 25
21 26
21 27
21 28
22 23
22 24
22 25
22 26
22 27
22 28
23 24
23 25
23 26
23 27
23 28
24 25
24 26
24 27
24 28
25 26
25 27
25 28
26 27
26 28
27 28
29 30
29 31
29 32
29 33
29 34
29 251
29 472
30 31
30 32
30 33
30 34
30 88
30 155
31 32
31 33
31 34
31 157
31 208
32 33
32 34
32 628
32 937
33 34
33 584
33 886
34 839
34 924
35 36
35 37
35 38
35 39
35 40
35 599
35 689
36 37
36 38
36 39
36 40
36 163
36 555
37 38
37 39
37 40
37 817
37 829
38 39
38 40
38 224
38 751
39 40
39 722
39 935
40 203
41 194
41 226
41 406
41 537
41 685
41 700
41 967
42 43
42 44
42 45
42 46
42 139
42 180
42 583
43 44
43 45
43 46
43 135
43 171
43 533
44 45
44 46
44 156
44 244
44 936
45 46
45 681
45 695
45 922
46 152
46 545
46 726
47 48
47 49
47 50
47 51
47 52
47 53
47 54
48 49
48 50
48 51
48 52
48 53
48 54
49 50
49 51
49 52
49 53
49 54
50 51
50 52
50 53
50 54
51 52
51 53
51 54
52 53
52 54
53 54
55 56
55 57
55 58
55 430
55 503
55 893
55 997
56 57
56 58
56 94
56 199
56 277
56 344
57 58
57 110
57 240
57 297
57 887
58 132
58 206
58 349
58 904
59 60
59 61
59 62
59 63
59 64
59 65
59 185
60 61
60 62
60 63
60 64
60 65
60 992
61 62
61 63
61 64
61 65
61 681
62 63
62 64
62 65
62 310
63 64
63 65
63 230
64 65
64 584
65 238
66 67
66 133
66 135
66 184
66 188
66 252
66 724
67 246
67 376
67 407
67 422
67 474
67 813
68 69
68 70
68 71
68 86
68 581
68 842
68 996
69 70
69 71
69 757
70 71
70 501
70 520
70 628
70 906
71 180
71 612
71 877
72 73
72 74
72 75
72 76
72 169
72 253
72 611
73 74
73 75
73 76
73 540
73 626
73 929
74 75
74 76
74 690
74 972
75 76
75 107
75 733
75 871
76 175
76 583
76 809
77 78
77 192
77 319
77 416
77 561
77 607
77 685
78 206
78 240
78 241
78 242
78 828
78 901
79 80
79 81
79 82
79 83
79 84
79 85
79 601
80 81
80 82
80 83
80 84
80 85
80 869
81 82
81 83
81 84
81 85
81 168
82 83
82 84
82 85
82 857
83 84
83 85
83 666
84 85
84 901
85 413
86 87
86 88
86 89
86 90
86 91
86 555
87 88
87 89
87 90
87 91
87 545
87 860
88 89
88 90
88 91
88 348
89 90
89 91
89 176
89 957
90 91
90 410
90 638
91 186
91 270
92 93
92 507
92 582
92 817
92 895
92 917
92 974
93 265
93 598
93 637
93 653
93 731
93 854
94 95
94 96
94 97
94 98
94 99
94 229
95 96
95 97
95 98
95 99
95 164
95 321
96 97
96 98
96 99
96 687
96 701
97 98
97 99
97 204
97 683
98 99
98 508
98 962
99 503
99 669
100 101
100 102
100 103
100 104
100 105
100 106
100 976
101 102
101 103
101 104
101 105
101 106
101 666
102 103
102 104
102 105
102 106
102 925
103 104
103 105
103 106
103 582
104 105
104 106
104 387
105 106
106 624
107 108
107 109
107 110
107 111
107 597
107 960
108 109
108 110
108 111
108 546
108 977
109 110
109 111
109 522
109 566
109 976
110 111
110 428
110 795
111 128
111 257
111 688
112 113
112 114
112 115
112 116
112 117
112 118
112 119
113 114
113 115
113 116
113 117
113 118
113 119
114 115
114 116
114 117
114 118
114 119
115 116
115 117
115 118
115 119
116 117
116 118
116 119
117 118
117 119
118 119
120 121
120 234
120 320
120 372
120 879
120 883
121 377
121 406
121 557
121 640
121 792
121 969
122 123
122 124
122 125
122 187
122 614
122 913
122 937
123 124
123 125
123 278
123 475
123 503
123 837
124 125
124 350
124 565
124 665
124 961
125 345
125 424
125 602
125 795
126 127
126 128
126 129
126 130
126 165
126 890
126 964
127 128
127 129
127 130
127 225
127 377
127 418
128 129
128 130
128 250
128 997
129 130
129 752
129 978
130 382
130 884
131 132
131 292
131 351
131 381
131 411
131 885
131 969
132 204
132 291
132 447
132 891
133 234
133 725
133 877
133 886
133 902
134 135
134 136
134 137
134 280
134 379
134 422
134 905
135 136
135 137
135 758
135 828
136 137
136 443
136 448
136 725
136 858
137 177
137 887
137 972
138 139
138 140
138 141
138 142
138 143
138 626
138 992
139 140
139 141
139 142
139 143
139 685
140 141
140 142
140 143
140 412
140 698
141 142
141 143
141 258
141 881
142 143
142 323
142 889
143 751
143 966
144 145
144 146
144 147
144 148
144 149
144 150
144 151
145 146
145 147
145 148
145 149
145 150
145 151
146 147
146 148
146 149
146 150
146 151
147 148
147 149
147 150
147 151
148 149
148 150
148 151
149 150
149 151
150 151
152 153
152 154
152 155
152 366
153 154
153 155
153 291
153 411
153 419
153 755
154 155
154 379
154 384
154 542
154 653
155 668
155 832
155 922
156 408
156 612
156 634
156 758
156 810
156 880
157 158
157 159
157 160
157 161
157 162
157 227
158 159
158 160
158 161
158 162
158 199
158 753
159 160
159 161
159 162
159 983
159 995
160 161
160 162
160 194
160 539
161 162
161 369
161 834
162 241
162 294
163 164
163 165
163 166
164 165
164 166
164 439
164 855
164 997
165 166
165 630
165 727
165 885
166 278
166 323
166 695
166 984
167 168
167 169
167 170
167 171
167 172
167 173
167 871
168 169
168 170
168 171
168 172
168 173
169 170
169 171
169 172
169 173
170 171
170 172
170 173
170 562
171 172
171 173
172 173
172 405
173 569
174 175
174 176
174 177
174 178
174 876
174 921
174 997
175 176
175 177
175 178
175 256
175 624
176 177
176 178
176 441
176 903
177 178
177 268
177 754
178 904
178 924
179 180
179 181
179 182
179 183
179 184
179 280
179 324
180 181
180 182
180 183
180 184
181 182
181 183
181 184
181 249
181 543
182 183
182 184
182 793
182 839
183 184
183 293
183 697
184 816
185 186
185 405
185 791
185 805
185 935
185 976
186 235
186 414
186 522
186 554
186 631
187 188
187 324
187 370
187 653
187 897
187 972
188 409
188 427
188 698
188 892
188 969
189 190
189 191
189 192
189 230
189 291
189 446
189 721
190 191
190 192
190 532
190 686
190 807
190 984
191 192
191 198
191 254
191 681
191 927
192 557
192 881
193 194
193 279
193 472
193 505
193 669
193 835
193 876
194 811
194 884
194 925
194 984
195 196
195 197
195 198
195 199
195 446
195 826
196 197
196 198
196 199
196 214
196 280
196 923
197 198
197 199
197 248
197 545
197 872
198 199
198 698
198 832
200 201
200 202
200 203
200 204
200 408
200 965
200 970
201 202
201 203
201 204
201 824
201 872
201 903
202 203
202 204
202 238
202 732
202 838
203 204
203 794
203 819
204 654
205 206
205 207
205 208
205 229
205 367
205 730
205 976
206 207
206 208
206 568
206 757
207 208
207 430
207 501
207 665
207 910
208 304
208 813
208 834
209 210
209 211
209 212
209 213
209 214
209 215
209 699
210 211
210 212
210 213
210 214
210 215
210 818
211 212
211 213
211 214
211 215
211 294
212 213
212 214
212 215
212 702
213 214
213 215
213 380
214 215
216 217
216 218
216 219
216 220
216 221
216 222
216 223
217 218
217 219
217 220
217 221
217 222
217 223
218 219
218 220
218 221
218 222
218 223
219 220
219 221
219 222
219 223
220 221
220 222
220 223
221 222
221 223
222 223
224 225
224 226
224 227
224 347
224 410
224 886
225 226
225 227
225 601
225 724
225 928
226 227
226 475
226 905
226 995
227 523
227 609
227 924
228 229
228 230
228 422
228 541
228 720
228 873
229 230
229 450
229 457
229 509
230 236
230 805
230 967
231 232
231 233
231 234
231 366
231 806
231 926
232 233
232 234
232 267
232 602
232 603
232 723
233 234
233 322
233 631
233 639
233 728
234 243
234 250
235 445
235 605
235 624
235 734
235 883
235 927
236 237
236 238
236 239
236 752
236 902
236 926
237 238
237 239
237 243
237 458
237 474
237 631
238 239
238 700
238 756
239 381
239 728
239 833
239 889
240 241
240 242
240 624
240 806
240 996
241 242
241 296
241 633
241 675
242 585
242 664
242 667
242 821
243 686
243 719
243 804
243 874
243 875
244 245
244 246
244 247
244 248
244 249
244 532
245 246
245 247
245 248
245 249
245 676
245 825
246 247
246 248
246 249
246 682
247 248
247 249
247 521
247 974
248 249
248 348
249 673
250 251
250 252
250 253
250 254
250 812
251 252
251 253
251 254
251 552
251 791
252 253
252 254
252 720
252 836
253 254
253 856
253 954
254 460
254 887
255 256
255 257
255 258
255 259
255 260
255 601
255 914
256 257
256 258
256 259
256 260
256 753
257 258
257 259
257 260
257 322
258 259
258 260
259 260
259 415
260 653
260 869
261 262
261 263
261 264
261 265
261 266
261 267
261 282
262 263
262 264
262 265
262 266
262 267
262 926
263 264
263 265
263 266
263 267
263 880
264 265
264 266
264 267
264 355
265 266
265 267
266 267
266 907
268 269
268 270
268 271
268 272
268 273
268 274
269 270
269 271
269 272
269 273
269 274
269 955
270 271
270 272
270 273
270 274
271 272
271 273
271 274
271 603
272 273
272 274
272 597
273 274
273 695
274 536
275 276
275 277
275 278
275 279
275 446
275 827
275 926
276 277
276 278
276 279
276 968
276 980
276 993
277 278
277 279
277 681
278 279
278 321
279 680
279 694
280 281
280 282
280 820
280 960
281 282
281 295
281 815
281 920
281 956
281 973
282 554
282 835
282 882
282 990
283 284
283 285
283 286
283 287
283 288
283 289
283 290
284 285
284 286
284 287
284 288
284 289
284 290
285 286
285 287
285 288
285 289
285 290
286 287
286 288
286 289
286 290
287 288
287 289
287 290
288 289
288 290
289 290
291 293
291 599
291 878
291 986
292 293
292 294
292 310
292 588
292 915
292 995
293 294
293 588
293 687
293 886
294 588
294 601
294 698
295 296
295 297
295 298
295 299
295 300
295 301
296 297
296 298
296 299
296 300
296 301
297 298
297 299
297 300
297 301
298 299
298 300
298 301
298 820
299 300
299 301
299 677
300 301
300 829
301 684
302 303
302 304
302 305
302 306
302 307
302 308
302 441
303 304
303 305
303 306
303 307
303 308
303 959
304 305
304 306
304 307
304 308
305 306
305 307
305 308
305 463
306 307
306 308
307 308
307 992
308 668
309 310
309 386
309 536
309 653
309 678
309 793
310 407
310 586
310 691
310 823
311 312
311 313
311 314
311 315
311 316
311 317
311 318
312 313
312 314
312 315
312 316
312 317
312 318
313 314
313 315
313 316
313 317
313 318
314 315
314 316
314 317
314 318
315 316
315 317
315 318
316 317
316 318
317 318
319 320
319 321
319 322
319 375
319 885
320 321
320 322
320 641
320 702
320 957
321 322
321 353
321 897
322 368
322 440
323 324
323 367
323 654
323 721
323 959
324 547
324 682
324 880
324 963
325 326
325 327
325 328
325 329
325 330
325 331
325 332
326 327
326 328
326 329
326 330
326 331
326 332
327 328
327 329
327 330
327 331
327 332
328 329
328 330
328 331
328 332
329 330
329 331
329 332
330 331
330 332
331 332
333 334
333 335
333 336
333 337
333 338
333 339
333 340
334 335
334 336
334 337
334 338
334 339
334 340
335 336
335 337
335 338
335 339
335 340
336 337
336 338
336 339
336 340
337 338
337 339
337 340
338 339
338 340
339 340
341 342
341 343
341 344
341 345
341 346
341 347
341 673
342 343
342 344
342 345
342 346
342 347
342 840
343 344
343 345
343 346
343 347
343 903
344 345
344 346
344 347
345 346
345 347
346 347
346 720
348 349
348 725
348 835
348 919
348 927
349 678
349 696
349 697
349 806
349 894
350 351
350 352
350 353
350 354
350 355
350 356
351 352
351 353
351 354
351 355
351 356
352 353
352 354
352 355
352 356
352 533
353 354
353 355
353 356
354 355
354 356
354 955
355 356
356 473
357 358
357 359
357 360
357 361
357 362
357 363
357 364
358 359
358 360
358 361
358 362
358 363
358 364
359 360
359 361
359 362
359 363
359 364
360 361
360 362
360 363
360 364
361 362
361 363
361 364
362 363
362 364
363 364
365 366
365 367
365 368
365 369
365 502
365 809
366 367
366 368
366 369
366 905
367 368
367 369
367 675
368 369
368 383
368 624
369 404
369 683
370 371
370 372
370 373
370 374
370 375
370 376
371 372
371 373
371 374
371 375
371 376
371 410
372 373
372 374
372 375
372 376
373 374
373 375
373 376
373 954
374 375
374 376
374 548
375 376
377 378
377 560
377 585
377 809
377 969
378 429
378 700
378 721
378 837
378 956
378 975
379 380
379 381
379 382
379 534
379 580
380 381
380 382
380 812
380 890
380 906
381 382
381 627
381 964
382 836
382 844
383 384
383 385
383 386
383 387
383 755
384 385
384 386
384 387
384 723
384 918
385 386
385 387
385 535
385 600
386 387
386 635
386 982
387 510
387 884
388 389
388 390
388 391
388 392
388 393
388 394
388 395
389 390
389 391
389 392
389 393
389 394
389 395
390 391
390 392
390 393
390 394
390 395
391 392
391 393
391 394
391 395
392 393
392 394
392 395
393 394
393 395
394 395
396 397
396 398
396 399
396 400
396 401
396 402
396 403
397 398
397 399
397 400
397 401
397 402
397 403
398 399
398 400
398 401
398 402
398 403
399 400
399 401
399 402
399 403
400 401
400 402
400 403
401 402
401 403
402 403
404 405
404 406
404 667
404 936
404 997
405 406
405 666
405 922
405 970
406 447
406 730
406 882
407 412
407 521
407 752
407 877
407 903
408 549
408 690
408 909
408 975
408 984
409 410
409 520
409 694
409 721
409 907
410 476
410 838
410 927
411 412
411 413
411 414
411 415
411 994
412 413
412 414
412 415
412 613
413 414
413 415
413 420
413 462
414 415
414 751
414 921
415 725
416 417
416 418
416 419
416 420
416 421
416 954
417 418
417 419
417 420
417 421
417 830
418 419
418 420
418 421
418 663
419 420
419 421
419 751
420 421
420 683
421 451
421 654
422 423
422 424
422 425
422 702
423 424
423 425
423 687
423 896
423 927
424 425
424 587
424 599
424 663
425 448
425 546
425 805
425 830
426 427
426 428
426 429
426 430
426 559
426 875
426 920
427 428
427 429
427 430
427 845
427 967
428 429
428 430
428 611
428 808
429 430
429 539
429 888
430 983
431 432
431 433
431 434
431 435
431 436
431 437
431 438
432 433
432 434
432 435
432 436
432 437
432 438
433 434
433 435
433 436
433 437
433 438
434 435
434 436
434 437
434 438
435 436
435 437
435 438
436 437
436 438
437 438
439 440
439 441
439 442
439 443
439 444
439 875
440 441
440 442
440 443
440 444
440 601
441 442
441 443
441 444
442 443
442 444
442 445
442 698
443 444
443 628
444 727
444 831
445 446
445 447
445 448
445 449
445 586
446 447
446 448
446 449
447 448
447 449
447 754
448 449
448 819
449 523
449 723
449 971
450 451
450 452
450 453
450 454
450 455
450 456
451 452
451 453
451 454
451 455
451 456
452 453
452 454
452 455
452 456
452 902
453 454
453 455
453 456
453 689
454 455
454 456
454 957
455 456
455 960
456 671
457 458
457 459
457 460
457 461
457 462
457 463
458 459
458 460
458 461
458 462
458 463
459 460
459 461
459 462
459 463
459 916
460 461
460 462
460 463
461 462
461 463
461 958
462 463
464 465
464 466
464 467
464 468
464 469
464 470
464 471
465 466
465 467
465 468
465 469
465 470
465 471
466 467
466 468
466 469
466 470
466 471
467 468
467 469
467 470
467 471
468 469
468 470
468 471
469 470
469 471
470 471
472 473
472 474
472 475
472 476
472 830
473 474
473 475
473 476
473 720
473 966
474 475
474 476
474 958
475 476
475 674
476 502
476 691
477 478
477 479
477 480
477 481
477 482
477 483
477 484
478 479
478 480
478 481
478 482
478 483
478 484
479 480
479 481
479 482
479 483
479 484
480 481
480 482
480 483
480 484
481 482
481 483
481 484
482 483
482 484
483 484
485 486
485 487
485 488
485 489
485 490
485 491
485 492
486 487
486 488
486 489
486 490
486 491
486 492
487 488
487 489
487 490
487 491
487 492
488 489
488 490
488 491
488 492
489 490
489 491
489 492
490 491
490 492
491 492
493 494
493 495
493 496
493 497
493 498
493 499
493 500
494 495
494 496
494 497
494 498
494 499
494 500
495 496
495 497
495 498
495 499
495 500
496 497
496 498
496 499
496 500
497 498
497 499
497 500
498 499
498 500
499 500
501 502
501 503
501 685
501 832
501 954
502 503
502 598
502 679
502 727
503 535
503 581
504 505
504 506
504 507
504 508
504 509
504 510
504 558
505 506
505 507
505 508
505 509
505 510
506 507
506 508
506 509
506 510
506 702
507 508
507 509
507 510
508 509
508 510
509 510
511 512
511 513
511 514
511 515
511 516
511 517
511 518
512 513
512 514
512 515
512 516
512 517
512 518
513 514
513 515
513 516
513 517
513 518
514 515
514 516
514 517
514 518
515 516
515 517
515 518
516 517
516 518
517 518
519 520
519 521
519 522
519 523
519 757
519 935
520 521
520 522
520 523
521 522
521 523
521 614
522 523
522 581
523 845
524 525
524 526
524 527
524 528
524 529
524 530
524 531
525 526
525 527
525 528
525 529
525 530
525 531
526 527
526 528
526 529
526 530
526 531
527 528
527 529
527 530
527 531
528 529
528 530
528 531
529 530
529 531
530 531
532 533
532 534
532 535
532 536
532 537
533 534
533 535
533 536
533 537
534 535
534 536
534 537
534 626
535 536
535 537
536 537
537 696
538 539
538 540
538 541
538 542
538 543
538 637
538 955
539 540
539 541
539 542
539 543
540 541
540 542
540 543
540 753
541 542
541 543
541 979
542 543
542 697
543 631
544 545
544 546
544 558
544 560
544 603
544 604
544 721
545 546
545 734
545 844
546 600
546 870
546 879
547 548
547 549
547 550
547 551
547 552
547 553
548 549
548 550
548 551
548 552
548 553
549 550
549 551
549 552
549 553
550 551
550 552
550 553
550 729
551 552
551 553
551 983
552 553
553 701
554 555
554 556
554 557
554 558
554 907
555 556
555 557
555 558
555 732
556 557
556 558
556 599
556 975
556 982
557 558
557 821
558 954
559 560
559 561
559 562
559 563
559 564
559 877
560 561
560 562
560 563
560 564
561 562
561 563
561 564
561 599
562 563
562 564
562 888
563 564
563 828
563 900
564 582
564 878
565 566
565 567
565 568
565 569
565 570
565 571
566 567
566 568
566 569
566 570
566 571
567 568
567 569
567 570
567 571
567 888
568 569
568 570
568 571
569 570
569 571
570 571
570 968
571 667
572 573
572 574
572 575
572 576
572 577
572 578
572 579
573 574
573 575
573 576
573 577
573 578
573 579
574 575
574 576
574 577
574 578
574 579
575 576
575 577
575 578
575 579
576 577
576 578
576 579
577 578
577 579
578 579
580 581
580 582
580 602
580 684
580 729
580 887
581 582
581 755
581 822
582 885
582 922
583 584
583 585
583 586
583 587
583 934
584 585
584 586
584 587
584 625
585 586
585 587
585 967
586 587
586 937
587 833
588 719
588 720
588 902
588 906
589 590
589 591
589 592
589 593
589 594
589 595
589 596
590 591
590 592
590 593
590 594
590 595
590 596
591 592
591 593
591 594
591 595
591 596
592 593
592 594
592 595
592 596
593 594
593 595
593 596
594 595
594 596
595 596
597 819
597 875
597 878
597 921
597 954
598 599
598 600
598 907
598 921
599 600
600 606
600 970
601 697
601 958
602 603
602 634
602 839
602 912
603 726
603 794
603 889
604 605
604 606
604 607
604 608
604 609
604 684
605 606
605 607
605 608
605 609
605 635
606 607
606 608
606 609
606 838
607 608
607 609
607 808
608 609
608 972
609 726
610 611
610 612
610 613
610 614
610 615
610 843
610 957
611 612
611 613
611 614
611 615
612 613
612 614
612 615
613 614
613 615
613 960
614 615
615 805
615 900
616 617
616 618
616 619
616 620
616 621
616 622
616 623
617 618
617 619
617 620
617 621
617 622
617 623
618 619
618 620
618 621
618 622
618 623
619 620
619 621
619 622
619 623
620 621
620 622
620 623
621 622
621 623
622 623
624 696
624 701
625 626
625 627
625 628
625 668
625 810
625 879
626 627
626 628
626 727
627 628
627 631
627 919
628 723
629 630
629 631
629 977
629 978
629 979
629 980
629 981
630 631
630 878
630 923
630 927
630 962
632 633
632 634
632 635
632 636
632 702
632 814
632 903
633 634
633 635
633 636
633 845
633 975
634 635
634 636
634 971
635 636
635 915
636 653
636 805
637 935
637 936
637 937
637 958
637 977
638 639
638 640
638 641
638 642
638 643
638 644
639 640
639 641
639 642
639 643
639 644
640 641
640 642
640 643
640 644
641 642
641 643
641 644
642 643
642 644
642 699
643 644
643 898
644 981
645 646
645 647
645 648
645 649
645 650
645 651
645 652
646 647
646 648
646 649
646 650
646 651
646 652
647 648
647 649
647 650
647 651
647 652
648 649
648 650
648 651
648 652
649 650
649 651
649 652
650 651
650 652
651 652
653 654
654 804
654 876
654 958
655 656
655 657
655 658
655 659
655 660
655 661
655 662
656 657
656 658
656 659
656 660
656 661
656 662
657 658
657 659
657 660
657 661
657 662
658 659
658 660
658 661
658 662
659 660
659 661
659 662
660 661
660 662
661 662
663 664
663 665
663 666
663 681
663 734
664 665
664 666
664 676
664 903
664 906
665 666
665 726
666 672
667 668
667 793
667 889
667 936
668 725
668 830
668 969
669 670
669 671
669 672
669 673
669 674
670 671
670 672
670 673
670 674
670 722
670 967
671 672
671 673
671 674
672 673
672 674
672 837
673 674
674 686
675 676
675 677
675 678
675 679
675 680
676 677
676 678
676 679
676 680
677 678
677 679
677 680
677 758
678 679
678 680
679 680
679 724
680 924
681 682
681 683
682 683
682 701
682 752
682 993
683 844
684 685
684 686
684 687
684 884
685 686
685 687
686 687
686 994
688 689
688 690
688 691
688 692
688 693
688 879
689 690
689 691
689 692
689 693
690 691
690 692
690 693
691 692
691 693
692 693
692 843
692 971
693 817
694 695
694 696
694 725
694 978
695 696
695 829
695 899
696 804
696 933
697 859
697 925
697 932
698 699
698 976
699 825
699 936
699 967
700 701
700 804
700 923
700 937
701 722
701 833
702 756
702 824
703 704
703 705
703 706
703 707
703 708
703 709
703 710
704 705
704 706
704 707
704 708
704 709
704 710
705 706
705 707
705 708
705 709
705 710
706 707
706 708
706 709
706 710
707 708
707 709
707 710
708 709
708 710
709 710
711 712
711 713
711 714
711 715
711 716
711 717
711 718
712 713
712 714
712 715
712 716
712 717
712 718
713 714
713 715
713 716
713 717
713 718
714 715
714 716
714 717
714 718
715 716
715 717
715 718
716 717
716 718
717 718
719 720
719 752
719 753
719 754
719 831
720 728
721 831
721 891
722 723
722 724
722 840
722 886
723 724
723 959
724 903
724 973
725 726
726 828
726 956
727 728
727 729
727 973
728 729
728 877
728 924
729 794
729 963
730 731
730 732
730 733
730 734
730 875
731 732
731 733
731 734
731 904
732 733
732 734
732 823
733 734
733 829
733 994
735 736
735 737
735 738
735 739
735 740
735 741
735 742
736 737
736 738
736 739
736 740
736 741
736 742
737 738
737 739
737 740
737 741
737 742
738 739
738 740
738 741
738 742
739 740
739 741
739 742
740 741
740 742
741 742
743 744
743 745
743 746
743 747
743 748
743 749
743 750
744 745
744 746
744 747
744 748
744 749
744 750
745 746
745 747
745 748
745 749
745 750
746 747
746 748
746 749
746 750
747 748
747 749
747 750
748 749
748 750
749 750
751 804
751 983
751 989
752 753
752 754
753 754
753 882
754 807
754 811
755 756
755 757
755 758
755 921
756 757
756 758
756 834
756 993
757 758
757 894
758 842
759 760
759 761
759 762
759 763
759 764
759 765
759 766
760 761
760 762
760 763
760 764
760 765
760 766
761 762
761 763
761 764
761 765
761 766
762 763
762 764
762 765
762 766
763 764
763 765
763 766
764 765
764 766
765 766
767 768
767 769
767 770
767 771
767 772
767 773
767 774
768 769
768 770
768 771
768 772
768 773
768 774
769 770
769 771
769 772
769 773
769 774
770 771
770 772
770 773
770 774
771 772
771 773
771 774
772 773
772 774
773 774
775 776
775 777
775 778
775 779
775 780
775 781
775 782
776 777
776 778
776 779
776 780
776 781
776 782
777 778
777 779
777 780
777 781
777 782
778 779
778 780
778 781
778 782
779 780
779 781
779 782
780 781
780 782
781 782
783 784
783 785
783 786
783 787
783 788
783 789
783 790
784 785
784 786
784 787
784 788
784 789
784 790
785 786
785 787
785 788
785 789
785 790
786 787
786 788
786 789
786 790
787 788
787 789
787 790
788 789
788 790
789 790
791 792
791 793
791 794
791 795
791 883
792 793
792 794
792 795
792 887
792 973
793 794
793 795
794 795
795 991
796 797
796 798
796 799
796 800
796 801
796 802
796 803
797 798
797 799
797 800
797 801
797 802
797 803
798 799
798 800
798 801
798 802
798 803
799 800
799 801
799 802
799 803
800 801
800 802
800 803
801 802
801 803
802 803
804 805
804 893
805 877
806 807
806 808
806 809
806 810
807 808
807 809
807 810
807 970
808 809
808 810
809 810
811 812
811 813
811 814
811 815
811 816
812 813
812 814
812 815
812 816
813 814
813 815
813 816
814 815
814 816
814 911
815 816
815 930
816 957
817 818
817 819
817 820
817 821
818 819
818 820
818 821
818 881
818 996
819 820
819 821
820 821
820 925
821 830
822 823
822 824
822 825
822 826
822 827
822 873
823 824
823 825
823 826
823 827
824 825
824 826
824 827
825 826
825 827
826 827
826 842
827 922
828 876
828 959
829 830
829 956
829 970
830 971
831 832
831 833
831 834
831 835
832 833
832 834
832 835
833 834
833 835
834 835
836 837
836 838
836 839
836 840
836 931
837 838
837 839
837 840
838 839
838 840
839 840
840 955
841 842
841 843
841 844
841 845
841 902
841 987
841 997
842 843
842 844
842 845
843 844
843 845
843 886
844 845
846 847
846 848
846 849
846 850
846 851
846 852
846 853
847 848
847 849
847 850
847 851
847 852
847 853
848 849
848 850
848 851
848 852
848 853
849 850
849 851
849 852
849 853
850 851
850 852
850 853
851 852
851 853
852 853
854 855
854 856
854 857
854 858
854 859
854 860
855 856
855 857
855 858
855 859
855 860
856 857
856 858
856 859
856 860
857 858
857 859
857 860
858 859
858 860
859 860
861 862
861 863
861 864
861 865
861 866
861 867
861 868
862 863
862 864
862 865
862 866
862 867
862 868
863 864
863 865
863 866
863 867
863 868
864 865
864 866
864 867
864 868
865 866
865 867
865 868
866 867
866 868
867 868
869 870
869 871
869 872
869 873
869 874
870 871
870 872
870 873
870 874
870 892
871 872
871 873
871 874
872 873
872 874
873 874
874 996
875 899
875 926
876 877
876 974
878 879
878 880
878 881
879 880
879 881
880 881
880 882
882 883
882 884
882 885
883 884
883 885
884 885
886 904
887 888
887 889
888 889
888 898
888 984
890 891
890 892
890 893
890 894
890 895
891 892
891 893
891 894
891 895
892 893
892 894
892 895
893 894
893 895
894 895
895 982
896 897
896 898
896 899
896 900
896 901
896 960
897 898
897 899
897 900
897 901
898 899
898 900
898 901
899 900
899 901
900 901
902 921
902 961
904 905
904 906
904 907
905 906
905 907
905 980
906 907
908 909
908 910
908 911
908 912
908 913
908 914
908 981
909 910
909 911
909 912
909 913
909 914
910 911
910 912
910 913
910 914
911 912
911 913
911 914
912 913
912 914
913 914
915 916
915 917
915 918
915 919
915 920
916 917
916 918
916 919
916 920
916 982
917 918
917 919
917 920
917 960
918 919
918 920
919 920
921 922
922 967
923 924
923 925
924 925
926 927
928 929
928 930
928 931
928 932
928 933
928 934
929 930
929 931
929 932
929 933
929 934
930 931
930 932
930 933
930 934
931 932
931 933
931 934
932 933
932 934
933 934
935 936
935 937
935 968
936 937
938 939
938 940
938 941
938 942
938 943
938 944
938 945
939 940
939 941
939 942
939 943
939 944
939 945
940 941
940 942
940 943
940 944
940 945
941 942
941 943
941 944
941 945
942 943
942 944
942 945
943 944
943 945
944 945
946 947
946 948
946 949
946 950
946 951
946 952
946 953
947 948
947 949
947 950
947 951
947 952
947 953
948 949
948 950
948 951
948 952
948 953
949 950
949 951
949 952
949 953
950 951
950 952
950 953
951 952
951 953
952 953
954 955
955 968
955 996
956 957
956 958
956 983
957 958
959 960
959 988
961 962
961 963
961 964
961 965
961 966
962 963
962 964
962 965
962 966
963 964
963 965
963 966
964 965
964 966
965 966
965 972
968 969
968 970
969 970
971 972
971 973
971 974
972 973
974 975
974 976
974 994
975 976
977 978
977 979
977 980
977 981
978 979
978 980
978 981
979 980
979 981
979 996
980 981
982 983
982 984
982 993
983 984
985 986
985 987
985 988
985 989
985 990
985 991
985 992
986 987
986 988
986 989
986 990
986 991
987 988
987 989
987 990
987 991
988 989
988 990
988 991
989 990
989 991
990 991
992 993
992 994
992 995
993 994
993 995
994 995
996 997
