997 3478
1 2
1 3
1 4
1 159
1 248
1 783
1 968
2 3
2 4
2 376
2 499
2 765
2 862
3 4
3 27
3 379
3 693
3 737
4 146
4 173
4 251
4 828
5 6
5 7
5 8
5 9
5 10
5 259
5 502
6 7
6 8
6 9
6 10
6 760
6 832
7 8
7 9
7 10
7 195
7 477
8 9
8 10
8 382
8 944
9 10
9 367
9 781
10 170
10 661
11 12
11 13
11 14
11 15
11 16
11 17
11 584
12 13
12 14
12 15
12 16
12 17
12 491
13 14
13 15
13 16
13 17
13 695
14 15
14 16
14 17
14 27
15 16
15 17
15 618
16 17
16 248
17 946
18 19
18 20
18 35
18 142
18 147
18 699
18 747
19 20
19 240
19 738
19 816
19 890
19 977
20 166
20 174
20 191
20 325
20 538
21 22
21 23
21 24
21 276
21 564
21 802
21 878
22 23
22 24
22 398
22 489
22 492
22 859
23 24
23 249
23 586
23 851
24 365
24 663
24 942
24 976
25 233
25 366
25 474
25 798
25 955
25 983
25 997
26 27
26 172
26 394
26 449
26 720
26 733
26 745
27 29
27 148
27 583
27 815
28 29
28 30
28 146
28 256
28 280
28 807
28 891
29 30
29 326
29 403
29 479
29 933
30 378
30 499
30 683
30 778
30 793
31 32
31 33
31 34
31 187
31 309
31 516
31 902
32 33
32 34
32 96
32 490
32 683
32 907
33 34
33 72
33 253
33 351
33 465
34 294
34 381
34 534
34 813
35 36
35 37
35 38
35 493
35 550
35 763
36 37
36 38
36 314
36 510
36 558
36 932
37 38
37 95
37 136
37 210
37 982
38 391
38 465
38 520
38 696
39 40
39 41
39 42
39 43
39 44
39 45
39 467
40 41
40 42
40 43
40 44
40 45
40 949
41 42
41 43
41 44
41 45
41 772
42 43
42 44
42 45
42 154
43 44
43 45
43 493
44 45
44 462
45 229
46 250
46 495
46 612
46 678
46 849
46 945
46 961
47 48
47 49
47 50
47 51
47 52
47 53
47 54
48 49
48 50
48 51
48 52
48 53
48 54
49 50
49 51
49 52
49 53
49 54
50 51
50 52
50 53
50 54
51 52
51 53
51 54
52 53
52 54
53 54
55 56
55 57
55 58
55 59
55 60
55 61
55 62
56 57
56 58
56 59
56 60
56 61
56 62
57 58
57 59
57 60
57 61
57 62
58 59
58 60
58 61
58 62
59 60
59 61
59 62
60 61
60 62
61 62
63 64
63 65
63 66
63 67
63 68
63 69
63 70
64 65
64 66
64 67
64 68
64 69
64 70
65 66
65 67
65 68
65 69
65 70
66 67
66 68
66 69
66 70
67 68
67 69
67 70
68 69
68 70
69 70
71 72
71 73
71 74
71 75
71 76
71 77
71 472
72 73
72 74
72 75
72 76
72 77
73 74
73 75
73 76
73 77
73 489
74 75
74 76
74 77
74 205
75 76
75 77
75 954
76 77
76 170
77 553
78 79
78 80
78 81
78 82
78 83
78 84
78 85
79 80
79 81
79 82
79 83
79 84
79 85
80 81
80 82
80 83
80 84
80 85
81 82
81 83
81 84
81 85
82 83
82 84
82 85
83 84
83 85
84 85
86 87
86 88
86 89
86 309
86 323
86 344
86 768
87 88
87 89
87 98
87 516
87 551
87 589
88 89
88 423
88 504
88 521
88 530
89 426
89 459
89 681
89 796
90 91
90 92
90 93
90 94
90 95
90 96
90 870
91 92
91 93
91 94
91 95
91 96
91 468
92 93
92 94
92 95
92 96
92 322
93 94
93 95
93 96
93 499
94 95
94 96
94 246
95 96
97 98
97 318
97 357
97 467
97 611
97 696
97 889
98 313
98 496
98 501
98 777
98 960
99 100
99 101
99 102
99 103
99 104
99 105
99 106
100 101
100 102
100 103
100 104
100 105
100 106
101 102
101 103
101 104
101 105
101 106
102 103
102 104
102 105
102 106
103 104
103 105
103 106
104 105
104 106
105 106
107 108
107 109
107 110
107 425
107 463
107 973
107 978
108 109
108 110
108 664
108 752
108 853
108 888
109 110
109 368
109 410
109 681
109 847
110 355
110 805
110 813
110 943
111 196
111 206
111 433
111 467
111 502
111 632
111 900
112 113
112 114
112 115
112 116
112 507
112 681
112 933
113 114
113 115
113 116
113 381
113 410
113 424
114 115
114 116
114 243
114 622
114 906
115 116
115 329
115 442
115 952
116 249
116 592
116 946
117 118
117 119
117 120
117 121
117 122
117 123
117 467
118 119
118 120
118 121
118 122
118 123
118 277
119 120
119 121
119 122
119 123
119 940
120 121
120 122
120 123
120 539
121 122
121 123
121 530
122 123
122 682
123 285
124 125
124 126
124 127
124 128
124 129
124 130
124 131
125 126
125 127
125 128
125 129
125 130
125 131
126 127
126 128
126 129
126 130
126 131
127 128
127 129
127 130
127 131
128 129
128 130
128 131
129 130
129 131
130 131
132 133
132 134
132 135
132 136
132 137
132 138
132 814
133 134
133 135
133 136
133 137
133 138
133 676
134 135
134 136
134 137
134 138
134 420
135 136
135 137
135 138
135 540
136 137
136 138
137 138
137 161
138 236
139 140
139 239
139 291
139 422
139 549
139 700
139 901
140 234
140 465
140 501
140 675
140 738
140 753
141 142
141 143
141 144
141 145
141 173
141 704
141 967
142 143
142 144
142 145
142 177
142 231
143 144
143 145
143 740
143 771
143 920
144 145
144 457
144 732
144 888
145 252
145 500
145 523
146 147
146 294
146 380
146 473
146 774
147 175
147 468
147 551
147 572
147 717
148 149
148 233
148 471
148 549
148 771
148 795
149 334
149 359
149 459
149 498
149 748
149 782
150 151
150 152
150 153
150 154
150 155
150 156
150 920
151 152
151 153
151 154
151 155
151 156
151 300
152 153
152 154
152 155
152 156
152 190
153 154
153 155
153 156
153 470
154 155
154 156
155 156
155 309
156 297
157 158
157 159
157 160
157 161
157 162
157 163
157 633
158 159
158 160
158 161
158 162
158 163
158 582
159 160
159 161
159 162
159 163
160 161
160 162
160 163
160 462
161 162
161 163
162 163
162 720
163 796
164 165
164 325
164 340
164 381
164 385
164 491
164 633
165 422
165 432
165 550
165 683
165 792
165 876
166 392
166 401
166 505
166 814
166 900
166 994
167 168
167 169
167 170
167 171
167 172
167 498
167 939
168 169
168 170
168 171
168 172
168 316
168 979
169 170
169 171
169 172
169 381
169 812
170 171
170 172
171 172
171 177
171 694
172 806
173 174
173 175
173 176
173 497
173 522
174 175
174 176
174 293
174 317
174 693
175 176
175 375
175 694
175 778
176 246
176 354
176 775
176 957
177 178
177 582
177 634
177 842
177 924
178 321
178 380
178 492
178 549
178 727
178 907
179 180
179 181
179 182
179 183
179 184
179 185
179 186
180 181
180 182
180 183
180 184
180 185
180 186
181 182
181 183
181 184
181 185
181 186
182 183
182 184
182 185
182 186
183 184
183 185
183 186
184 185
184 186
185 186
187 188
187 189
187 190
187 309
187 679
187 694
188 189
188 190
188 211
188 282
188 470
188 962
189 190
189 285
189 815
189 816
190 289
190 557
190 584
191 192
191 193
191 361
191 388
191 498
191 633
192 193
192 286
192 301
192 499
192 552
192 787
193 376
193 497
193 924
193 932
193 936
194 195
194 395
194 450
194 585
194 643
194 811
194 911
195 344
195 518
195 591
195 908
195 955
196 275
196 311
196 475
196 489
196 716
196 845
197 198
197 199
197 200
197 201
197 202
197 203
197 204
198 199
198 200
198 201
198 202
198 203
198 204
199 200
199 201
199 202
199 203
199 204
200 201
200 202
200 203
200 204
201 202
201 203
201 204
202 203
202 204
203 204
205 206
205 207
205 208
205 358
205 383
205 466
206 207
206 208
206 368
206 494
206 735
207 208
207 426
207 664
207 714
208 284
208 302
208 909
208 997
209 210
209 211
209 284
209 458
209 591
209 682
209 886
210 211
210 254
210 313
210 396
210 480
211 333
211 356
211 848
211 868
212 213
212 214
212 215
212 216
212 217
212 218
212 219
213 214
213 215
213 216
213 217
213 218
213 219
214 215
214 216
214 217
214 218
214 219
215 216
215 217
215 218
215 219
216 217
216 218
216 219
217 218
217 219
218 219
220 221
220 222
220 223
220 224
220 225
220 226
220 227
221 222
221 223
221 224
221 225
221 226
221 227
222 223
222 224
222 225
222 226
222 227
223 224
223 225
223 226
223 227
224 225
224 226
224 227
225 226
225 227
226 227
228 229
228 230
228 231
228 232
228 701
228 752
228 969
229 230
229 231
229 232
229 457
229 477
230 231
230 232
230 518
230 739
230 817
231 232
231 369
231 873
232 328
232 512
232 525
233 234
233 235
233 236
233 237
233 238
234 235
234 236
234 237
234 238
234 778
235 236
235 237
235 238
235 390
235 911
236 237
236 238
236 303
237 238
237 746
237 921
238 381
238 768
239 240
239 241
239 242
239 243
239 244
239 245
240 241
240 242
240 243
240 244
240 245
241 242
241 243
241 244
241 245
241 633
242 243
242 244
242 245
242 982
243 244
243 245
244 245
244 754
245 610
246 247
246 248
246 253
246 622
246 818
247 248
247 279
247 769
247 801
247 852
247 994
248 456
248 585
248 610
249 250
249 251
249 327
249 363
249 831
250 251
250 254
250 283
250 472
250 744
251 443
251 539
251 933
251 948
252 253
252 274
252 469
252 521
252 680
252 701
253 421
253 741
253 773
253 975
254 255
254 256
254 257
254 258
254 259
255 256
255 257
255 258
255 259
255 499
255 982
256 257
256 258
256 259
256 979
257 258
257 259
257 809
257 903
258 259
258 458
258 662
259 787
260 261
260 262
260 263
260 264
260 265
260 274
260 740
261 262
261 263
261 264
261 265
261 473
261 715
262 263
262 264
262 265
262 337
262 377
263 264
263 265
263 387
263 888
264 265
264 468
264 953
265 394
265 940
266 267
266 268
266 269
266 270
266 271
266 272
266 273
267 268
267 269
267 270
267 271
267 272
267 273
268 269
268 270
268 271
268 272
268 273
269 270
269 271
269 272
269 273
270 271
270 272
270 273
271 272
271 273
272 273
274 275
274 276
274 277
274 538
274 850
275 276
275 277
275 393
275 410
275 846
276 277
276 320
276 367
276 956
277 295
277 565
277 819
278 279
278 280
278 281
278 282
278 480
278 491
278 942
279 280
279 281
279 282
279 947
279 978
280 281
280 282
280 332
280 400
281 282
281 721
281 811
281 841
282 890
282 938
283 284
283 285
283 506
283 560
283 715
283 964
284 285
284 328
284 385
284 775
285 317
285 770
285 992
286 287
286 288
286 289
286 290
286 291
287 288
287 289
287 290
287 291
287 665
287 683
288 289
288 290
288 291
288 371
288 632
289 290
289 291
289 491
290 291
291 992
292 293
292 294
292 295
292 296
292 393
292 456
292 528
293 294
293 295
293 296
293 310
293 620
294 295
294 296
294 753
295 296
295 334
295 725
296 474
296 480
296 959
297 298
297 327
297 384
297 569
297 722
297 774
298 381
298 739
298 746
298 833
298 855
298 934
299 300
299 301
299 302
299 345
299 505
299 721
299 911
300 301
300 302
300 418
300 719
300 936
301 302
301 384
301 730
301 979
302 479
302 556
302 679
303 304
303 305
303 306
303 307
303 308
303 463
304 305
304 306
304 307
304 308
304 322
304 829
305 306
305 307
305 308
305 682
306 307
306 308
306 863
306 996
307 308
307 587
307 741
308 314
308 943
309 310
309 311
309 312
310 311
310 312
310 496
310 644
310 706
311 312
311 503
311 683
311 760
312 724
312 800
312 978
313 553
313 554
313 789
313 885
313 922
314 315
314 316
314 317
314 318
314 968
315 316
315 317
315 318
315 590
315 622
315 972
316 317
316 318
316 726
316 994
317 318
317 528
318 849
318 937
319 320
319 321
319 322
319 323
319 324
319 494
319 902
320 321
320 322
320 323
320 324
320 377
321 322
321 323
321 324
321 462
322 323
322 324
323 324
323 981
324 374
324 563
325 326
325 327
325 328
325 424
325 956
326 327
326 328
326 396
327 328
327 562
328 516
328 846
329 330
329 331
329 332
329 333
329 700
329 797
330 331
330 332
330 333
330 415
330 700
330 966
331 332
331 333
331 458
331 621
331 700
332 333
332 700
332 720
333 700
333 995
334 357
334 560
334 589
334 675
334 995
335 336
335 337
335 338
335 339
335 340
335 341
335 654
336 337
336 338
336 339
336 340
336 341
336 812
337 338
337 339
337 340
337 341
338 339
338 340
338 341
338 459
339 340
339 341
339 556
340 341
341 590
342 343
342 344
342 345
342 346
342 478
342 584
342 946
343 344
343 345
343 346
343 379
343 663
343 776
344 345
344 346
344 751
345 346
345 372
345 565
346 397
346 420
346 554
347 348
347 349
347 350
347 351
347 352
347 353
347 411
348 349
348 350
348 351
348 352
348 353
348 721
349 350
349 351
349 352
349 353
349 867
350 351
350 352
350 353
350 461
351 352
351 353
352 353
352 958
353 471
354 355
354 356
354 357
354 358
354 515
354 623
355 356
355 357
355 358
355 533
356 357
356 358
356 588
356 871
357 358
357 583
358 501
358 558
359 360
359 361
359 362
359 363
359 364
359 365
360 361
360 362
360 363
360 364
360 365
360 395
361 362
361 363
361 364
361 365
362 363
362 364
362 365
362 479
363 364
363 365
364 365
364 744
366 367
366 368
366 465
366 466
366 467
366 634
367 368
367 657
367 731
367 814
368 378
368 644
368 715
369 370
369 371
369 372
369 373
369 374
369 375
370 371
370 372
370 373
370 374
370 375
370 622
371 372
371 373
371 374
371 375
372 373
372 374
372 375
373 374
373 375
373 475
374 375
376 377
376 497
376 563
376 634
376 677
377 464
377 560
377 693
377 845
378 379
378 380
378 523
378 791
378 804
379 380
379 387
379 459
379 906
380 555
380 719
380 741
381 583
382 383
382 384
382 385
382 526
382 810
382 951
383 384
383 385
383 495
383 584
383 675
384 385
384 529
384 996
385 611
385 947
386 387
386 388
386 396
386 456
386 552
386 776
386 922
387 388
387 536
387 847
387 869
388 390
388 414
388 527
388 815
389 390
389 391
389 392
389 393
389 553
389 584
389 662
390 391
390 392
390 393
390 655
391 392
391 393
391 562
391 922
392 393
392 698
392 708
393 853
394 395
394 421
394 554
394 753
394 907
395 409
395 471
395 953
395 993
396 408
396 611
396 632
396 770
397 398
397 399
397 400
397 401
397 402
397 403
398 399
398 400
398 401
398 402
398 403
399 400
399 401
399 402
399 403
399 457
400 401
400 402
400 403
401 402
401 403
402 403
402 679
404 405
404 406
404 407
404 408
404 409
404 742
404 754
405 406
405 407
405 408
405 409
405 858
405 911
406 407
406 408
406 409
406 696
406 847
407 408
407 409
407 410
407 420
408 409
408 957
409 681
410 411
410 412
410 997
411 412
411 445
411 531
411 851
411 997
412 468
412 585
412 621
412 749
412 997
413 414
413 415
413 416
413 417
413 418
413 419
413 774
414 415
414 416
414 417
414 418
414 419
415 416
415 417
415 418
415 419
416 417
416 418
416 419
416 880
417 418
417 419
417 948
418 419
419 759
420 421
420 422
420 423
420 993
421 422
421 423
421 584
421 741
422 423
422 700
422 902
423 470
423 478
423 980
424 425
424 426
424 623
424 744
424 900
425 426
425 478
425 697
425 748
425 903
426 498
426 519
426 557
427 428
427 429
427 430
427 431
427 432
427 433
427 768
428 429
428 430
428 431
428 432
428 433
428 729
429 430
429 431
429 432
429 433
429 553
430 431
430 432
430 433
430 776
431 432
431 433
431 554
432 433
434 435
434 436
434 437
434 438
434 439
434 440
434 441
435 436
435 437
435 438
435 439
435 440
435 441
436 437
436 438
436 439
436 440
436 441
437 438
437 439
437 440
437 441
438 439
438 440
438 441
439 440
439 441
440 441
442 443
442 444
442 445
442 446
442 447
442 448
443 444
443 445
443 446
443 447
443 448
444 445
444 446
444 447
444 448
444 591
445 446
445 447
445 448
446 447
446 448
446 676
447 448
447 797
448 616
449 450
449 451
449 452
449 453
449 454
449 455
450 451
450 452
450 453
450 454
450 455
451 452
451 453
451 454
451 455
451 701
452 453
452 454
452 455
452 920
453 454
453 455
453 789
454 455
454 559
455 815
456 457
456 678
456 742
456 758
457 587
457 818
457 923
458 459
458 540
458 753
458 901
459 511
459 554
460 461
460 462
460 463
460 464
460 722
460 877
460 942
461 462
461 463
461 464
461 701
461 793
462 463
462 464
463 464
463 908
464 556
464 852
465 466
465 634
465 905
466 476
466 634
466 723
467 515
467 889
468 469
468 716
468 746
469 497
469 658
469 811
469 836
469 966
470 471
470 693
470 880
470 935
471 592
471 674
471 701
472 473
472 474
472 475
472 476
472 477
473 474
473 475
473 476
473 477
474 475
474 476
474 477
475 476
475 477
476 477
476 517
478 479
478 480
478 841
478 850
479 480
479 674
479 740
480 935
480 954
481 482
481 483
481 484
481 485
481 486
481 487
481 488
482 483
482 484
482 485
482 486
482 487
482 488
483 484
483 485
483 486
483 487
483 488
484 485
484 486
484 487
484 488
485 486
485 487
485 488
486 487
486 488
487 488
489 490
489 491
489 935
489 944
490 491
490 501
490 615
490 878
490 966
491 742
492 493
492 559
492 585
492 748
492 843
493 660
493 698
493 777
493 814
494 495
494 496
494 497
494 754
494 910
495 496
495 497
495 713
495 921
496 497
496 531
496 903
498 677
498 716
498 757
499 500
499 501
500 501
500 692
500 739
500 889
500 933
501 633
502 503
502 504
502 505
502 506
502 507
503 504
503 505
503 506
503 507
503 750
504 505
504 506
504 507
504 866
505 506
505 507
506 507
506 620
507 678
508 509
508 510
508 511
508 512
508 513
508 514
508 849
509 510
509 511
509 512
509 513
509 514
509 761
510 511
510 512
510 513
510 514
511 512
511 513
511 514
512 513
512 514
513 514
513 532
514 566
515 516
515 678
515 754
515 772
515 955
516 719
516 802
516 872
517 518
517 519
517 520
517 521
517 522
517 532
518 519
518 520
518 521
518 932
519 520
519 521
519 756
519 943
520 521
520 621
520 678
521 974
522 523
522 524
522 525
522 526
522 527
523 524
523 525
523 526
523 527
524 525
524 526
524 527
524 695
524 891
525 526
525 527
525 678
526 527
526 553
527 589
528 529
528 530
528 531
528 532
528 533
529 530
529 531
529 532
529 533
529 612
530 531
530 532
530 533
531 532
531 533
532 533
533 803
534 535
534 536
534 537
534 538
534 539
534 660
535 536
535 537
535 538
535 539
535 620
535 904
536 537
536 538
536 539
536 730
537 538
537 539
537 875
538 539
540 559
540 610
540 752
540 802
540 891
541 542
541 543
541 544
541 545
541 546
541 547
541 548
542 543
542 544
542 545
542 546
542 547
542 548
543 544
543 545
543 546
543 547
543 548
544 545
544 546
544 547
544 548
545 546
545 547
545 548
546 547
546 548
547 548
549 550
549 551
549 552
549 568
550 551
550 552
550 703
550 983
551 552
551 710
551 742
552 724
552 835
553 771
553 996
554 683
554 814
555 556
555 557
555 585
555 715
555 876
555 900
556 557
556 561
556 718
557 800
557 967
558 559
558 560
558 718
558 738
558 842
559 560
559 567
559 778
560 702
560 830
561 562
561 563
561 564
561 565
561 566
561 588
562 563
562 564
562 565
562 566
563 564
563 565
563 566
564 565
564 566
564 815
565 566
566 683
567 568
567 569
567 570
567 571
567 572
567 573
568 569
568 570
568 571
568 572
568 573
569 570
569 571
569 572
569 573
570 571
570 572
570 573
570 951
571 572
571 573
571 846
572 573
573 883
574 575
574 576
574 577
574 578
574 579
574 580
574 581
575 576
575 577
575 578
575 579
575 580
575 581
576 577
576 578
576 579
576 580
576 581
577 578
577 579
577 580
577 581
578 579
578 580
578 581
579 580
579 581
580 581
582 583
582 778
582 795
582 834
582 930
583 699
583 975
583 979
584 585
585 972
586 587
586 588
586 589
586 632
586 682
586 754
587 588
587 589
587 697
587 901
588 589
588 801
589 905
590 591
590 592
590 593
590 848
590 911
591 592
591 593
591 707
592 593
592 620
592 938
593 612
593 675
593 716
593 745
594 595
594 596
594 597
594 598
594 599
594 600
594 601
595 596
595 597
595 598
595 599
595 600
595 601
596 597
596 598
596 599
596 600
596 601
597 598
597 599
597 600
597 601
598 599
598 600
598 601
599 600
599 601
600 601
602 603
602 604
602 605
602 606
602 607
602 608
602 609
603 604
603 605
603 606
603 607
603 608
603 609
604 605
604 606
604 607
604 608
604 609
605 606
605 607
605 608
605 609
606 607
606 608
606 609
607 608
607 609
608 609
610 611
610 612
610 726
610 873
611 612
611 837
611 907
612 701
612 856
613 614
613 615
613 616
613 617
613 618
613 619
613 994
614 615
614 616
614 617
614 618
614 619
614 784
615 616
615 617
615 618
615 619
616 617
616 618
616 619
617 618
617 619
617 927
618 619
619 910
620 621
620 692
620 717
621 701
621 742
621 843
622 623
622 764
622 813
623 808
623 845
623 850
623 982
624 625
624 626
624 627
624 628
624 629
624 630
624 631
625 626
625 627
625 628
625 629
625 630
625 631
626 627
626 628
626 629
626 630
626 631
627 628
627 629
627 630
627 631
628 629
628 630
628 631
629 630
629 631
630 631
632 633
632 634
632 828
633 634
635 636
635 637
635 638
635 639
635 640
635 641
635 642
636 637
636 638
636 639
636 640
636 641
636 642
637 638
637 639
637 640
637 641
637 642
638 639
638 640
638 641
638 642
639 640
639 641
639 642
640 641
640 642
641 642
643 644
643 718
643 766
643 819
643 931
643 968
644 750
644 882
644 992
644 996
645 646
645 647
645 648
645 649
645 650
645 651
645 652
646 647
646 648
646 649
646 650
646 651
646 652
647 648
647 649
647 650
647 651
647 652
648 649
648 650
648 651
648 652
649 650
649 651
649 652
650 651
650 652
651 652
653 654
653 655
653 656
653 657
653 658
653 659
653 829
654 655
654 656
654 657
654 658
654 659
655 656
655 657
655 658
655 659
656 657
656 658
656 659
656 818
657 658
657 659
658 659
659 995
660 661
660 662
660 663
660 664
660 665
661 662
661 663
661 664
661 665
661 875
662 663
662 664
662 665
663 664
663 665
664 665
665 794
666 667
666 668
666 669
666 670
666 671
666 672
666 673
667 668
667 669
667 670
667 671
667 672
667 673
668 669
668 670
668 671
668 672
668 673
669 670
669 671
669 672
669 673
670 671
670 672
670 673
671 672
671 673
672 673
674 675
674 676
674 677
674 751
674 981
675 676
675 677
676 677
676 693
676 890
677 736
677 941
678 857
679 680
679 681
679 682
679 692
680 681
680 682
680 900
680 970
680 976
681 682
684 685
684 686
684 687
684 688
684 689
684 690
684 691
685 686
685 687
685 688
685 689
685 690
685 691
686 687
686 688
686 689
686 690
686 691
687 688
687 689
687 690
687 691
688 689
688 690
688 691
689 690
689 691
690 691
692 693
692 698
692 715
692 923
693 753
694 695
694 778
694 798
694 864
695 717
695 833
695 932
695 952
696 697
696 698
696 699
696 799
697 698
697 699
697 932
697 948
698 699
698 872
699 767
699 969
702 703
702 704
702 705
702 706
702 707
702 816
703 704
703 705
703 706
703 707
703 976
704 705
704 706
704 707
704 769
705 706
705 707
705 720
705 742
706 707
706 953
707 879
708 709
708 710
708 711
708 712
708 713
708 714
709 710
709 711
709 712
709 713
709 714
709 901
710 711
710 712
710 713
710 714
711 712
711 713
711 714
711 910
712 713
712 714
712 725
713 714
715 716
715 738
716 777
716 801
717 718
717 719
717 720
717 874
718 719
718 720
718 995
719 720
719 889
721 722
721 723
721 724
721 777
722 723
722 724
722 780
722 847
723 724
723 757
723 806
723 904
724 940
724 978
725 726
725 727
725 728
725 729
725 730
726 727
726 728
726 729
726 730
727 728
727 729
727 730
727 817
728 729
728 730
728 739
728 842
729 730
729 794
731 732
731 733
731 734
731 735
731 736
731 737
732 733
732 734
732 735
732 736
732 737
733 734
733 735
733 736
733 737
734 735
734 736
734 737
734 954
735 736
735 737
736 737
738 739
738 740
738 741
739 740
739 741
740 741
740 758
742 924
743 744
743 745
743 746
743 747
743 891
744 745
744 746
744 747
745 746
745 747
745 945
746 747
747 807
747 910
748 749
748 750
748 751
748 752
749 750
749 751
749 752
749 799
749 870
750 751
750 752
750 944
751 752
751 848
753 754
753 983
754 819
755 756
755 757
755 758
755 759
755 760
755 799
755 970
756 757
756 758
756 759
756 760
756 949
757 758
757 759
757 760
758 759
758 760
759 760
759 817
761 762
761 763
761 764
761 765
761 766
761 767
762 763
762 764
762 765
762 766
762 767
762 980
763 764
763 765
763 766
763 767
764 765
764 766
764 767
765 766
765 767
766 767
768 769
768 770
768 771
768 939
769 770
769 771
769 841
769 937
770 771
770 869
770 971
771 900
772 773
772 774
772 775
772 776
772 890
773 774
773 775
773 776
773 844
773 874
774 775
774 776
775 776
775 934
777 778
777 785
777 967
779 780
779 781
779 782
779 783
779 784
779 785
779 888
780 781
780 782
780 783
780 784
780 785
781 782
781 783
781 784
781 785
782 783
782 784
782 785
783 784
783 785
784 785
786 787
786 788
786 789
786 790
786 791
786 810
786 929
787 788
787 789
787 790
787 791
788 789
788 790
788 791
788 840
788 860
789 790
789 791
790 791
790 832
790 958
791 848
792 793
792 794
792 795
792 796
792 797
792 980
793 794
793 795
793 796
793 797
794 795
794 796
794 797
795 796
795 797
796 797
798 799
798 800
798 801
798 802
798 939
799 800
799 801
799 802
800 801
800 802
800 881
801 802
803 804
803 805
803 806
803 807
803 808
803 846
804 805
804 806
804 807
804 808
804 932
805 806
805 807
805 808
805 993
806 807
806 808
807 808
809 810
809 811
809 812
809 813
809 816
809 843
810 811
810 812
810 813
810 907
811 812
811 813
812 813
812 993
814 815
814 968
815 941
816 817
816 818
816 819
817 818
817 819
817 928
818 819
818 981
819 965
820 821
820 822
820 823
820 824
820 825
820 826
820 827
821 822
821 823
821 824
821 825
821 826
821 827
822 823
822 824
822 825
822 826
822 827
823 824
823 825
823 826
823 827
824 825
824 826
824 827
825 826
825 827
826 827
828 829
828 830
828 831
828 832
828 833
829 830
829 831
829 832
829 833
830 831
830 832
830 833
830 977
831 832
831 833
831 854
832 833
834 835
834 836
834 837
834 838
834 839
834 840
835 836
835 837
835 838
835 839
835 840
836 837
836 838
836 839
836 840
837 838
837 839
837 840
838 839
838 840
838 938
839 840
839 901
841 842
841 843
841 844
841 845
842 843
842 844
842 845
843 844
843 845
844 845
844 947
844 957
846 847
846 848
846 849
847 848
847 849
848 849
849 937
850 851
850 852
850 853
850 854
851 852
851 853
851 854
851 956
852 853
852 854
852 926
853 854
853 861
854 933
854 974
855 856
855 857
855 858
855 859
855 860
855 861
856 857
856 858
856 859
856 860
856 861
857 858
857 859
857 860
857 861
858 859
858 860
858 861
859 860
859 861
860 861
862 863
862 864
862 865
862 866
862 867
862 868
863 864
863 865
863 866
863 867
863 868
864 865
864 866
864 867
864 868
865 866
865 867
865 868
865 973
866 867
866 868
867 868
869 870
869 871
869 872
869 873
869 874
870 871
870 872
870 873
870 874
871 872
871 873
871 874
871 952
872 873
872 874
873 874
875 876
875 877
875 878
875 879
875 880
876 877
876 878
876 879
876 880
877 878
877 879
877 880
877 933
878 879
878 880
879 880
879 941
881 882
881 883
881 884
881 885
881 886
881 887
882 883
882 884
882 885
882 886
882 887
883 884
883 885
883 886
883 887
884 885
884 886
884 887
884 951
885 886
885 887
886 887
887 980
888 889
888 890
888 891
889 890
889 891
890 891
892 893
892 894
892 895
892 896
892 897
892 898
892 899
893 894
893 895
893 896
893 897
893 898
893 899
894 895
894 896
894 897
894 898
894 899
895 896
895 897
895 898
895 899
896 897
896 898
896 899
897 898
897 899
898 899
900 901
901 921
902 903
902 904
902 905
902 906
903 904
903 905
903 906
904 905
904 906
904 909
905 906
905 996
906 925
907 908
907 909
908 909
908 923
908 971
908 977
909 967
909 997
910 911
910 977
910 996
911 969
912 913
912 914
912 915
912 916
912 917
912 918
912 919
913 914
913 915
913 916
913 917
913 918
913 919
914 915
914 916
914 917
914 918
914 919
915 916
915 917
915 918
915 919
916 917
916 918
916 919
917 918
917 919
918 919
920 921
920 922
920 923
920 924
921 922
921 923
921 924
922 923
922 924
923 924
925 926
925 927
925 928
925 929
925 930
925 931
926 927
926 928
926 929
926 930
926 931
927 928
927 929
927 930
927 931
928 929
928 930
928 931
929 930
929 931
930 931
932 933
934 935
934 936
934 937
934 938
934 950
935 936
935 937
935 938
936 937
936 938
936 992
937 938
939 940
939 941
939 942
939 943
940 941
940 942
940 943
941 942
941 943
942 943
944 945
944 946
944 947
944 948
945 946
945 947
945 948
945 981
946 947
946 948
947 948
949 950
949 951
949 952
949 953
949 983
950 951
950 952
950 953
951 952
951 953
952 953
954 955
954 956
954 957
954 958
955 956
955 957
955 958
956 957
956 958
957 958
958 963
959 960
959 961
959 962
959 963
959 964
959 965
960 961
960 962
960 963
960 964
960 965
961 962
961 963
961 964
961 965
962 963
962 964
962 965
963 964
963 965
964 965
966 967
966 968
966 969
966 976
967 968
967 969
968 969
970 971
970 972
970 973
970 974
970 975
971 972
971 973
971 974
971 975
972 973
972 974
972 975
973 974
973 975
974 975
976 977
976 978
976 979
977 978
977 979
978 979
980 981
980 982
980 983
981 982
981 983
982 983
984 985
984 986
984 987
984 988
984 989
984 990
984 991
985 986
985 987
985 988
985 989
985 990
985 991
986 987
986 988
986 989
986 990
986 991
987 988
987 989
987 990
987 991
988 989
988 990
988 991
989 990
989 991
990 991
992 993
992 994
992 995
993 994
993 995
994 995
996 997
