852
6 1 542621
29148808 628316612 958620801 547595332 461227394 236052204
597991641
2 1 828092
268574758 891236109
289255737
4 1 54164
852051967 673772444 817336548 209945946
803934248
10 1 552070
896572521 960512179 697197482 48090612 93951211 535953619 156285658 143150450 348883269 960251870
119619307
8 1 425698
768548972 195704635 608688383 42438618 714626584 101956439 639508828 791913435
364004256
2 1 434217
896040372 766585536
139767541
4 1 87788
617747865 465132859 308132230 670778528
92286871
2 1 921758
155416001 469228545
715638657
6 1 894791
95315770 73671397 455990220 239015423 49112677 582016169
573908167
4 1 657561
60168602 190348877 176808363 601351442
259499261
8 1 494849
246175790 87560275 167774760 46516614 111556600 339667330 131215088 728346249
894680326
2 1 357499
487001381 17150443
733413374
4 1 9562
37433953 14436810 333107276 680627792
190740749
4 1 678475
9570309 741860740 532371345 893401167
792578879
2 1 714307
146950399 508827761
198030618
2 1 783897
966230466 50616795
521330731
10 1 659430
707571817 819024238 590484878 478583741 307963046 618064998 296724486 16213806 358939884 550964379
618093018
6 1 709009
686421484 601898803 529080727 497928453 47975827 467578546
141175861
8 1 909468
151663462 335312958 180894603 948622453 75992688 806849547 146070049 311828734
112031709
2 1 410256
520578785 81299239
316462416
8 1 373688
325811336 830470932 267469168 390342753 507318525 876052890 409880927 784733431
956787388
8 1 940302
97102989 892612099 737995312 884313537 688823688 978637381 448495 107322516
840457177
6 1 464400
108918600 636308779 215921601 184971581 677760989 232502220
64371970
4 1 195267
93023467 163542702 319528195 965083745
647909873
2 1 315588
419258631 604488029
580151043
6 1 622146
313188539 138576045 425858259 220906278 461474829 182591413
539605578
4 1 680517
375719053 340122782 576007237 632738230
447371342
6 1 740207
764056808 25241658 105279397 105837784 900054037 102790788
480322974
6 1 244845
858922857 231888676 879008519 311607985 192817105 393136083
43761873
2 1 480683
234931635 882448261
946795158
6 1 139594
204283683 28047876 201670590 785572533 877004352 349653297
988315578
8 1 478832
917186899 489816725 446809389 885229769 430183252 493072106 365931234 641845547
203243475
2 1 541083
772667238 509840919
582983497
10 1 528261
11697199 789608916 68092571 38276297 312708224 506247461 778882521 107779467 398613883 631325463
821605320
10 1 795351
199655387 826461363 502621053 699663641 216232876 64017762 132822500 314189762 112770237 274218173
895584195
6 1 510757
292525518 919533495 738640139 609184895 113604774 575245696
541615280
8 1 823791
212185724 895460242 184901220 93437405 380673637 93269484 513784607 925918757
170425609
6 1 855006
408662671 644830260 379480268 337419743 135059499 434294841
746856646
2 1 312287
416200724 485610374
662995017
8 1 853936
275884798 817396873 492764021 801956036 175271234 826826809 955707568 10308140
668023619
4 1 20316
783237267 845780799 351886472 6277869
752460666
10 1 40293
204699459 260170438 188851457 774745231 922952873 570628912 629875377 78428586 542539774 901539905
294234746
2 1 905583
597512860 995418764
3823626
10 1 642889
476512285 255431115 723392776 174284704 567012519 224901757 234932746 665049751 472018353 376744568
103194822
2 1 409257
190614489 268475472
865738171
6 1 185073
296156826 192277822 882108480 669073459 852438310 678515251
531418564
2 1 477717
12275310 700177015
793910432
2 1 721701
992478945 362433695
896664403
4 1 324286
835378426 989206921 551914703 824069370
334978611
4 1 587158
530140855 489548138 959942249 304380771
958701635
10 1 530257
859417932 250176492 524364250 547598751 77167245 810788727 223394778 972493635 325864826 969192887
368960970
2 1 583352
866041907 65160732
811928975
10 1 129394
211175273 831653980 241602007 639392990 496472089 840075710 529524152 368273487 217791126 979149418
590233392
6 1 124771
787509317 156949557 970120328 817016012 226663465 405781668
536476496
6 1 232823
502740974 201232075 95472742 916704298 840214519 631982386
14136799
8 1 677643
793410310 494332228 75745799 767167041 721610101 349692690 391809729 282944029
332875696
6 1 476272
938712577 92826529 127624889 411960216 173653361 887792838
449452506
2 1 645620
981046310 438332969
867675350
8 1 971581
433941126 805630228 224627120 688911856 701909888 914006315 616741985 85351991
264262897
8 1 723086
175128922 20569276 171576435 994055506 489096877 71666887 138865187 522707776
960239907
2 1 648367
660305560 569711672
87078445
10 1 301751
47306619 89813935 601023055 922279952 749957812 564607510 81167291 701016751 928768762 238708994
763850524
2 1 582515
345197922 408117713
304025401
6 1 67437
136363802 70770604 666274204 752188574 432102024 80319389
616582145
2 1 216503
66696465 380828245
319292988
2 1 226374
255288725 585271152
521053487
8 1 981958
311586689 767219345 25290138 880951880 695555351 658760259 250984097 280301456
116450470
2 1 322576
340897475 968977364
759337320
6 1 968857
497552895 151579880 314330138 504370275 264003672 233246983
444816724
10 1 178491
145104706 576006850 880618231 943505848 547576722 842137487 176604576 496589747 756117003 741775268
538537459
4 1 882865
605625705 995430567 988053327 746381260
973815306
4 1 685929
627440457 680832837 626506132 46312585
653365281
8 1 82425
835353547 688426064 415690340 447081936 605888568 789869685 802915877 472450094
342078092
2 1 817933
482898224 269717447
663815438
4 1 196541
199142797 876057334 76025753 718430633
942984654
2 1 146079
18380954 696949056
218642764
4 1 564551
453418351 693004626 316627956 65447150
886765221
8 1 86883
469955267 745568968 130894554 123912610 412233382 73700304 704632152 572759685
359159422
6 1 350024
367104510 150408015 974346623 579933646 44269053 133504196
200768888
10 1 219642
59056341 899481376 232550929 34063415 8022801 875280572 861048089 546202777 97491144 753890199
240574000
10 1 36472
213336632 764487440 463439259 974966151 788240081 592187946 723636604 430688002 40446421 672405251
908411762
10 1 828870
987202 203877486 479164542 291485720 920201419 785247766 150035899 919267114 425101968 378257337
884043983
8 1 522972
859218607 867316519 803340476 34898674 321156173 599394923 701114683 793123406
856513570
10 1 736096
288886685 448815381 305148578 600409376 524043763 811983102 901339752 393446665 634918448 432518049
610862762
6 1 262813
855837308 123175297 887020266 508015729 751925472 14596000
204345318
8 1 531789
791067012 394529323 601894055 368354146 725595093 868843683 701660632 180409430
530079366
10 1 680242
649748415 374820407 100381017 751286067 37622759 527624097 868269900 995581836 429579894 970750859
279892931
8 1 142779
603622055 256345388 55722161 444155115 620989110 558782706 310099145 912417307
814586771
10 1 14972
924568972 324389801 883441320 458684083 511852837 763693992 852285651 633724696 378887985 477738179
558352629
8 1 116288
938812702 588416402 923821616 48062202 760422577 7252521 372420034 991536500
524114103
4 1 766284
138642608 140179118 801996765 700293915
278971804
8 1 943162
842450179 15652988 709117785 778444382 695509543 652452046 588385505 732029943
944325818
6 1 682995
54924216 114997172 145266697 692341709 99378960 120749636
953902840
6 1 358560
415516091 804193190 226061334 564166970 187850321 370116322
227132597
6 1 734324
887237206 213129266 787834983 176899394 762293127 430293221
496218069
8 1 162291
816137865 929683813 987838309 241809838 753470772 609015453 513856801 156426915
781278623
6 1 520989
820391712 316492773 102505054 819391994 739741467 326404982
329969304
6 1 967563
982245405 479392660 175017244 923623398 441140778 147526096
868183575
4 1 540282
631605272 568399016 637467306 922871617
139091589
4 1 408083
398633148 164805880 384492695 93670068
638594046
6 1 288505
789431194 984220713 152096884 553196147 905446649 749262623
173773105
2 1 755101
894925934 558420816
21851631
8 1 623179
337545381 912182857 497891098 321102194 626432434 373652446 451278072 772034033
886733676
8 1 829073
178934482 113505602 628023167 344899069 638988994 22104080 262375257 428105205
562319960
6 1 839841
536908337 370136315 844231543 871771088 27081352 605286982
669516626
4 1 239582
247220880 75610024 432311989 857015171
730737113
2 1 313536
547763535 771688478
278490009
6 1 784929
857145519 452516439 401346648 80970887 395245708 528733736
641883978
10 1 933194
346248638 684018812 565764744 782851861 32092321 264520581 378217284 931628186 960720044 552066686
569451053
2 1 46314
238478056 430887758
633797055
10 1 509764
115735246 939406359 460194872 428725181 186137530 514759744 582462468 946296408 605120925 733505376
788917371
10 1 3609
442110900 22858800 549277228 458539882 279541545 366198795 677465644 550400601 145690445 228775887
228526367
2 1 692093
128924770 589200171
86754975
6 1 659681
143090153 789920724 921305864 915736049 446342515 877902662
192944148
8 1 523978
643462211 614456117 370437140 143261426 384557425 405409428 620224883 98509834
525936648
8 1 456617
912716207 437063560 26758192 340190312 19677498 958054886 535600466 243680275
263738160
6 1 548216
639629140 780260877 89233096 253758594 833787990 597892694
176586403
10 1 19819
958909578 139481062 898973632 627699660 163176785 258405131 475142054 771998083 805490083 483691464
331306757
4 1 209951
610281862 263268197 711760393 659145236
234175605
2 1 912912
848810052 700509918
657006749
6 1 54844
785128987 332828562 663380050 7087429 958384805 639795319
533890382
10 1 748075
556854786 618553261 325495052 587870270 562481784 23945776 963589723 357774895 456535001 2185800
380331745
2 1 288414
922074232 449698348
290354612
4 1 528254
65176643 145446735 431394684 285696785
152920477
2 1 415443
1712213 701141258
877585251
2 1 278139
171830882 113858704
884361327
10 1 793435
349257347 140683562 157033446 71470943 234459889 537499978 325681021 238120515 146005933 890297111
444090858
6 1 971968
264724106 417181638 958202580 903376504 589154383 296235296
494963883
2 1 767040
867367905 911246744
753046304
2 1 492013
456289422 816796078
118153956
6 1 209709
455482519 381021110 226366266 950227952 734079368 418390672
524684504
4 1 208721
581288202 987746561 738037046 698851237
212708012
4 1 101798
607119849 384235233 710150803 891287045
156895558
4 1 20816
112137431 152224144 737906276 103795126
441835375
4 1 692617
370196134 842654398 356150797 76924314
432081672
6 1 381502
848061158 146260821 491428029 886322195 901307841 971299485
923376341
6 1 926326
735444837 123475580 563565871 646161422 497570268 355267469
38734731
6 1 203366
625218614 96517697 104073676 267543085 457560736 778165818
423444672
6 1 736576
279864897 798395070 11719269 174159954 430092603 32626808
35353559
10 1 424652
159490662 897026486 182982085 70264883 914112276 764015756 759515768 925574504 70092922 784670010
487473425
4 1 716199
546622928 718754601 648481802 768689493
443305076
8 1 434936
217979401 839257224 410350606 529831968 184085834 604853670 881647761 945437294
869016495
4 1 328544
737830105 335942489 352367684 404913077
627971100
10 1 105094
499470171 953922993 872772008 717327429 752133073 940283031 21877998 107346575 504682165 658026481
853856730
10 1 774614
946905440 57248694 394481554 730133501 41937673 998671853 504059972 902170721 191258524 313338039
95288629
8 1 367396
232378236 80970210 873655079 430007212 455855077 548066779 605241361 962653563
254210377
6 1 559306
59747988 273528609 546817042 659626523 339256157 542774183
193666880
10 1 571857
339941479 950140046 192936071 567314764 491026789 7523270 112104896 203491264 964918449 77985737
120562406
2 1 599436
283304900 613069861
158728411
2 1 615309
981610750 281021402
780729315
4 1 403655
160586401 699642759 427148299 852361513
870504697
8 1 658591
732786417 523245706 945523600 388533775 83665621 849375646 994135253 719858134
669325066
8 1 831505
762829483 894404498 74628031 840897225 798089885 139017972 151452054 461071301
857637875
8 1 316934
156416598 104096870 405361694 149375328 442735137 76830781 94705088 285508294
914859411
10 1 364088
818835240 28447733 554456982 70888612 686554433 700890272 91783948 62129704 255544589 286616796
102983904
2 1 10666
439238980 476070103
565176080
2 1 255359
700833291 401131123
302498206
10 1 765942
141229386 148890619 592333736 637498516 911319773 186918440 296541788 550224323 367967446 562357876
817350727
2 1 533861
655454891 210711866
754362159
2 1 729207
480941662 479860484
562306968
2 1 109605
596412187 737257820
71130941
10 1 825290
94880346 372320421 942744195 859519818 239161294 402294778 621492942 935807590 91301717 146936693
908192693
4 1 759818
595863423 112513738 500727927 871778737
287374323
8 1 366090
32102284 591871729 541907971 518094598 932257720 751541228 885833829 233071582
528251401
10 1 822774
648341938 334180154 76118708 631476048 623172483 663074772 286219667 716973940 45231529 952455119
583885465
2 1 613385
75275499 76257120
487752331
2 1 104484
554722569 838246291
137694971
2 1 36638
842264647 331976897
499881847
4 1 192240
9069501 975477880 308513123 342564485
584607343
2 1 330300
262602781 734539516
492766244
10 1 214226
420800992 862112893 557783439 692598476 491069140 733887176 705280181 776290888 308335129 819490444
652494465
2 1 672803
687829231 745203832
954948053
6 1 261436
20352233 676676806 768797463 505403426 497128470 879767892
713732393
2 1 147689
360666768 112127958
657265935
6 1 150632
811001309 616389028 529162670 838734414 337746894 789539446
42295695
8 1 101028
35479930 748090816 190326830 117589543 641761976 819571368 870786152 825572793
487577245
6 1 989672
982947546 490091652 719232441 46350540 130071600 190357417
516223464
10 1 3865
590749933 503423374 665835009 564420115 584943891 384308598 811638303 52574956 130911073 993968196
965836735
4 1 216193
47736359 316127445 679707588 368946002
634086473
10 1 182807
933884900 344607707 511088090 491816551 788963354 226710789 705462650 226821336 855486714 279744015
320384135
6 1 667946
37411326 261296208 609287507 89905496 370227507 158359434
354614475
4 1 339113
584755553 106971273 931843683 697216655
290873820
8 1 781748
833694430 104984357 630967335 990573822 337894620 450402615 577615188 855267209
36827704
4 1 979709
298927552 770006429 819774980 512505805
330190185
2 1 510926
955316277 614350758
268785676
6 1 841137
9032391 511494724 997191008 727413530 968642217 745748455
505061150
6 1 899580
28204450 86179502 832169085 442229781 676553789 33094592
709838407
4 1 840531
670860331 841481241 34314864 347271621
928242935
8 1 353036
751867095 106392338 305079935 477812597 347424716 777434070 199054456 329981092
532232820
8 1 852054
387930048 848262310 231480779 764986899 437292793 496068126 332948190 709256615
302988364
2 1 301522
189646707 336996058
797007616
4 1 563665
529844795 635975092 647998521 307536028
544874703
2 1 573467
443995504 536325487
242202676
10 1 725014
495470373 484735163 2374458 466761118 457984981 791845612 702200207 188524537 822085245 822696511
704887861
8 1 118618
298037520 127472625 859091784 711851091 31070613 908924845 956831246 43382186
89734469
6 1 812432
773292115 797217645 672013690 398555140 683576288 334477822
698264712
4 1 912518
693070442 104610646 130829555 281227269
692145854
6 1 405211
14041102 66727793 643410268 2091871 367138085 204358970
759366179
4 1 558200
227367179 539494000 414405605 989506494
424779884
4 1 483365
548723634 654437652 789306060 951991275
425804405
8 1 827076
738033228 891067360 949822488 712576658 371213337 43332430 307309053 837639382
797594569
8 1 902028
161870007 795438636 622408201 374870594 955592293 325537963 377218615 524446664
585550347
10 1 472098
972024294 833833565 32119903 904435156 420222829 368347365 174067195 617397823 697042596 423143937
274757311
8 1 325249
16298284 362588804 52911497 218098881 836008350 883134900 200957319 855329464
402614100
10 1 282862
984490016 21951415 741324727 381864406 340458445 887264302 389404972 3813650 190562499 250764818
788709798
6 1 923503
144373470 306483371 579892503 540478849 73778280 476317377
980031589
10 1 170096
31687485 430362304 902691450 907334153 247344328 872799682 99263218 871941200 845074089 644634005
899173358
10 1 525085
293200237 817250532 911325472 222024645 794168184 880038638 510151409 703553146 17843541 220099117
558660464
8 1 287951
831794624 357987299 431825696 918864568 174186735 964923937 834331680 847186133
685782430
6 1 466107
471046201 249807051 867645152 957367879 645074443 753385437
679174432
2 1 267518
807484437 831412034
233275366
8 1 570663
774071991 862279029 735685350 374178896 204953069 723100530 49211882 923457554
827387230
4 1 262968
697415231 66679486 40420060 732502427
4490670
4 1 495869
433028522 970452033 863061716 921377510
899291178
10 1 95941
331226346 436592358 368043703 228547542 283917683 906342315 32253482 453136983 274525396 566963881
656247560
6 1 919900
893724471 975632898 178319424 761956129 561568785 651444090
751113232
8 1 662402
558528505 731116568 65546552 194817442 862886578 799778172 637944488 830315339
971052645
10 1 997954
280125633 484354039 409564042 115625666 391363104 940557846 622836290 863306819 180512184 369550261
219809010
4 1 770536
706459991 776029987 391640277 238386346
519856799
8 1 122721
354269407 743661580 713980821 559795211 681502381 168043480 225664420 733928017
879459453
4 1 157604
588713309 586366469 775997166 979757321
480659315
4 1 172753
328479497 92153314 724290889 935047727
999153777
6 1 824858
234397590 691796898 849971096 358863867 523504251 849874642
214006522
4 1 238150
256080611 494393366 486790309 492551145
169924420
8 1 419705
293581002 462287527 221418279 680602428 776341613 158801246 631251974 226440815
537434797
8 1 110313
22095259 479985410 458294669 584618728 790539947 781910715 360089410 848960406
546436399
2 1 567227
642689615 663007274
152873539
4 1 976716
442725439 865986420 34462031 718028090
771623999
8 1 462127
229129500 9195521 148554578 580225724 278239652 467401155 241935974 950408866
272280461
2 1 107272
918812046 951279261
613691493
6 1 824421
198793177 527429733 36880478 336664512 377809341 110903569
38969953
6 1 651312
243997035 323564866 6209605 186814209 943597805 75236571
362745070
10 1 44565
116667164 190443306 967218858 576549350 153994709 757202189 350971653 472157632 445750128 671301990
169739502
2 1 241507
573300306 958807364
242094524
6 1 448889
425795031 78800764 963718123 778126908 746035408 848317191
693524545
2 1 345541
185845524 796112238
636807324
10 1 92583
777579893 513818532 641077567 439932899 643184448 207240080 801453609 296493504 893567449 419198465
718321965
6 1 412695
999903301 244884475 806969463 908492261 327193474 125859587
189186866
4 1 601555
125436015 360351805 548375595 514272221
679885584
2 1 760558
3355971 939834580
770113041
2 1 196068
460793946 16069227
416741528
2 1 700609
275965928 857560504
43817547
8 1 877623
132199243 464929839 500964951 649424099 859515745 890024527 834432609 836824771
517173311
8 1 857064
931494473 873998875 726582573 449418403 396934104 286339954 610452318 602336508
621366333
4 1 499379
952424888 318530580 782140524 10912540
722585012
2 1 366982
556910326 804775098
435079490
2 1 440002
543364909 698779242
596927058
10 1 273074
926762283 189984387 985565207 708640476 452801379 53087568 124070323 1799885 821889542 680013970
55630438
10 1 54376
488433200 831353735 248682942 677364255 993393639 175427041 779084076 669951247 734728241 929608956
208735008
8 1 243934
314878642 380204969 875040918 789105616 495334963 784111476 880694345 979310366
88355752
2 1 332158
258303431 850951912
176541457
8 1 734148
409096716 45978222 391260487 956704308 44126630 278265727 562623270 929712677
616590706
10 1 533610
240439191 820485701 4676628 890819627 361327939 448942473 963496241 280136258 966736318 564863097
214979851
6 1 509210
370022983 152477980 626737568 526668674 41488956 162251713
813378165
4 1 957466
904504552 790164699 304720585 737421030
293704271
8 1 448237
723149347 621584703 631614282 86750631 278939201 218564699 76836827 797213336
107459517
10 1 84665
777317059 381442669 1053908 760403572 701571200 942593308 365178134 260113845 878012229 607153185
966079678
6 1 754145
296863242 408151329 235698352 764633490 796354207 490634992
130889380
8 1 650526
910882946 813130403 527996540 118044109 844223738 161645153 609797541 391239723
118887061
10 1 449985
993029356 849826660 783835659 960318182 348908914 991293126 866206292 297381626 921639280 455983194
640798099
4 1 821601
865908272 7907244 89469600 365111037
108757807
10 1 647461
667150324 699229274 721226147 241919831 198544279 536828726 219215055 286568868 967497580 475920818
608889929
4 1 601053
613818886 380886111 689736148 785984304
26754961
10 1 860677
959486569 995872570 47233445 354350424 134434991 98988238 577319238 433842474 191724614 52307347
192820204
8 1 46626
895449121 826047959 417736000 576368915 742552296 529179183 946525981 559564983
935842873
4 1 576709
904596618 718963918 535722230 496410907
632028744
4 1 536670
450172168 135767047 711323762 389346575
649637046
2 1 772950
184768178 536298334
571495681
6 1 779398
532255701 467286825 612560467 883493740 611509862 440864210
42318864
8 1 40614
366161843 506321615 219404958 440004796 63535289 954866471 592746253 925356587
541988258
2 1 383755
336913625 956873599
730825357
2 1 841320
221304686 188463427
535210039
10 1 151749
375030777 730668245 527524935 609113516 264907891 769872711 255721239 923694994 400348162 441338988
420223354
4 1 186609
94186913 491569787 261027008 193879644
861582957
4 1 736844
95038101 283216342 902056288 376058145
772696763
10 1 110450
521582582 13732152 562469112 495897274 291138907 195717574 834468375 491735575 882773328 459405220
22166565
10 1 314476
331546852 118676142 503429840 62379079 873237235 199384551 586366539 159229770 526126848 173172460
216775750
4 1 175572
587617607 562648776 598322395 620686108
324542141
6 1 198752
446520670 231969012 710189749 954199910 150381806 146600841
247042065
6 1 667494
735387700 645455754 378378926 958868365 20755085 224378917
702843020
8 1 239119
350574147 842354181 961942944 384571494 346274748 245990839 36037466 414247110
513684451
4 1 544593
603055390 874291116 318708964 873629319
266165555
10 1 745929
744843381 78126279 820924199 430175409 326332274 969114692 178396 84609351 132823305 902333790
227036730
2 1 975890
960681847 586520425
792110727
4 1 158747
519814786 564397710 9150524 788187707
399631001
6 1 472891
850962129 603943611 570698348 564219350 84627775 25539702
599732507
2 1 915988
789332965 654102438
667746654
2 1 992101
696988755 659706640
34320485
2 1 368401
926785967 820971229
832454510
8 1 350339
990870845 799114501 423341354 274141927 179623241 677208592 159265720 230356060
304616241
6 1 124404
212774853 88943219 895951050 778258032 658567301 286211300
617321397
8 1 260791
852304531 199281806 578071438 851531576 127794932 227213629 339142375 586113103
401473348
6 1 472147
704176663 905794886 87809084 888663543 277111840 330577531
821476002
8 1 997098
638116544 876349503 682449823 863320856 839810405 918611493 109337013 24458100
46057013
4 1 143909
939875586 594512091 237796638 667682819
690407071
4 1 797981
559954866 647240594 131877916 549639813
126246476
2 1 946328
454162390 20441833
523833194
2 1 226010
604930032 318242542
703071759
4 1 737478
966536335 256269051 771859709 50616657
364881622
4 1 915176
784480211 252173056 11607216 190460307
533335341
4 1 336924
186793685 252927234 784600540 598997767
350171501
4 1 724785
560383165 173455130 932317916 364893048
980655511
6 1 153741
624889526 966836472 674986123 756711942 994243219 734033770
991941597
4 1 154920
759156365 395808459 233702617 592301809
690877892
8 1 71971
562041670 991787098 71504294 451350173 357434999 784921670 560125854 975528045
354171455
2 1 527007
386588329 591064305
400594265
8 1 17022
371959326 528697850 743278269 478841516 72042210 27130760 623448327 856820104
244779218
10 1 926586
254730942 94583378 604982633 120839904 144194614 95430053 764086148 704181122 852784568 178149820
145960543
4 1 116040
925811458 942553429 314765591 107443603
450054516
8 1 805412
859500209 331121629 396033369 430804533 145564602 861240243 136677313 958948174
640552270
8 1 364038
216182882 155138212 995444581 739624651 346121145 580851377 340788656 105950073
406101306
6 1 958427
597054206 298736613 689628408 586897642 140606200 611451717
382657964
8 1 187419
931777980 167992097 130973843 114456044 587469058 623551970 687482540 550606939
410296270
4 1 368589
711763082 589056925 513577571 335413879
958396143
6 1 109088
52751241 374232640 212328657 460562847 693508717 324606937
516661882
8 1 260617
58171239 851059372 301577805 659229149 749084850 268036015 10927047 912891458
398190324
8 1 80702
212263368 453775822 255238739 981159790 346330836 989382402 676885972 509668912
576233522
6 1 250857
946399070 303103378 736159259 619617021 386387345 137675635
730216790
8 1 380999
636945475 882011364 712186743 452026442 954631910 890987736 79967132 105392764
357315206
6 1 902107
742681069 221313604 341302618 471171512 682198360 669146177
30294534
4 1 989598
927604695 296991040 86546710 339653711
958103345
10 1 145994
380571307 531187356 479128046 136705578 797182429 834813073 932722184 350134928 763040630 16762301
7020727
4 1 28557
692277802 527076677 69167695 20258802
728902727
6 1 865221
181158852 120676225 635053506 196578596 546166587 832291244
291899537
2 1 708764
882504269 462389435
980652019
10 1 217282
825544159 679892474 536679921 303915353 888930212 879337022 702357701 231155441 740904353 163437708
124352157
8 1 362293
791646784 301400130 219986571 785529736 675522936 826120440 467028908 298098702
865448924
6 1 415898
887209099 150980594 920431421 340879011 6659017 844963864
924301527
6 1 27213
360121482 494053498 322269509 509111211 904035529 626543433
712099012
4 1 270700
103252899 675278244 829209797 107294626
62452277
6 1 696075
989353825 942293358 199421998 954820152 911974543 843604770
787805155
2 1 507185
976905514 834382416
21952712
6 1 772446
902048596 993876958 151370658 285680840 965574748 466489628
886101039
2 1 819915
757796728 761462952
15921977
10 1 67944
760325919 134461241 399395215 688851176 534922590 566395751 855083557 681551826 125442898 101610068
734842591
10 1 547139
733298844 327283020 12242588 456784238 601279388 206295916 385115007 120181253 213913651 940179229
642591184
8 1 293973
560478465 382788601 582799625 353247217 878531091 972264529 201380666 410796637
932710322
10 1 13057
604896438 347552011 262484656 620518697 781000019 507696016 43285763 889592183 321443516 887474445
785210451
8 1 863952
267907630 151855965 288144410 374778072 362374338 441516501 356739562 938423633
783146162
8 1 935349
243774619 986029505 610097414 792426266 660111150 479309439 102647179 423404121
256476159
6 1 589560
590339236 982579385 714764893 119098625 639326554 434502449
839565367
10 1 334228
435401707 544535412 119505020 641268631 569577883 564308612 319450705 58658905 472775921 142909713
424738831
6 1 312177
446117182 433259210 31886159 16794027 969269275 635112769
303776294
6 1 586263
870437622 339494704 347634260 756276362 937805305 604918878
687817330
10 1 903249
204626542 928468473 661154595 991611127 581548223 384715124 819543690 709332108 781765939 187442276
657275951
10 1 421939
323277946 3599066 64184558 140511488 598457647 236735874 304686383 799046371 56905770 728159062
841863257
8 1 85820
831658906 764735918 795503945 77804948 612273632 269995709 165292486 803183747
294235719
2 1 641799
380069026 200377306
6112354
10 1 260608
341267423 1647286 868100896 853477060 738085495 156494352 878572795 591247356 989432996 362205306
218372788
4 1 902523
245603729 554195397 581694127 480402125
221014407
8 1 858362
725430295 76274555 860164971 407536374 39262307 576766544 380330248 750319103
791314541
2 1 411188
368841788 349863560
647021630
8 1 183969
286441997 991721621 257480941 204420044 910906940 988176283 133310140 350337299
770408713
6 1 835261
340999284 92752246 700115806 6975100 751683560 266606293
464760108
8 1 38
250626752 530723771 370979085 508445113 826708620 242342690 77927662 843325189
518063372
2 1 940347
212299435 373308145
453960001
6 1 792080
345236270 419647380 830562956 238347141 166333126 416592701
727067180
6 1 539965
543561217 54029524 225433699 76735610 32410758 909132449
834693905
4 1 293317
878726286 796583344 629008542 991247180
925231398
4 1 958167
545907155 518115597 258030426 275568438
98654934
8 1 610008
960013994 647239672 994652773 923188474 27202626 845703210 804782852 988440558
285620352
8 1 419849
836830765 967560145 724970727 810627868 961912678 936788604 921209102 430780049
520892314
4 1 863497
235766284 380244947 249640209 802365227
553474168
10 1 525631
244177739 520231229 513643424 972887007 240294987 5507714 452999374 948752155 441360380 192906106
50290807
8 1 121845
149248557 739601195 773351295 122721917 377124958 577210684 569821364 885483247
128339891
4 1 917409
68102551 395010809 288262845 624717876
676859739
8 1 416188
367284218 220762334 746260990 84727022 943453099 757071432 305656676 540245435
67670694
8 1 822733
549376381 700257052 846089105 384775162 89349751 18060036 551739774 32354669
673581020
4 1 751620
884247380 887076337 38789356 784195233
628716636
2 1 164154
66541065 553619010
967878318
10 1 727
815786325 394492342 465028999 847040548 62319481 173848600 55623273 302977450 443053124 425627403
199204575
4 1 780603
998102103 917032355 562403222 117059555
184030789
4 1 232202
97372864 615696642 86557266 300643549
860593712
10 1 529399
313981040 207654239 551604474 950316073 304135170 543867860 280485386 123862498 880002009 86151608
215337351
2 1 420735
564412819 983204612
377012940
8 1 265912
961161956 763355906 431274577 266673291 625558945 3289450 371261901 606292260
262037146
6 1 870768
539222777 432428500 187923472 382833244 931800 948538837
506074639
10 1 622111
641632554 109434110 732270965 744342071 649490517 810037480 326088904 217885600 903359013 391424624
877964133
4 1 949825
113975715 201029377 920974358 193776775
783999790
10 1 164574
612146207 293243652 813883584 507013444 162505773 944241597 48324985 157615809 552025714 616239939
276317193
4 1 706732
765444517 495305957 275987433 656722867
490340374
8 1 665776
817488250 714870789 194262449 598760312 688672163 892914728 590612183 20214095
205922630
6 1 729334
972517179 219956400 194043795 829089267 413010515 180225376
790073953
10 1 317362
862433349 703251098 144054945 569167866 904232742 748661736 671918960 235130551 968067847 160589603
981381454
8 1 594180
997577297 325996078 132305184 183407251 851029237 709518612 2766038 522426820
183998922
8 1 165819
743593722 352194258 950116740 269209958 153523832 518173264 12904720 876597868
77860314
2 1 965220
53366019 776781143
192462899
4 1 94976
587206261 153186102 783057147 700467047
415695446
4 1 638552
783511206 500423924 47942430 393927458
918101795
10 1 162591
845488134 623435956 452099445 16501151 606879763 78879179 977267361 859249818 993246211 57301892
2850560
4 1 189198
949200998 428014993 833560750 339804792
792097753
10 1 583729
468391985 673335707 816441831 137801968 106405045 308128994 653293750 946676411 950602677 111610027
530985063
8 1 972979
946996919 871884570 399715275 227065056 906662662 726904428 685111034 416652667
32287197
10 1 899065
965590952 368358130 902880800 875841144 492766794 505959649 954061856 813057923 29358709 406918061
679384399
8 1 151830
688097686 948795366 203990718 675256944 406710000 989872773 632376231 311240940
24910124
6 1 921382
273634687 692189442 731337740 830164750 386169619 54702216
343689306
6 1 867550
171886683 840699645 960267981 336757429 15857699 8350952
906922103
2 1 297177
223537219 568558934
215308491
2 1 106589
968986135 898777389
477950568
8 1 7567
803090586 274888542 307400647 828198814 98397052 252347335 34497571 871275234
452661887
8 1 82798
948540272 35882224 447229335 15889051 975067071 935926657 528756039 523951948
709741762
6 1 198778
765670261 419359570 921366122 130693336 607626437 521985954
729942149
8 1 922404
714522960 111823843 420899797 506565799 434223945 112191353 805986256 886505579
469035109
6 1 244010
842661549 617742124 761133688 832535704 432042251 101100197
373954504
4 1 323701
799207919 956951803 388075638 805429192
361048965
4 1 372055
960072665 946838393 894193850 526492017
843702730
10 1 444849
308430900 510538137 630382254 564445165 899819250 443042065 598616724 208817018 508700622 136119318
411068896
2 1 321923
863661631 84116257
83269771
6 1 427041
937019971 674487610 346649051 966621894 159007737 639300711
996442068
8 1 710416
3988910 74820671 115226583 120196792 831010278 823197593 991643929 133554447
201835985
2 1 502964
802736912 735447431
321418007
2 1 473836
27480009 331502599
539163343
2 1 928779
842680009 313420419
675399810
6 1 256178
699000579 307168224 53456535 529230573 843448134 703809010
587037154
4 1 37718
489800782 653260167 797647305 594157861
456236169
8 1 317692
150177333 810395879 167419369 558602114 225453862 170689246 223025251 264221285
83568812
10 1 7740
749126896 166175920 411127468 833925753 869355960 413657438 658466731 595648126 582191591 550404044
997556189
4 1 491487
463780762 363668919 506478879 852818789
244972876
10 1 826226
482376577 335742956 993750757 60641583 257981198 981869643 868888203 105353582 219060185 876391576
67993683
10 1 438358
577578529 196009242 314094677 596997593 786715653 168322857 70972709 231270226 291167868 192768027
159071348
4 1 705615
819047766 833082595 904211369 132868584
591119079
10 1 817564
6619920 955620057 418070318 443530372 827876674 576480714 565956917 947281513 865485282 179663458
968273367
2 1 441702
689051803 240056446
678155681
4 1 582092
214397068 863775860 55048074 114697143
207946480
2 1 29565
310517103 158286514
176762374
4 1 450859
820623880 721219790 318894057 459644146
337940916
4 1 879194
381586013 433055851 304970990 111770917
479591795
4 1 33412
35758766 919524133 4589439 234028150
964027070
4 1 732430
287234994 444554601 507453376 202864780
721547866
10 1 17836
942567674 445754497 886680552 466859295 129736835 289110725 273363476 246272000 729969329 26451632
481975794
10 1 449911
413534352 443226304 961610755 994070431 458212168 500927099 982618203 572367575 443754594 155031541
261172640
6 1 261666
187959495 55278830 485465576 618699651 186757608 25069928
389609336
6 1 911322
900474848 798807086 83659585 401172559 808960290 367096899
794426170
10 1 329586
200667110 341693931 615867405 709837541 698249286 385054253 461660559 428449854 752566073 709163468
150734048
2 1 446989
442677064 468279248
837176061
6 1 405442
401289716 149547719 74660712 243028938 359825844 702952350
165479012
2 1 23944
889527823 90422722
464289985
4 1 390405
531045047 536470460 694992130 367856075
447909805
4 1 77424
980869716 923542019 955962248 669640020
731142756
10 1 326958
226056356 39632298 687684109 396100892 641976485 249368420 613760262 247561119 308844097 787460852
671893998
8 1 63314
137048330 960296307 829786646 142434265 528949789 785730207 746059575 200195432
1451030
4 1 854556
323735742 491912453 310701020 832132633
207607526
8 1 945178
782760429 263406940 243871190 130813167 908705017 783028281 224309139 241059577
540230198
8 1 741558
387221923 333453785 737238295 510509105 324468622 514893944 963644336 64482992
438690969
6 1 347716
552196166 43728739 559231093 991117168 574194809 999570678
157152405
4 1 683209
416358926 60703923 385922439 337898207
583024602
4 1 110234
521834432 123209053 188643022 434610703
162747736
10 1 115919
736625257 749327303 723824936 627352484 380092179 157594961 449065336 501755611 647993547 214740064
73369248
8 1 276465
355181455 720150030 385516961 19146505 375312124 96542698 815979111 427549165
201895844
2 1 732957
949146593 466650142
409025116
4 1 877048
244042509 900743074 300789104 631084028
877078033
10 1 825405
101163590 820950310 230812648 523177932 325690020 836588669 206880485 72446189 650405333 739669256
227539900
4 1 249411
953940563 707512929 258810433 197113117
13981950
8 1 958400
292545000 634590647 479453522 685582927 31098347 584314178 564891057 737555502
702721269
4 1 307390
315400640 827761454 969488070 514214220
179236447
2 1 831195
870400982 234455213
70067046
4 1 524624
355768351 508075182 419674675 421272238
520786660
4 1 196636
206575363 971755836 50189012 684962613
614410427
4 1 208101
445834440 874958445 945203325 839962760
202463313
6 1 11824
40743352 594376575 412929463 989132529 348821681 440888758
679831188
2 1 693092
217093005 208031873
992967309
8 1 520132
795922334 467818270 276607942 150506336 252817179 837012152 300839282 791969472
746816638
2 1 349396
707921090 633317968
639918676
2 1 131846
126225066 816822059
409256787
2 1 263800
500636863 533675097
258792491
2 1 893993
550216402 215528939
670316194
4 1 559296
891385880 874925911 616024559 538148989
245819311
6 1 43115
952920245 654852299 612492569 559359986 344185340 261374121
41994926
10 1 957572
469079499 661762054 695872591 458787030 641232060 44454151 659808388 84861126 481821113 489778947
882030893
4 1 397533
989333531 431820400 516415507 103369159
319742252
10 1 440502
348020632 205715257 344485213 382678819 457738653 998872162 182244646 50167526 171149295 712849476
595714034
8 1 305259
507009345 104316529 10300028 463492367 25469067 237646211 461745032 352018749
42766161
4 1 900057
316014046 303412350 175712956 701059067
727072945
4 1 977383
958765913 562981279 203929390 52840304
673545439
2 1 997645
798164553 99699634
373772021
8 1 138418
425812626 750256287 445610817 491379538 405105015 721687196 186944632 754960783
349310290
2 1 246356
244515327 710668337
580413010
6 1 245399
945541127 449051760 75043612 596574347 818088925 958702626
995414880
4 1 297471
282361101 874280149 445604595 793819621
336629055
8 1 449609
183944127 401396955 732596511 171459585 810480517 974099568 66847629 414553135
969261480
2 1 30052
208147878 471742986
755239153
8 1 891208
71521371 225609729 48993488 117066321 828009317 778815799 4119257 705254239
324290104
6 1 739112
223810789 576002427 332361668 304597937 480654925 611298620
242626138
4 1 755320
770850472 497272326 426948178 238913473
436767824
6 1 418256
616701629 209133367 655205833 730511841 252806022 90855382
462183413
6 1 483116
78894144 579729317 723341847 925764450 201334074 890895405
963595004
2 1 125288
794973807 306010563
868172788
6 1 455461
434029479 569823231 265102044 572261014 633102402 172557475
716797952
2 1 918195
364287173 290934250
572051402
4 1 662209
15748991 420147394 849407128 406398825
801804406
2 1 356832
714429175 568245252
929065943
2 1 987317
430825961 908203436
816660081
4 1 234486
203851746 374654489 820086669 99944127
236316806
8 1 294240
996302146 160347752 792779652 530206215 206286543 762060046 979921224 631190569
326378213
4 1 211530
488099271 697836709 743170703 327256866
189546740
8 1 432272
329256059 867575644 906450054 44053782 953107663 636906630 355801219 346084692
491953339
6 1 482432
360070662 395252994 173398289 176732572 943729589 395998458
157303065
8 1 74939
45949623 526570189 535299500 755870298 278195547 713293791 728545479 981523462
166783363
6 1 961281
860939144 565521285 868548783 747867792 456611376 666894441
136850895
8 1 183096
37898945 259218342 788754024 964550636 926014843 392645765 814418703 263155236
241574137
6 1 571429
474511987 781122638 237497023 874098362 949066218 789901625
792655512
2 1 250242
705484972 431603945
990921369
6 1 476640
651075960 153687101 466667125 122249902 213027570 716791479
363685775
8 1 379909
263273322 304013550 788376044 925344354 2379995 899641968 710055449 323262315
264795509
2 1 376883
485785329 567513435
413157736
10 1 428087
859184928 74672507 812641936 547045313 524660481 877659071 730169116 667120562 373356832 193298163
79198913
10 1 238336
402130620 673745997 158904137 920698189 471301925 617643670 793929762 643105405 139983655 809759444
119939343
2 1 371027
560573457 103420829
900756312
4 1 449401
737516427 200460554 520259404 108052817
747639081
8 1 756001
41746555 377535230 110881879 368963560 461149171 502929807 477493706 209216598
718277484
8 1 72340
595597227 664033844 424732141 950243488 17882503 895334627 163591585 540159310
238273420
4 1 816553
763889392 773649814 298964817 742013751
809152283
2 1 149675
635602240 889533800
572185200
2 1 344239
127488333 617249914
968208561
8 1 272973
505998638 48958295 423736468 601449018 717147244 534476320 378903441 602141246
900838342
4 1 864749
952757167 697876635 292327281 977275437
161378589
6 1 926061
233731035 201725075 688636046 336851096 141713870 233670968
953010486
10 1 726639
851694802 817719678 782332833 516638053 242929151 288055582 775852514 996224900 417028214 455546651
15405380
4 1 321892
403004815 641555502 760646146 779757750
983111285
4 1 67144
298527379 763477125 701897979 734224230
257052996
4 1 520315
314056288 555597652 27433353 333066359
721385109
10 1 927294
150041207 220651296 779756609 701738873 682192609 728179610 132645870 451134104 804729508 296934131
864990923
4 1 648029
461207377 385499011 958550817 101813800
352242435
10 1 936092
390672028 969772937 787728048 323797589 223342346 495301207 80377199 3036483 426731619 254027506
601913631
4 1 210057
780713458 426035810 834359987 647729795
624657100
10 1 371186
287564113 492978871 677847505 265249612 188100620 548053553 872535628 313044259 424159338 860868788
790057678
6 1 838742
366148219 148849214 977848096 638109987 553610592 859366538
489472440
4 1 801844
27883329 345139141 251176195 762796704
649922214
10 1 895909
300600166 116220561 63157996 935251674 230888266 411217017 51000413 77922216 137841598 577402606
771735674
6 1 134638
208187930 575320064 925128778 623339321 556762085 886918233
109809214
2 1 427749
98380368 574430769
506336350
8 1 94615
444826978 970044605 172653452 848844265 502694489 163571996 959303787 450833827
573123180
6 1 643215
958509277 555369835 200498642 772036144 451388504 386096088
414780021
10 1 886758
38997284 886343546 114976327 470536918 825582766 816284802 717458949 776512672 405379309 667833774
96377398
2 1 304563
541999765 669051656
298507469
4 1 3761
216507696 796964583 553273341 687556882
853535059
6 1 105812
919721698 132460549 714501007 82704790 393002468 992849318
649216422
8 1 562445
632575016 515974340 967287092 748213972 409498266 482540723 779679253 655506169
395390059
8 1 514877
277099323 949946978 266681995 890922416 100534489 753115652 387338116 561295396
132395644
6 1 316667
562572719 29630999 645233306 162407342 384946835 885208535
856778832
6 1 193156
302889757 844540613 191756346 969247057 738304644 69589915
910110972
6 1 147886
760840744 544322971 722981770 368799677 151150825 838457213
868271770
8 1 703273
63161269 682608025 552894126 122288050 328591935 941284752 120522237 739865637
665486053
2 1 589855
852798192 101205602
910014324
4 1 950002
56784560 962202376 610052337 888795226
532643587
2 1 718294
596845789 662926870
562010529
10 1 905068
85563734 947933923 642638137 688627273 928358424 190963193 877289769 202553087 792383934 228942639
280119710
6 1 72699
857239538 770596850 925798195 519954780 25821526 804487206
81310098
2 1 480144
936958341 416846341
241209625
8 1 957255
319536086 661365113 394699972 2800388 150463667 357234840 721475227 226964181
44842458
10 1 912489
214068618 23712002 540677731 328861651 702094544 19811523 318942890 380513631 23382564 888462269
349234981
4 1 142499
162096408 178672325 829833570 905394782
618499870
10 1 634168
74869799 728924906 345620469 694468201 27063387 194663239 536139908 354426196 989671117 286638236
658243319
4 1 355983
130837203 515673634 284546983 337460500
322191742
8 1 707795
871385741 896394469 707390605 319226 556652734 669338204 349653902 871751151
928244726
8 1 803425
550945606 16711580 650928688 258251354 693702345 190011237 136712662 29557294
316176206
2 1 335003
967995777 365986632
219100650
8 1 680843
285300026 714624786 785991688 978319424 447104813 176799927 981666071 162041955
945939721
10 1 444839
129141493 152632865 717567628 212482972 699302109 454027325 832932828 741406189 161807706 438914113
77489097
10 1 298085
802529643 396307090 333980717 499245702 391276654 779887450 750687316 478684455 97441896 661974936
221284702
4 1 971713
669069720 372819639 8518930 75290586
159995252
6 1 931293
916279746 265338392 135006068 495233219 683876343 768229151
286861805
4 1 150735
73167569 580224925 541660809 65815179
191053449
10 1 108683
217820288 151310561 662551501 915501551 874709448 584601406 360548906 268916857 569713382 8136574
93505469
4 1 547800
873452416 54924748 584425716 149070647
288800952
2 1 761364
944975584 934393148
39249229
4 1 994277
315283572 879125044 612951578 219897806
143442645
6 1 904682
658170115 810922659 183079322 225483828 189075428 966360551
281200204
4 1 393172
470640093 933137411 622421625 332835637
958216366
10 1 434107
168693338 499278651 22917323 705818311 492168693 513348672 487999818 921562580 677696184 794181606
239297494
10 1 962773
961627324 454757805 309943448 63072214 119144112 231843901 18949512 776437476 544897368 622099999
542413967
8 1 112844
252261438 110309963 933122837 683972671 275604569 890967491 493371450 409256134
2659661
6 1 904201
429400177 483800126 597158384 325816386 331805531 670000548
243075381
2 1 949097
173405779 244167419
496885432
6 1 773144
424053147 333154286 131851321 359182585 494397655 860052167
568903365
8 1 722409
829433841 333055862 300322492 492239024 806513255 15276168 605025390 674270636
504459687
6 1 147989
879357080 811642469 676376796 665477387 731783027 614079647
14180919
8 1 861588
597527165 697352139 26266214 683518559 9532692 406371511 379869454 224861148
464320490
4 1 961503
753535493 867661610 278066869 235401257
489461053
2 1 369252
5613048 638611789
815381596
8 1 372527
857363804 725010082 976543376 392256930 256867083 244573186 374651735 814524447
13289198
6 1 844316
313494915 903299421 192198468 233215177 742627916 986005855
811581142
10 1 886647
891266129 2095826 27212966 236169573 805298198 457456446 815609798 877385692 242360297 616264122
616007246
4 1 474454
439885391 248341100 740298738 448610075
388581645
8 1 88507
83219879 532141788 419052040 706206332 545877200 513501774 362311206 176966487
391516811
4 1 528843
589931830 725900081 989831137 928239727
540678819
10 1 658845
606009930 981216501 257226691 109841211 815001311 891321888 955380162 340774849 524368207 436575784
507014243
2 1 144142
956578247 232302037
760485725
2 1 542047
997574477 268215337
194044695
6 1 515050
868513050 983311485 58124981 377272536 853552847 121452396
283591467
10 1 219641
721402960 672164295 37316949 766195099 178180392 497772290 990884467 319058819 767996906 812484650
973116291
10 1 595791
310136932 479348595 375304478 333606803 221904289 36365542 926993726 509021943 73116037 440197876
977308537
6 1 981573
97976341 132281059 171731799 331220250 843816578 768059378
605489750
10 1 728982
354642589 589661317 61972487 234878894 657657833 226350771 578083779 217176657 440233391 378739635
625726490
2 1 919672
769739998 622982965
717443050
2 1 521660
920434732 15785252
905493
2 1 209586
849304858 506494401
203026220
4 1 348716
486198843 205548501 575809612 25466247
240172768
4 1 745602
892475785 313399479 79866569 176236534
377798112
6 1 448596
655766873 894294302 127286930 632046142 327044439 768533694
140669822
10 1 927230
14557083 642743028 554968841 516273074 147898306 266934918 457491553 740712825 140357087 213953742
412651542
10 1 366539
203757836 778896079 103298657 330050243 717331338 819772077 648802416 41182422 82230057 347013836
740621905
8 1 178305
326312622 858004041 409889548 48759658 735043064 116668020 823031918 903691079
817897573
8 1 771902
807455936 271711131 494449282 747191999 169727572 668390979 847636311 740653759
660696808
10 1 350057
432115817 724467438 118023994 312953909 307771405 859352545 942414338 856899028 952288153 926798762
843725374
8 1 416508
764219770 719044563 611917362 311408409 680376984 552759229 232661622 103975411
597016440
4 1 311053
506977367 870532642 311673571 637584301
858536557
8 1 826697
645455742 154092932 449469876 832749226 911102182 836746847 289103264 506349442
446569752
6 1 638206
393056560 505657974 544976832 228436041 477277078 886549676
745995909
8 1 455777
735887503 368737470 51295739 593219185 156322144 996888425 776547679 525472901
122221474
10 1 212433
331097980 30645959 240996423 708470517 975053516 513769941 938871821 24363516 761783686 454702878
288440102
2 1 178923
942244187 835598860
644561662
4 1 972916
516832593 35351126 929788060 202933390
870515691
10 1 24592
175726486 635568341 703715282 393859260 739102237 833954963 384053192 984947202 499550817 777299581
764566076
6 1 260134
828796900 900560966 205786296 478405410 79114812 100549836
776395384
4 1 859967
867632119 387624119 379404685 118642251
867420640
6 1 908221
21609232 506398195 917594656 332099415 450092416 11904694
545216789
2 1 715968
576903763 189881348
734002938
10 1 581561
153362581 957741765 981699767 481422537 595586706 300757052 813286549 188296836 290699818 678651591
937461058
8 1 43018
661675296 750081955 915719724 673132248 371309098 879876722 62225222 809804353
143488418
10 1 968955
702669639 430712535 208154287 415987830 106883866 862155344 890953057 125471644 636673828 129047866
857252384
10 1 656854
84340592 759848928 19682715 966076675 232210581 242367416 90485572 279291137 132862166 793882730
595188159
6 1 350017
977298557 368225970 475569992 50850541 238096125 612140322
90261447
6 1 751300
101288396 590149520 822953840 142977590 80767472 86191077
533552685
10 1 430971
623432507 965441413 874261628 897146272 581084527 364055412 637822583 929437638 527756857 428256425
745046034
2 1 960850
88023735 47766700
785002643
10 1 331769
827963491 990095382 748785074 959217773 20535310 525737113 826511445 65167615 455196678 185482918
99782284
4 1 913051
966941139 208105527 548981211 336141232
671139086
2 1 327520
795403962 660083044
790235153
8 1 483705
182423164 693272585 501741969 608388712 881112314 422299147 375746158 919649193
397043173
8 1 771697
261224209 438145629 600487689 750662694 332065978 335368701 845519574 529157836
11864931
6 1 438517
664530039 899497820 225401624 609183440 99746019 23289109
979675654
10 1 757976
183570420 897483191 309904689 503067045 925158352 211159425 637660368 655399284 488893294 24407871
323611865
8 1 9261
384098200 827920957 706797647 580100165 412450478 916713160 606417582 589342497
332569638
6 1 447774
177311141 684329217 189836659 561227293 213468622 111857662
777469485
4 1 488117
486830061 786416963 117264260 152824536
724835121
6 1 322120
549011027 185264261 766299649 588010964 886966440 739173278
116570474
10 1 216796
831712653 741405503 150483032 411057971 36340569 779198948 906811850 599588191 906373544 695219316
227077820
2 1 7225
860086062 250662207
667802409
10 1 623990
184500556 57012116 997071296 341806250 963907618 898655329 581341705 785665573 118072195 779071077
840961661
10 1 606566
12995033 309623497 563260461 799248140 343872536 378743068 98938127 75502709 418452133 316402852
653048480
10 1 562201
927311884 733211175 843970722 481504461 706204503 130285207 346907128 722551762 351463825 739146766
730453495
8 1 987821
501052536 978114304 604018963 168999735 281952337 429262856 290540354 183540234
134987145
4 1 953736
61275118 707380876 878340446 225587052
912048148
4 1 229985
805585226 447078008 316689408 214487485
484120397
4 1 222867
425579664 422337649 185357565 949953070
483551988
10 1 446472
199801851 585076114 148055914 34370175 342371967 864903294 406016606 225312395 704281232 694221277
197299266
6 1 531803
916986237 64111886 778353140 528310783 615585781 592650467
522833953
8 1 141622
56799166 368783045 830634341 701985113 617763219 892853274 411050476 77853627
235567345
10 1 857527
733717582 507992913 963339582 320353211 613661251 75536746 499051474 556422183 353884929 708260756
658450320
8 1 852327
946089270 512795 367079035 492526785 636413680 735946397 61467168 46094266
576111601
8 1 736423
526483747 532790307 773112745 421908336 52080388 774297334 38467947 444351293
165921468
2 1 215356
183783876 254576050
920517758
6 1 97089
209469794 844510248 470076212 712721333 826158702 268338461
591797171
6 1 230232
841017675 737768587 971281522 485103375 346646072 238158638
949663216
2 1 348458
533085459 989923586
613629179
2 1 9180
742918732 904351915
50172987
10 1 79155
370879432 246227604 484397622 815439048 898340165 195005037 585065929 318449322 628367595 572453013
639379507
8 1 735419
447563942 442513123 814852956 31908984 508362351 45342091 474306953 183689574
120538186
6 1 250310
817579475 903367478 313418895 287840167 989181080 759331268
718547719
6 1 889684
273348642 840945801 854612062 839716440 975138393 294089474
330898058
8 1 696840
836386581 331345532 303485705 822054787 585579546 220418286 463091386 789748294
303261464
10 1 419307
821361832 298235338 577394458 304768368 652648014 754398768 641779021 316842376 945462269 297874298
723442125
6 1 160973
168596877 433717833 684322872 866899422 487067984 994832091
400730495
2 1 704103
772052805 136892030
968093441
6 1 385002
893382976 622883438 24096939 474053242 365538240 826505387
929112973
6 1 979732
230368634 58850958 360285345 311017087 685240689 239885642
201819976
8 1 387837
293757633 893587448 148926841 923562797 159415961 620387626 612811953 729053809
96174371
2 1 759975
392297732 929168854
990035808
6 1 905156
414847392 418095336 791475826 966006575 178524232 9453267
637137471
2 1 223438
560077967 610586840
791380936
8 1 999506
292960421 85711681 269240782 891496493 7086271 998930859 59276016 94949161
642251292
6 1 821188
217322100 49430118 943374198 147232852 791922519 257827883
178370903
10 1 816756
128823406 772006682 698906826 549817372 720559605 380904448 190456426 284512164 288016089 566563644
827677973
2 1 797189
647080872 665073614
400404590
2 1 872824
942774897 787729209
650150198
4 1 199956
897125213 587909709 200365880 448515047
380324099
2 1 446606
628292401 52730633
259736245
2 1 297963
483566961 409322257
689661713
6 1 85266
623302908 835994737 587868750 322442243 323156314 624907087
299247872
2 1 87368
696529500 563812653
971305275
2 1 214577
948477290 649327105
223588626
8 1 393728
941842698 824096340 265064052 498271294 527785388 136917967 335107768 968220160
12522888
8 1 11001
628334939 561189341 604056670 378947690 4500777 304512316 260414711 586804080
769095152
2 1 383856
686414632 133788371
230902212
10 1 355100
768123493 902191722 619751312 704205211 607494032 438650042 442881142 986282804 343631240 607074388
892738926
8 1 527684
6199106 122124322 157522542 735845576 736489814 189594025 887648873 157268356
370612545
8 1 961951
129245873 672925714 157691022 133995297 89137426 879154756 117666024 884597607
74868116
4 1 474165
934738177 380548362 404089304 566670763
100698128
2 1 438628
665082653 514450025
783297965
4 1 503455
284059665 43926555 826485830 160530028
590575636
4 1 875238
461145743 55291099 879423610 52321671
568458033
8 1 12460
213927661 869970883 855848739 277762071 307207938 679256538 942090082 103946099
57778708
4 1 167344
134048728 144763826 533094571 368243992
564064318
4 1 961633
712916723 745558007 364863019 187074024
363705532
8 1 555671
604886926 722775712 918297938 165137843 726069087 207457348 958515092 227710758
353276593
8 1 613234
846482532 803914584 574693089 199599658 914788145 607019981 126029545 804536964
732523716
8 1 71117
265055262 5359721 947440976 990775587 951038993 980058973 229588030 146686957
34567522
2 1 60974
789753447 654285538
704224005
6 1 866909
383288890 43012065 827222518 243825913 53683228 250298908
892192799
2 1 798884
545674629 444750856
541102432
2 1 598536
477186123 484260317
904449548
2 1 795778
981766475 529651772
99376556
6 1 470660
873683611 258079545 493491966 755987790 97461607 472547784
469914378
4 1 473748
378288445 291699016 650010912 621690749
138041498
10 1 972522
17254671 364806918 488260962 328388738 450294533 863178398 488032880 128960469 558376645 520610250
309675206
8 1 290676
165111221 818667632 273350906 116652720 604473023 313432956 543612803 449032392
677593178
8 1 847702
851021441 865659438 800430559 17332479 540126452 415724790 339709806 259475227
146948064
4 1 308309
618971035 623525414 634229003 206138301
557383525
8 1 527219
767672379 172311667 587376824 635492042 836138318 518812416 443823718 38365863
252064901
2 1 435680
315716938 639549551
30608987
6 1 130537
693883633 198208201 606537762 781537739 690667919 245226849
230788088
8 1 208545
69105290 686942019 947719665 660994238 939706667 535774378 828942363 173501507
384275151
6 1 197381
881011799 829485478 352829210 444967383 918038217 118974934
266780447
4 1 395758
542184531 845507367 66239655 885362170
431104071
10 1 712240
834342653 92777693 487257594 742464217 459878364 660427472 693604357 943889640 809316455 101175984
818462977
4 1 303109
38115305 163176241 567665992 221332417
217252871
6 1 133895
243899765 193484090 35183066 119051442 587206924 117112666
859593059
10 1 536539
224449512 300261025 452989344 131703988 96182317 355949525 329249921 34605362 908405451 265623609
128176545
6 1 99644
905027942 997432330 809551605 301276421 31360882 685958909
568731979
4 1 500231
451817412 123933742 8490752 27757661
606401173
6 1 215777
114389176 968459030 827784521 521906610 998401650 859604596
734235817
2 1 678932
12464826 414762479
589273687
10 1 258609
483279252 637357098 19869375 375704124 43400230 958301451 575409952 157569091 75831313 463136482
693609483
8 1 102126
594480116 686319863 767996435 410224612 666796649 338930571 687045052 172466609
765706847
10 1 676886
719830197 668067565 279941486 760115916 436972250 706402277 457302995 644756239 738998659 450523236
875408140
6 1 306187
508281423 160769289 465732436 168452461 537537252 870280838
949743440
10 1 553027
196978692 385998811 799439340 106817937 406418730 443174707 409224641 196144939 395935923 62349290
594295377
6 1 410876
385959222 466998531 26736031 240518001 462742470 53965687
936593062
6 1 789425
825839541 534178846 282180549 701152361 327836543 435660047
323662839
8 1 371487
406830286 145332609 526873028 626643472 987128864 765248009 877686610 574254076
677623812
6 1 265381
400939120 942080093 549444874 563388760 895021104 767997176
358394687
4 1 923911
854837494 244183783 942409966 374862319
994893278
8 1 718102
539606873 529441128 785607976 536336623 988715998 418159062 498950594 861887388
583805140
10 1 833373
681502692 70788298 271187753 3528423 693686308 724695735 577224583 63167550 410806903 815998852
960507557
4 1 583945
5674737 965770271 790979834 534496441
649184149
2 1 13573
96684142 41365147
228939214
4 1 214771
620948427 101053565 748674574 143402085
113012304
10 1 621220
527452197 329427658 968246007 833927733 893256537 859150875 279969632 179840758 844432092 437039241
169180293
4 1 688121
651034064 363105904 308533338 27720189
337705909
4 1 44743
735716233 48749432 418598744 28056436
699414465
8 1 775110
162864567 264064019 216582104 241176476 628505955 544461342 844532853 972950831
97558908
4 1 22244
603969391 604776374 337514517 396096886
260070053
2 1 989864
116230169 379711030
686470134
2 1 87294
384383180 553232068
809714821
2 1 231798
30484381 161171698
625626316
4 1 941904
41631957 246269059 186267540 439923222
33740072
4 1 724966
810941053 503347393 703999736 449775405
137065786
4 1 669338
678305730 385147215 401635125 876750249
326188462
10 1 490999
697581728 87976294 797877569 612123058 478292780 177413171 481043891 705870947 610421466 568958794
592313030
6 1 352761
260418902 343844527 321497905 456170173 26589905 37833059
808899460
8 1 154172
770738082 549690027 695636522 759339383 234230569 167118778 231622686 510717121
676248663
4 1 34167
164844156 105381497 646218809 845071704
563482418
2 1 612029
383841075 582973593
109182325
4 1 98657
6721064 640736407 37604412 547362206
773125160
4 1 454851
976778244 488174036 395239802 105887886
698217034
8 1 357876
90340220 790676103 174404272 595008959 456668382 437839045 903133901 826197181
57513485
2 1 635342
101502133 424280284
109987219
2 1 830984
547810643 56967604
568474700
10 1 611838
663502476 277570328 73199049 204942326 787954597 166319955 459710375 784386882 815488399 451866502
953720434
8 1 52114
466602886 205105432 119999060 810480632 780502547 923062681 430097030 713060788
821021990
10 1 346508
465400104 201405605 452321896 680627440 481000114 654384182 929006397 748496764 572299703 429353332
440480089
4 1 689292
405469381 498430368 567634058 329125830
949573899
4 1 349715
73908258 218853386 143386080 441124751
462902967
4 1 62968
833316496 247589191 477182675 279895940
656503412
4 1 292492
243548810 178316070 381873413 36681533
855784420
8 1 685440
107150603 392384213 200780033 937969930 428609400 385113156 446796446 396181853
339135649
6 1 400043
906056521 18545476 891727458 991928068 78907381 929512379
172732966
4 1 18905
514267304 204662395 901498537 599484536
480970640
2 1 818080
661565370 252917837
809199699
4 1 859661
366983981 828629080 62418393 941352926
973870627
8 1 401579
874415185 496305684 530851536 376504705 505583196 489904681 346899842 921048240
831459889
4 1 66186
780885583 405242787 958524551 328168007
296587187
10 1 203658
107894459 495687520 785273488 901638522 233719222 346660864 231578150 935876647 63417373 660068804
726206226
2 1 381078
763244157 681726410
456252609
4 1 222976
305612919 319049273 191389657 428952944
881219113
4 1 487207
146385225 654583625 516336034 966920992
873435015
8 1 451897
132734725 637778365 256283440 349187424 941685856 685335188 858956195 325249145
318498165
4 1 558751
13060592 36982331 3023801 524767067
197959808
6 1 19164
146176113 945598246 560459065 850792642 341552105 102311
793467296
6 1 868212
393910701 298100617 639030592 243478145 997506736 382530219
293774865
6 1 485259
696282752 455484667 222264682 220261497 124184837 1278599
800146216
4 1 443098
888159174 778458819 220999720 545921665
346226614
2 1 708659
132474413 357209081
798366580
10 1 792913
313414107 948877439 216931668 14718975 340923260 341520666 904140387 431871370 211321355 352096397
487850203
8 1 292984
341977638 197382588 563108345 58372624 5160805 824175097 26927680 352430944
651017749
2 1 941842
62967439 671977815
510676763
6 1 888120
289614437 154579437 730322831 574286635 705453564 192880589
564470123
4 1 991833
623166581 759285803 432150975 737826343
821947430
6 1 23380
967584360 564926387 767706556 169156640 837260020 297274575
329542848
10 1 850191
301546408 375251679 91088650 472228984 531600138 203484384 347708341 91232702 430662952 612851491
391394022
8 1 40025
951294071 253800821 413442851 43494350 84060247 983489677 722902679 508572009
712193814
10 1 698708
428349977 807525494 617913214 82216018 661433112 18418761 532397098 190570059 107500427 758871430
493393901
8 1 544658
14250435 19252157 114133478 580979591 527804465 662926205 637307317 758387469
895738593
2 1 221490
686284876 285701785
995609396
10 1 922510
863510380 924507247 676514483 178543760 299296442 999291702 286306287 304674626 648300885 716796243
697365306
2 1 178724
521846992 521252013
169974694
6 1 655192
610070924 596519327 138151400 406653 922252432 114266671
46987849
8 1 390720
59770169 353656204 902167760 39083433 691016185 547313982 590351551 404947877
162559071
6 1 527953
387787887 658164352 822980375 552654180 605250172 931318249
709906439
4 1 787756
861720696 570856044 231922783 697049358
586662902
4 1 2936
190938952 374307240 910724777 51403518
108590087
4 1 250133
684246416 807708834 933280156 311599088
638812383
6 1 527793
341344912 718201218 680084606 346590136 181976336 898927170
656439850
6 1 853878
965267222 703204222 546821284 750116149 230085693 973291080
789166470
4 1 166088
682376134 985690155 519143559 807794982
241085168
4 1 310467
214712620 838769227 872480050 911112290
892325711
10 1 661723
709697294 878827561 44658169 987031947 178867392 264671436 345121086 480823764 140667173 138247964
796608641
6 1 172682
582674072 992110732 983997744 147054323 752790751 855395373
944394448
2 1 693083
699716809 400043001
976161717
2 1 353019
840964058 702527017
799351218
6 1 386753
881220249 748364864 519876225 449209493 845972894 83722724
905139923
2 1 870144
298758130 76947364
873501978
4 1 994446
337538915 364870241 158498386 132363346
401568323
6 1 613120
186464367 549641621 206995686 193775644 444148397 865272905
600302659
6 1 789425
128053371 8700287 481233063 16932286 583315912 346472526
862275487
4 1 202706
623648024 930489458 483722640 398558770
414096857
2 1 526440
912040206 742034945
526063499
6 1 506213
78207241 654357095 973311004 413298044 385454167 246000590
257625149
2 1 899702
234162295 700445583
419769498
8 1 879694
754867520 723707503 42344981 786465888 307136025 54430686 804514301 313175048
262209590
10 1 688335
35573001 256501705 33043222 509661684 312023679 203809843 224506175 581720040 862082202 670370175
549508539
6 1 665650
56104477 56110860 292244487 754096515 402800156 922957787
891716945
10 1 459525
429832910 951935867 157386849 893112265 92776016 478824353 329281548 343066167 609883532 810538196
78498470
6 1 397264
764232093 241769091 247089643 630281663 209017338 154140218
800898317
6 1 690417
625914045 210278191 877716084 525141971 312339619 252257708
575023788
6 1 349436
517047974 85516384 253449167 425753130 126568087 30546070
57386090
6 1 102150
93852638 892038878 238848001 8089952 100883825 677273884
37148884
2 1 783233
902495684 87954848
778443848
6 1 912076
968310995 971690963 791952024 555489338 310704074 914217195
781968434
6 1 539131
498939352 17609809 566997157 496656448 639143429 92632019
545917896
4 1 429428
557399054 635702810 594959148 302647517
628752705
4 1 662405
918229442 804869626 526734928 976802234
850091037
4 1 331657
475029526 931725156 282256911 524417371
985804857
10 1 686024
468239986 410360046 457856018 49925348 799610751 524483457 67514135 229396849 881294713 896236140
851695781
8 1 507671
651584347 631689386 725819679 724715579 329154764 814627874 730979968 71029838
228305089
6 1 800676
838955355 884605365 145050401 968490603 921066798 756045137
991017167
4 1 300446
813752629 156631972 150157477 33190474
379721900
10 1 495274
598186799 396674104 733943285 686622469 551961260 162619919 913514584 93644427 235826886 994408441
137793161
4 1 361698
440301515 31332127 961071129 63229030
95374297
8 1 762026
230638210 117305752 300657437 83188672 86253617 838472554 576554697 551562215
589014206
8 1 749186
140447760 861520199 258513352 396696466 908601245 724368678 303272134 197126212
457211314
4 1 207263
567264238 428059570 670912275 683041055
528064277
4 1 671513
375298846 176667744 117950579 14676477
218464805
8 1 588239
914924677 303509883 485177868 426860359 893214955 904146034 783638692 763560684
815210221
8 1 699655
703388758 213441354 216740176 360728787 199671141 391704169 283348638 204142319
833041625
6 1 421599
792632387 571326041 567139298 317492868 942046496 921938797
829825697
6 1 740943
881410192 979759941 938344777 158144253 272071890 108955467
899926273
10 1 686385
210028465 379185198 78606697 518578938 618042098 805259662 718503480 376214477 444996770 524756196
340096399
8 1 685528
471277107 71482602 991370766 756352496 942369825 77953146 294659772 987836790
486643608
4 1 872318
803136282 166733215 490592235 526453027
633475180
10 1 673866
307251916 904917781 74683017 765214296 319808533 513023162 423050251 677470068 114434982 254249134
667207540
