854
4 1 488730227
562358723 251514567 110572740 881574886
974166361
6 1 120889147
298283381 352082335 748856475 602099565 952710571 840059316
613302940
10 1 565575077
40634867 299281124 323541922 518157760 495566052 78610502 67076888 939548150 640838264 229269905
850233178
2 1 134381946
366838170 347757438
854498142
6 1 703064068
853031646 603055824 339304008 183004510 784901832 316041127
578956473
4 1 933681974
488689089 959395539 878020296 874396389
922439253
8 1 522619921
695858326 969624650 78182092 55230156 483933047 615403770 412075201 553273123
903963874
10 1 547233197
382514844 198868730 984235801 516481683 997117671 668801826 805028882 80728879 532457182 935400559
896850138
4 1 469629928
934238195 213303818 474297659 814674718
827172369
2 1 541290043
335693568 212089778
749644701
2 1 247869716
136306179 652949526
608003983
4 1 281511300
401045480 974230912 587862813 363754911
534628601
4 1 175500897
521155686 504418382 252078524 492643422
310432750
8 1 347079637
444883537 614976415 269220029 468584146 692453129 115598217 641585159 926231988
649547126
4 1 1743204
315104340 877807281 744452541 712133331
338107805
8 1 948646559
705543400 979844451 385769699 749294951 880942076 83801817 542194112 650081615
674712585
8 1 771673192
115286807 114408813 744212570 130700387 479085396 965453928 665981735 955016937
221805148
6 1 735828957
793914757 610467276 436119032 987953335 719510831 861227145
182497353
6 1 486559503
969475343 374025699 599500288 234149602 113450352 559857630
518089589
4 1 260319974
578586926 287598527 171901535 308455891
366186944
10 1 166367324
228739791 570480224 794573004 353311206 305443553 350972384 63460780 835417299 500359458 74779900
336769763
6 1 114412792
358500514 269299896 943566125 760033195 928895227 100594991
700756655
2 1 555135190
995218511 871737946
319083307
8 1 387179531
427987052 494519738 906285078 455021965 25334255 750116610 37594666 117734010
521790130
6 1 352001291
441022730 843741521 711894909 784199405 353178645 681190184
194453234
2 1 31439672
463461966 125116320
301731365
8 1 894521007
740280185 246180910 160772335 126205895 970712660 635918620 607562628 733737392
139215103
4 1 4740002
803043617 58768961 643158253 767949453
326504662
10 1 42121353
472278718 495558482 479467913 175431818 965554710 696150117 599536807 143852699 515305283 655763808
242063321
2 1 69454150
572691842 72823209
737757282
10 1 325426200
168546154 249020784 300459876 684966549 912970889 176528062 886393841 536566341 344995060 66892499
879891412
6 1 141329611
140047227 696240550 661890189 347828277 832438899 471573817
832015418
8 1 121051305
202750442 47965845 878514165 997476041 577955291 177992328 504759004 961317758
914121858
2 1 392724690
729898854 606496252
642586613
2 1 37445368
36604556 384956402
517620362
8 1 345831474
627640226 217390674 82320203 763804891 778086249 277875451 67384419 529012795
976923758
10 1 125011046
440475183 229044338 240563274 269019414 550105275 27762518 537834830 817243889 164440721 862897964
110999870
10 1 90368354
791383721 473550959 397044003 293507391 890576357 522401911 835331122 628691411 661104725 99234155
956468073
6 1 694044742
420444199 687633380 747244859 917940793 951386293 150950565
248265537
6 1 565962353
608591910 468252910 148338648 162469235 36935711 491494376
882605525
2 1 883437003
222581152 566229525
84644613
6 1 486794661
56312851 961924988 997899157 354794548 116967579 764295787
571651558
6 1 615153911
275468326 925009765 51754644 842045205 209106958 497928365
107460977
4 1 197767592
726540109 150452190 267818988 211303015
590620327
6 1 820781796
254236203 676076690 853774543 489268517 80696175 912846863
50952846
2 1 207509305
353183352 438749954
862063943
4 1 453401358
53893805 185242879 652535678 448138965
622318853
2 1 24167857
986218207 737759456
942432393
2 1 901917106
632581239 630825475
570999398
2 1 709928332
421003923 881844136
595227622
6 1 770278399
887561627 847791998 543331874 426631688 105753770 228793829
803355482
10 1 427983853
609930838 333434531 204626225 974989513 775143482 978117076 993391065 916908690 283216555 867756817
520015852
6 1 312079385
139484529 427083597 883948421 502528226 965686161 316539819
555678364
4 1 699005753
741259343 445761451 146249783 891404605
576101411
6 1 711319013
305343139 323948191 392704109 368935970 360097650 251411169
229639820
10 1 148298340
284863210 438811982 408360542 559401597 889873974 577591898 786721652 560099712 635335988 716243337
332912
6 1 437788702
752573888 878538310 254210627 833041124 488967033 616452642
94254997
8 1 359009778
538166503 532104962 786702177 982433977 206262744 308974799 404633582 94189703
700601934
8 1 67419916
286938002 265211493 297052750 374812423 413966428 933878297 597759266 205426580
506979560
4 1 912439204
507380851 734306260 635879493 544205533
989687538
10 1 182764430
8955712 427988790 584958725 354375454 311740663 626647849 635721893 334952228 483019428 639272284
373314976
2 1 131825386
365947215 870773252
838968983
2 1 497129220
910439694 587042227
656293485
2 1 888963674
772106241 324348449
868520295
8 1 421058100
464630615 666421362 638040178 334587924 341629924 159370862 773149098 802355458
377703971
2 1 108188749
172333905 429119915
55476537
10 1 173864166
407181735 325754079 548358080 993301948 204167382 380940111 175941127 94552760 894833 742869359
751583196
2 1 533978988
309520638 38653943
704995703
2 1 45010720
358732667 203475862
20238204
10 1 132927502
325959255 818235029 174617124 587577376 431484119 167623671 771727894 38048325 34065309 683237617
553128494
10 1 232108123
841753998 716262529 996714240 164598483 921475444 793951022 231853378 859633797 508555062 707466035
890863510
6 1 743790768
838915446 271715143 648588454 391655169 724003043 929791398
181491372
4 1 196982091
702462532 712804002 68745275 360104964
886557939
4 1 147529038
643316980 667053836 498973477 780323880
215062239
8 1 103774271
342917130 502714229 866835591 375462819 574515161 461378746 762887176 138270707
640906540
10 1 146605310
327298303 639656593 833299772 887203341 344858267 240441035 934163889 510904023 345925647 279315482
108711543
4 1 970923611
977696773 574296654 280265109 715751387
993329422
6 1 200336631
257414666 58816967 803576092 421253218 822155339 689533302
693427600
8 1 671688467
420630988 343917672 766505483 676053192 669196806 428735155 562040620 265619901
365615354
4 1 829814877
23885877 822392993 929115596 294409698
733966625
2 1 122660294
30170728 760377818
862142214
10 1 1596687
716678592 844365078 410039706 112034386 267045827 937092440 181233178 542129242 458472036 705263811
925183867
6 1 276741840
487653397 491741412 552912712 187640577 776788254 21268102
182748969
4 1 362778596
579549425 498076127 234496427 282674642
20714774
8 1 389955982
757658805 142716573 337894921 820893196 554217487 258934485 777037517 585451106
54360562
6 1 388598384
399979516 626825453 446112398 634058613 882254216 339806259
784962126
8 1 312899857
23310284 660389500 286567380 394722580 296520034 831302761 493525461 896822015
440984978
2 1 112181119
576144683 211117489
144935153
10 1 904816838
7854721 910139717 246485845 524472975 368418864 374422864 13645448 150959183 333266257 393366100
647990497
4 1 165766023
980039192 924579877 545240017 217056293
37013678
4 1 971374177
97134607 35595816 826600100 800099243
571053216
10 1 528820847
774208603 766236020 582391995 895678971 991560438 600574823 889293259 710765254 158847620 746823494
794446643
8 1 215768731
623626424 305613595 7081746 143447529 82327676 992879067 970934959 691694478
33389494
10 1 329099984
891926100 787781772 63758891 250959424 516941252 601664679 703078738 789660101 207395918 894537962
880476742
4 1 556563187
685501113 356458644 415413209 727097985
685894462
10 1 860804374
373859990 946839764 745821228 858491181 351822699 317699033 149893664 203639476 695674274 289985671
866293071
8 1 327944040
633298614 177738981 911293872 912819165 100255983 873223803 110993067 379571270
597549551
4 1 204471808
377310050 992715833 794791128 105752017
353905056
2 1 709261805
214949551 619931665
558137416
6 1 951982066
226919325 692611514 210023196 605662240 107225783 757648560
4690229
10 1 608744883
638504790 700076035 46462764 218014194 804669435 240553376 569943180 990974743 737353729 882090505
668223920
2 1 854774775
284192478 56745596
66768978
6 1 696796568
473131381 766518305 43176672 600699787 502663229 471832111
945724510
2 1 214518151
121697278 95506595
696092323
4 1 550256298
417538650 451387992 90212406 541286965
119912231
4 1 507521646
110803849 97315681 959952390 393897241
540673080
2 1 641295504
831051215 93465091
460528179
8 1 621497902
391852177 747165954 133165235 715609725 20935479 881435296 106293441 543715843
782299241
2 1 399131440
63238369 809729483
733402960
4 1 429661750
592763901 813060373 499589198 302922213
345383759
4 1 836449288
533794635 217929907 9444159 136247042
386663965
4 1 104237559
327671619 196382364 486480026 724404162
78103131
8 1 222445945
786071318 944169187 40164867 313082658 836633580 392736536 759828871 234836291
966413948
6 1 738573082
24614976 181698390 486026199 842905121 973425301 854198456
352036856
2 1 610245054
164772056 509490647
715988232
6 1 593231651
107671991 272347419 180017341 186142132 960403870 739537233
401022159
2 1 644920370
957400126 298827173
859243453
8 1 544439932
686944844 188243298 30534709 886345556 201422043 792450113 199737982 119906021
724041523
8 1 53815615
934669229 289514393 989971712 718215817 34803038 962852182 94182130 543562494
785318999
6 1 456730358
595107094 337220134 265400574 537859623 16851173 40554487
35127352
10 1 312183771
120862864 407256790 754024127 320432654 69819813 429664231 160411591 124159291 938765200 209605019
319395876
6 1 775235067
52018216 35474834 874386281 135171960 940888675 437084315
337973994
6 1 798057926
928806954 666248267 660602664 208837204 806935044 600373712
669683776
8 1 676983353
92699256 158469553 863900062 140324818 674454548 825300228 844099016 370066510
525172116
4 1 778514472
336686650 113680600 907551697 927879533
432533504
8 1 429445698
563661802 57428461 97511837 101114872 820400051 775183205 269466766 317049452
530087275
6 1 127228675
505339627 696570454 477645301 891189900 62076405 546731807
465718278
6 1 415971895
874878545 832415948 27515336 537760647 755867240 481385465
225056156
4 1 397235714
53092306 431509106 87598800 390316114
607529017
2 1 484410138
937024665 744562574
357115571
4 1 971452234
146154409 391062371 242878172 278007325
44483388
6 1 877118024
687711352 172689295 203578917 42773549 381218425 828206938
475813936
8 1 387229486
876750315 624687661 759944825 883063645 658235911 164528536 478913694 228224525
436467429
2 1 603858771
415800217 689569532
169331344
10 1 903008770
829143746 903970024 839257020 597226908 457482512 856787968 304071981 302885805 343947594 616320277
659533198
10 1 179092891
705790939 557950272 405236689 531264455 54564755 292082600 371816466 554097472 946255294 756045223
614859055
10 1 624379370
363878504 312060975 277341519 200078811 893768655 930479738 580907206 653992536 327711444 275229992
206031220
6 1 99356012
48110677 807581913 490548784 741192311 357655540 582793284
531108071
10 1 175619797
696272786 213689182 585228801 519835612 709890682 548061897 6500036 956438693 169148090 864873475
356466234
4 1 377093578
261472278 729015856 181531519 101686340
795397595
6 1 776620539
996993959 624770421 584207902 605146709 269848005 637750663
335620362
2 1 965926816
126870383 387166729
413031387
8 1 203789098
897973936 908946757 127501868 442818597 369703411 59176346 837498151 95669768
308983537
2 1 55894341
109509391 782511589
71637533
4 1 375884289
970108949 622284147 642595320 807950149
739983147
6 1 496538371
167809294 817115277 818847701 915697216 733072632 677827680
980483014
10 1 492081965
332635884 423409534 211301609 767499275 14154056 798956387 873308240 362091080 895542664 90907941
377042142
10 1 210669723
946547277 747805854 255889478 417424476 563967186 125004103 463266757 352226500 206998707 991192698
955468232
8 1 912520427
415582177 46425731 175995256 965122095 682417253 63151105 8734648 135361156
793656412
10 1 169288883
831361680 558652466 42468612 45182972 104836056 465153391 185105186 887714563 396319156 480097866
376281137
6 1 883408703
553798730 861579723 470209239 22804397 9154382 852447473
60293455
6 1 452785888
269706971 736258473 507221468 719925101 249492106 848407361
319766788
6 1 105369404
908031307 244521339 703904495 103024422 391807541 872210834
465601166
4 1 814186206
663830564 547375470 57457552 554889334
708425563
10 1 685885069
255728316 592417947 979114186 967662047 858439873 629154005 624840456 74811409 381821542 616850562
177772215
8 1 672561798
267776913 844695261 47901180 841916640 233039898 457667873 621081700 579968834
229109706
8 1 38167097
569555469 363740010 569083931 334973243 907741647 600629259 425101042 79945057
903080410
8 1 983462180
744834218 641146768 629784857 28542585 250633024 951637659 119625060 8316266
243613092
2 1 912265945
995739736 495718303
763969835
2 1 536642828
68858051 65212611
569020193
4 1 612297303
883456891 181738033 156236833 876947368
136543756
6 1 399933336
214705873 541850342 156347918 955827643 795116556 965056828
437393791
10 1 472592713
626066794 727067983 225972405 209918560 71474853 95544657 34432517 253272641 577720032 9199234
655570257
6 1 311665086
924364754 440876513 364599594 917247904 943678577 145834000
981342104
10 1 208159803
949349713 521201991 141568097 731163713 282934585 620750173 82435163 34625712 926508772 947113601
233944236
2 1 428765844
515949600 307741504
993782725
6 1 201763606
199272668 434479000 188329607 37374346 529944022 930123592
674409311
4 1 677220347
619833179 311842142 277262892 523618897
162539811
8 1 944740711
43632283 331975370 511348760 44227361 148861511 905227366 38228211 792242595
895287392
8 1 974339505
514001891 779523272 218736141 138884978 938134639 412996628 143581085 230186509
526323591
8 1 182663855
438284092 13321307 155580569 751389743 703070599 681550157 883233798 155926486
205518015
10 1 180774990
42756508 726017648 606451707 628503515 720850992 936010764 317103157 835159700 216828522 633791004
631564440
4 1 399868131
575687832 478654166 950160102 411580076
672355790
2 1 190860167
729500460 890767142
248542449
6 1 889059271
482441182 503659012 882474100 406459412 920972067 840277617
523425821
4 1 196600950
961731136 647162827 74297984 162354448
450779689
6 1 265830124
824178573 338265825 337532658 119859890 748343057 793589451
964471039
10 1 642521193
682666916 767699687 428341649 277675165 707922190 242430127 89652392 842787873 642196800 809814048
511517527
4 1 95159511
475768509 355580638 838852039 885250953
947684850
8 1 378156943
72036885 318155216 999822125 106599948 38239701 737817180 604773032 90503651
492508295
6 1 511377778
655471090 144325451 434118505 425209936 262594964 310430118
563580756
8 1 63867954
643015401 650940817 922354764 794967473 149284409 85706112 271510535 86380263
645756995
10 1 476185759
688344373 620761943 910313133 483887298 650833472 819664654 773555672 568226097 134514856 913158163
136746443
4 1 556378980
61716217 594404628 33029691 113333778
135046420
6 1 466660097
255462156 860335971 549681512 726856098 689443643 613910191
31451708
4 1 401366499
387569936 61727883 185201520 554452683
176061634
10 1 575324105
667217479 592777791 828762212 431677951 367061074 782096156 218724906 716978705 263023277 235247564
630612816
4 1 203756479
310026158 374452298 49858083 323997992
501564362
4 1 744839426
242577583 223915223 541958357 21662780
310447419
2 1 470372274
918378105 624607808
963660659
10 1 477467229
511386701 561018349 802062027 117880140 19770266 445354446 892403193 867256916 852625116 641593020
435948929
6 1 375397322
339213400 169028868 581637477 903379114 266616189 953841347
380468974
6 1 241473045
148475055 505155245 861327022 969095935 655220010 128355712
945098643
2 1 846159098
562577968 732313041
745102759
8 1 517132378
470628249 377107921 641997 988608484 830412797 494683899 981743278 367953444
155687213
8 1 547011075
872229633 544042968 198947442 867719863 83477293 781555917 125630236 334375750
623999358
10 1 179483113
52430928 170457400 316446240 171966101 703398060 305218235 72003123 199512063 900627176 70955396
630666812
10 1 431141695
632441783 393378249 464454351 902868897 876894382 728114739 740819494 525901515 372434623 215559941
265112517
8 1 55332116
456089145 828051108 582874254 923122689 938266964 668665094 592810945 985494533
41863870
6 1 410557659
480550656 836862676 86451981 546996349 407210234 775141906
472220357
2 1 97380388
985100229 1102652
405446168
10 1 662788604
95741026 943902864 401761961 296925055 765742142 511391915 669930256 642455721 935332635 889327957
924777146
4 1 861406130
577536680 519725227 517393441 235092197
227737079
6 1 844849702
202453479 497931761 847519224 770174460 677683549 443404729
755400412
10 1 367328056
845647978 828207199 737379877 181418286 591550077 274577701 182255187 354480876 994370416 793680041
849067537
6 1 618230300
272431328 505449519 531202688 476598787 535027835 415740405
569516963
6 1 888756662
368193828 785667905 851476104 630802179 59653870 150457694
114585832
8 1 451589127
617684039 178119773 153517249 407721250 345678021 68073357 78104738 715239126
961051806
8 1 98229994
864994426 50217033 627635250 808121278 607471800 194339905 939430501 492605705
422868303
10 1 902577525
802269130 504431660 388917753 136004239 522319455 592474498 891400971 901269434 762587055 94911574
125567751
10 1 174490697
785524195 971333179 268863459 36187278 982769494 207964030 808439967 315027362 861415659 214601610
38400901
8 1 309275493
330339962 368153229 63404240 149369611 380776857 157726344 166882675 633056660
622197700
10 1 358135488
125668074 324213804 224066373 859320296 606403124 252231984 373136572 282088345 950952343 109320204
913874528
10 1 546910208
742723408 827915388 868684280 777947003 913287914 433359115 646095032 318979190 168384917 939348976
933616192
6 1 193362267
324444965 102290888 938508389 355124613 719587642 678162691
929666378
10 1 175636442
984868670 706202399 418048429 717303921 496586311 256596684 216608115 462293926 994877909 444831839
334536073
6 1 861395891
551448050 270778693 884274717 389635496 898156972 446926813
727586208
8 1 988600845
456983822 992759096 334826885 472517751 81941871 580065953 423679249 9774365
674104314
6 1 20174395
454943349 446431221 412078847 63863301 865623078 896347149
445285652
4 1 942462626
321875026 741806784 918892436 464339360
855950897
10 1 460856198
339532757 621859484 751262189 123891731 289806271 717078764 990168397 872359319 801724125 448730147
994791207
6 1 101722357
635644904 340405177 892443459 907547074 809336677 649009018
380414445
4 1 518570585
182430404 506596980 302782573 410499092
978763191
10 1 394040356
914874237 881319044 143232921 315315392 283239933 544221227 612952875 356383986 781968069 823280664
379479643
10 1 696481196
258671591 708525914 654681437 123814244 620055475 909908965 580505971 692077387 683468647 758404264
106053234
10 1 147413353
355173125 601178728 35198093 513146875 92867311 972310720 669187300 460602776 5879897 822776875
843195947
2 1 732103199
885301433 66231186
588934403
8 1 298097333
224424829 397457250 406341450 565996967 247594068 380512439 672926519 291563884
834561668
8 1 271366143
70980126 621856606 316713020 698279277 192931994 791014929 542823563 751378236
341861520
8 1 966170409
606159648 63150202 721975206 102794789 15235321 307231374 556014147 10547810
372717953
2 1 404438278
627444704 648727748
130101633
4 1 346601719
653853543 149138295 971992154 974145736
762633016
8 1 137643700
293953306 89313462 248099783 116552339 401846911 227409020 30565444 794740851
294997885
4 1 919848510
608305925 265622509 918086166 785434640
21212240
4 1 849200403
145557541 805779272 728682945 518292478
599870001
2 1 42705032
778992164 979667643
531405872
10 1 913072008
548569173 819750899 13132886 414365207 363440018 705180424 827207075 465958964 647853916 599674283
311815851
10 1 782014746
85679094 290109624 337288862 886135868 526846553 440005034 225308988 829830644 962735754 156829772
399593698
8 1 755956014
150328988 272665985 30050143 88689849 329879141 877239433 85339224 400954853
756665578
2 1 538248479
79542535 824228326
600609901
8 1 913279545
53318721 600748526 620570857 270188988 269259269 566733080 770764053 381544193
216426336
2 1 741319096
842180251 477618088
143776223
2 1 547300185
455648388 54026302
781323676
2 1 56957725
863030873 382208185
654818379
4 1 417604840
985846830 946725994 700576394 326919446
168850637
6 1 433653056
507368658 61401986 109818393 548804680 779110418 870044397
960530067
2 1 767159510
406564845 64077241
409063761
2 1 724649701
635789932 749461706
766156298
4 1 317018806
644604825 524987112 975688731 173649078
507160686
4 1 144123523
277160926 60887804 624245277 710014093
464930940
6 1 753547083
366143379 314527033 73797160 646535873 848491886 945951211
650013718
2 1 45572995
276628246 497372231
464593968
8 1 262471635
176531822 778513924 29273605 649901551 935234760 474721752 963350585 67921403
959586870
6 1 232080165
620498409 943838527 573621061 382125988 959054750 167294931
124851895
6 1 543700526
842327590 331096739 606468892 690316387 329116762 747173609
502898249
6 1 991195811
549599375 834509520 420267969 521205419 840976757 3959398
362795046
2 1 2651164
717802568 107207002
389027664
10 1 758908867
860140987 840526229 630320246 809030017 68445823 666742195 982667000 404992513 52491952 690925998
167961271
8 1 398775120
341632095 129188025 838342894 943679154 161334275 815501735 32988070 931744088
390738511
8 1 349414877
212854313 576285080 914027295 678943458 559312709 456275479 60666354 509928949
195493064
2 1 109020112
499633166 918393928
615222323
2 1 95137386
482554659 984887788
477269727
2 1 118290380
151644380 714596563
545069184
10 1 705096428
339311291 943733200 384059087 274539217 180049745 297347863 24527669 275281643 765067320 209897313
970324912
6 1 347337531
84916473 714478834 485272835 447389254 79817439 115666134
441944499
8 1 78136055
194432677 698000901 961735934 712985584 214945773 278666339 716724496 623150413
661144447
8 1 890719117
983457577 773356200 677611954 265232373 246315797 14904454 935058009 883581862
917157838
4 1 893520273
748727443 570644847 356820712 398241910
903013660
2 1 639207017
729383110 192428560
608098939
4 1 817833250
262090104 491112292 374320237 435705541
85374790
4 1 983983819
4127546 534520937 456877864 188534752
359092301
10 1 763565427
466769836 278643048 385270145 415286716 441000597 668135262 49543592 533869714 787438169 442814890
386370781
4 1 441273865
625425265 940708234 68605871 426879043
852219874
10 1 610565733
858212742 943561435 960063157 693708924 162111907 162226151 792975908 26583615 514009411 318455870
627269062
8 1 64879323
340243038 174634691 814641966 955242834 405392389 449876179 84798977 48180552
349895810
10 1 457872753
860322101 469665014 737823719 236252477 958138478 585894661 927467922 19536480 237454646 808546663
665361189
8 1 155471273
815303320 782914977 654002923 814915697 297863478 469252442 626025917 130705982
676270764
2 1 883523305
160669713 983604376
25244442
8 1 412246579
723715802 102511929 744435207 843908369 837843553 142115105 185042009 495779104
719968760
4 1 190983002
101330015 407337818 251740715 617640297
282723232
6 1 788424569
272564030 704386144 618543551 650632012 522277752 711665520
294703286
2 1 514093490
41813633 236071976
813573192
10 1 266929809
893207136 373883002 529679391 143000388 644002713 806867219 352595920 696144912 794820192 807466974
327335385
2 1 87119733
894984062 288706151
513422454
8 1 596580369
250312482 781944082 536054798 27025491 329405620 689581468 321152028 225940818
181461349
2 1 765747674
716273362 978689876
492129677
6 1 680202830
176248237 632585897 323130569 426423154 413379995 735466921
374958717
10 1 724073456
407393090 372007587 151137374 668598798 346497665 159437974 85033182 51906851 727546489 942113121
64243826
2 1 403678613
448205330 332193116
899736545
8 1 855679637
319609542 572972413 747884650 48889999 375595161 60333393 848792502 792801978
453904895
8 1 484852403
350712093 419632385 69298956 541724433 688605268 22649539 198420340 981767361
852609216
4 1 126860154
763595783 219575719 521373403 945265403
554201713
10 1 977340021
195836125 783029000 846469033 897083817 603009488 905697809 404507599 356026982 174933796 548997114
598260649
10 1 840678836
797897034 745728496 404310192 328719332 711730546 493415226 611095417 329618882 628013114 384131038
509140578
4 1 789029564
19992249 55168302 553455740 419710118
124928606
4 1 870693901
99086562 237175832 455414660 370201816
849674372
2 1 12725338
384011157 873675871
948324099
2 1 522094304
957740125 151841909
980806768
6 1 106918257
41850142 444229458 369998614 543751652 358344492 445925750
388874707
8 1 793797108
448317476 239257110 633228149 10789977 683071435 917123425 337621171 770737868
752829238
4 1 427643789
274017338 39195634 185954456 408142008
628857026
2 1 962445941
81338052 365831194
299361886
10 1 755756061
382704504 530098684 239036480 401664498 793301926 182491895 630902878 941508203 808414238 5994665
575206232
6 1 969629720
48935657 33712604 913780995 548183201 585232033 157547169
289175307
10 1 423001671
538689968 723291546 555614757 875515638 976733411 906164695 787533906 395258635 455666594 817060556
6122543
6 1 245899754
20813899 972339279 958601697 616784120 688851687 642723201
125477367
8 1 157763907
390586306 908389678 294625604 686576111 929424886 66410911 891174480 990251565
855299793
10 1 749642134
552799396 765926371 685919571 387736892 900747587 818359155 690172587 136691797 268923200 262192723
746465763
6 1 551463210
42630659 106478373 817199247 223654438 906855484 46492634
931443913
8 1 400404858
5802028 234816820 858142971 278627621 95506530 891858083 877443947 625839384
296034572
4 1 299168953
735162303 406264694 161908455 949589662
275756923
10 1 707833868
433899522 325224135 7044107 639092009 65162020 51036637 928237459 462179295 871973406 946656727
2294981
10 1 291188468
304011707 381017633 386416884 60823350 276658939 271511092 342267904 980802073 23714233 767654082
111882848
8 1 875219519
666613670 379229853 930995276 212749364 220538604 133666077 467735383 29746957
25733850
10 1 426429153
121238724 106277445 78112550 835773813 822362198 787621315 286194498 727034367 979416924 210747231
412361654
2 1 825413733
330759936 848983411
932441871
2 1 804034221
47547750 191379396
90671888
8 1 8924487
805819881 516605639 545388932 219173902 786669022 970911834 241013064 617274748
233223301
6 1 861950910
258482965 92938102 702703270 844532278 492449807 346844744
554888748
6 1 260361455
445443862 428635743 306176660 762388779 919218330 325242202
679110556
2 1 619908667
409693441 217181715
256399398
4 1 666823741
719770820 436903736 284617963 283301214
954597235
4 1 618454192
47967746 764115313 944387083 453398
635297268
2 1 24636928
756666288 202283969
919265059
8 1 981804603
132519293 848791133 109124492 788668548 965532144 442441667 35097941 894400807
725451012
4 1 583570324
2747129 324460148 593890063 626565893
124885622
6 1 768255038
748675107 87920877 480961256 697410634 435586549 553790347
324539195
4 1 451494527
524507569 364974199 145829677 814055474
804973714
2 1 619771728
331793316 347233726
938441129
4 1 751951080
834116298 979508157 265359745 2180215
752967096
10 1 969682732
134189779 841270977 790206382 959822973 171955305 696350105 667846417 590405172 50659629 570395384
192043220
8 1 102299170
589826007 691955475 844866807 572936883 790401925 183116103 39006880 229764318
358707387
8 1 755969714
457015802 870957061 5059449 519926490 923882326 861148332 550696941 486651144
423938063
2 1 225056130
215415806 365420591
709125123
8 1 338121635
304121195 774003484 548453008 767019330 948912333 354158364 474204074 182560870
93801059
4 1 513058094
963118599 920823141 440600935 712197966
666992286
2 1 181577429
789348195 19714387
557961745
6 1 880593719
742149935 255578600 292110149 989428350 295414819 873404995
427240786
2 1 57115938
129149 279059175
121726279
6 1 2696849
180105360 447814363 751050538 224676915 827975056 812100255
915413544
4 1 197894661
936431988 924713525 772023243 533790657
861283956
8 1 53936234
103546046 914888784 941956720 426972446 166535449 131181358 84010453 131527105
323986219
8 1 594970861
411978886 730283724 382255499 557824020 188170694 578701391 280264402 93590628
901330388
6 1 392644947
20013236 408840401 246437576 49203989 443564949 358685784
921383566
10 1 797193577
196931963 874758287 669161534 914862829 975820200 848329018 849181948 383882319 39633089 715468163
305793962
8 1 474936927
325351838 32433687 966168858 179867884 728877060 575084023 390774022 569865439
988504879
6 1 184377023
28648158 136045410 44623377 573204739 269763620 416571301
524592678
4 1 562278866
748704454 432851830 467568498 905548115
189363742
2 1 667776601
832139856 959432408
632478539
2 1 920162711
126833194 770312466
18857850
2 1 251119309
734707903 30554748
610163775
4 1 241242915
658669878 718054567 335382134 308286240
222378882
6 1 474252407
172083448 992593777 579856786 827123572 591610264 815249593
691082133
6 1 700847254
26617174 613320097 307965115 656295544 720410653 768118126
947616861
10 1 797435154
30812757 909969586 111844650 969620568 44048582 206759769 134511107 536908912 89927372 270899137
122071079
4 1 639506822
737541590 500436430 127793983 877307237
659496452
8 1 463727465
342812662 376729492 338747918 231181653 134948156 618091462 329941882 798979570
369489050
8 1 55872297
557606819 228481598 818455588 402123582 59509657 234854026 967060412 555857223
42216534
10 1 349329938
396011053 773357207 723547790 354776980 477806020 201102237 19154884 736942605 894223497 181292549
732952151
2 1 810627379
369779425 177125773
647606090
8 1 441357067
173663073 800788022 197483365 719318284 235905459 95010254 264606783 404080682
881120831
8 1 948234004
372910241 650757439 952830813 54251249 899529947 492190734 633024326 921887591
36612865
4 1 598088883
197143028 526501614 887301907 429303343
408755685
10 1 916034538
468859261 364670130 418263450 487868877 722892529 25005681 600259603 912456434 802901397 87955523
206273882
6 1 787088783
815183195 227931479 281213897 566103958 253384172 366137367
254988642
2 1 126419356
576019050 699396584
454967939
4 1 273862596
327652802 727519137 390041221 601404722
535438506
4 1 43616403
961150959 577376795 899491633 683508264
857701024
8 1 105622232
606451579 711912417 195286109 973306540 397123284 693662716 781651202 321112360
171697931
6 1 623320765
735262773 509159237 842917206 886857197 484018047 275037827
376815175
6 1 444707486
771852048 708512096 366287744 593645221 189253619 818283334
103946705
4 1 931420941
567191949 761209722 792989871 13728050
438134705
10 1 961351580
84625365 433626839 384265751 75464916 203175453 92473603 541911253 601637535 663956312 315778729
576137736
2 1 135066827
278451670 245892249
591139162
6 1 512034592
932996619 561614692 135029907 278495314 951263381 371684682
207604551
10 1 685892458
903653294 339409455 976652358 526189425 451193908 7213245 733070361 372178216 333144524 68919705
915859909
4 1 852938238
349895550 641840556 331163409 477950768
408915491
10 1 826641953
560559397 92781279 351005228 908470022 842791185 104675792 315069479 978533287 319043679 804883052
665653811
6 1 814174627
423213526 321129926 532783537 633487095 776983012 496535628
877572584
6 1 279699444
822604134 865146211 501294816 405537703 437247 143502720
319769028
6 1 774033732
950853717 171418321 264694680 967725894 308531317 157230391
904588405
2 1 954575219
92464440 644632142
471032907
2 1 100012614
59046639 458550736
72084345
6 1 330921729
919953633 652807566 443777932 646108309 110614941 741440675
458240431
8 1 909550714
176065141 230369931 372579155 243024066 85418786 361572411 937363070 405137782
679754142
8 1 945231732
615371320 680031312 988314223 164211638 300654811 253294103 903539609 593799295
610986014
8 1 374531644
353025277 77491322 928934649 394052319 772207916 293263836 365625227 962040670
824130169
4 1 150558782
539730970 628677150 750508146 638332628
249509092
4 1 511463017
77707274 658142660 929921851 585671430
666452244
10 1 670902430
797646489 176334944 113598348 809200839 822678029 434975316 827835273 377628005 630667556 661971372
72998340
8 1 211836913
806175910 877818599 322227117 934004982 667915258 818535370 786684005 858510644
296268309
8 1 187902252
497798397 553946621 554601323 72516094 68457554 899937157 402708827 444157169
977416763
6 1 18798022
851233799 273495806 510563207 511777330 725756814 809213264
743510047
10 1 969140604
100489893 769492781 951463348 466712071 859763965 297897599 778488557 35516845 536112196 246983824
159110303
6 1 147154550
818671380 674842482 107299204 118130850 398994052 188666098
278978172
10 1 338086913
822165619 733113649 750137968 643832033 515970722 651451972 982809072 633796 778503831 926174514
275653335
6 1 155158564
674909788 278066201 414619430 851776330 866459444 242068860
368083952
10 1 724548449
63906733 868781883 534866519 665907365 491361057 728716155 681062064 880212462 602384515 978439878
28199812
8 1 981994615
74879913 212074222 447149832 584521224 974491941 439791365 462787596 57821001
428386322
2 1 447738431
723224733 238341566
603942191
2 1 694427282
873381429 8682848
476830571
4 1 25071246
785593689 924290029 983611424 365026000
830306226
2 1 957275625
409619028 24574943
926674649
6 1 881327700
220754469 435991139 769221490 957868779 203556019 866882914
235483390
2 1 813615892
29025862 47042714
329768911
2 1 185038431
393420619 622042510
488328368
10 1 63879155
495783166 91724176 283028298 342433868 597742041 926149084 327056925 782014306 863142152 474065186
502320162
4 1 43356697
610493417 363999825 90324089 487120867
57148231
2 1 181894600
70687806 844088633
648699720
6 1 177147165
513446492 200214948 516712172 896155947 48897579 22982265
365844247
6 1 320583856
828413717 347404776 296596028 102896955 469542095 935276639
537487559
10 1 534489422
783030110 455368138 729844621 568112119 714013021 42379348 521543291 464669625 522140145 133260778
448282536
10 1 244707492
348073335 775165693 372750374 174189802 315254439 638481924 741814051 857170213 731852250 318891458
311819192
2 1 502557673
151223210 914075611
922710626
4 1 303862482
618831870 245971015 72867583 763387008
69915505
4 1 990828301
234332421 607552320 566697655 842346573
195530206
2 1 774527391
507481813 6771688
612730182
2 1 815041138
340183407 381331173
291557550
4 1 749822572
107244458 125740487 882811879 897213737
902247402
10 1 523303528
34074650 909067868 9268548 67301652 168536344 554678105 967679492 448127162 676831505 142180582
147440190
2 1 877463374
414668081 962652361
313993526
2 1 22601432
486814589 973639582
560072263
10 1 731902527
718390347 76829393 588681024 999754061 708518336 632438077 522125427 709892271 423566522 303435940
908783366
6 1 722765286
659033853 73264515 313002529 379338482 393882898 172459584
930482731
4 1 469906436
864925035 598713288 343306659 105639165
317834504
4 1 599993160
432295400 882021623 203524705 510563608
478108656
4 1 703197034
995561543 416802565 83824621 431865581
662363111
2 1 154830793
902628741 266573866
119154420
4 1 871237848
802715883 8834107 888893638 639494447
808367466
4 1 495697611
453566384 633282428 559581509 590357911
49633224
4 1 437830051
677332382 913812309 820684055 936400063
422991459
10 1 301502400
361154069 830477743 590988008 524647099 30073706 614412983 5283285 267708795 473353990 668566147
771101031
4 1 114942665
845311859 702203493 28040439 845614414
443277882
8 1 221639568
258806542 829242516 199460766 862230475 952574423 573929092 134329181 749772300
822096423
8 1 4077417
92433472 224306847 451420251 492792765 404928346 607306595 148736972 995528927
487091848
4 1 850778417
469279132 516196982 885378875 756559042
173254179
8 1 738799051
267912633 796328244 126543651 128135234 147073780 139361139 563582804 69175445
47837686
2 1 328130980
358881393 51931905
596378631
2 1 574520751
773086781 828679185
271835977
2 1 409721957
383343506 721183154
453668209
2 1 313478743
323824343 106003610
952595917
6 1 744919975
337137287 923100407 531795508 784160729 173432286 602416945
919964079
10 1 613577545
615988477 458496780 806615564 963397027 597294359 575762924 517656507 262715988 941472901 706730853
604853337
2 1 651100963
690240496 883658615
243035224
8 1 584119152
614028695 407321918 746567228 252309296 6343283 699043850 228257464 981064496
401237471
4 1 14064787
386065986 501714427 431970232 193598321
835815523
10 1 719010221
271050878 447595312 444916265 267347179 63996574 262339757 239165202 921886701 437925519 590712106
345967895
10 1 612739486
725945641 148313947 235210802 508987596 264190852 835316916 516246403 963563355 555072086 359987418
714756527
6 1 768554751
455824565 994048077 779870385 431160177 764063728 952194503
603068590
6 1 796382077
880833542 566582883 906445549 764388186 581728298 551772433
806359774
2 1 625327843
154545600 843594039
369177492
2 1 938672539
191129213 885308839
938588588
10 1 904812087
417156331 770402301 142353761 676734361 763736544 683966840 210523142 187169541 913131698 926463386
34112010
2 1 320820054
892233501 997982397
320630449
6 1 966508088
819914295 412622691 939112824 697746266 413126214 783762018
639175018
6 1 744935859
499879257 738571090 733018806 112450351 309787269 543349389
90677857
4 1 446743647
8364656 216603191 221906571 516892204
17546131
2 1 523222350
512714413 157131751
669727305
6 1 593235328
755772752 197400123 425581903 585022484 745570981 605684464
336528632
6 1 87862119
820497109 694172294 255791224 196057049 274148202 601055375
914462003
6 1 396992420
916236508 409497812 207519923 868916434 827598021 688118690
553697650
6 1 836323583
667416542 447872154 603229436 146377845 125971 761062335
777656095
8 1 305889408
310306758 711068984 365166404 922353670 815271481 376170668 193940850 819322317
621790943
2 1 349723836
272402029 596675824
883440766
2 1 21684669
544881346 966763596
87320394
10 1 347528114
648631894 733788873 38356131 846419741 351106581 303338774 487657357 285184013 480189567 800859313
419779754
2 1 969583918
511594815 838450772
311162112
8 1 181665080
804991981 965331434 548690004 488298504 442879386 342866373 326413739 214837309
116662996
8 1 676945558
133154767 537844179 875926014 787310410 913785602 718738548 307462978 40990238
507365794
4 1 153248415
433390834 452191983 127475385 549150307
921409027
2 1 238972638
575685708 29487235
759241331
10 1 795651573
753574790 387365804 693538705 309848828 771799620 910936960 310518289 679067657 472224305 202268383
662046770
2 1 64169692
285070858 977809155
156494016
6 1 600481073
914732436 973449307 884663370 564555828 627845891 513619759
665709978
2 1 190417097
203036575 229892746
561803818
2 1 893814716
119768540 942076494
934882687
6 1 855464726
289062909 529013707 778445123 863592974 111951372 551586720
571047734
4 1 89838951
362123819 414137240 762148851 240326331
393925871
4 1 820063818
32402758 125357122 711261514 441796350
670375327
6 1 890102951
632158693 499795107 876913802 869790243 94044208 633626376
1627022
4 1 61000217
559953531 937120665 382374608 562748279
77648250
10 1 457982065
596995845 657935750 207306835 1100697 328288770 979310492 757876401 380806375 728153044 657781163
309744561
4 1 160682564
206987744 431904718 438322404 2398000
140579357
8 1 55792514
953436728 896944701 98503904 390238694 614536649 62696694 152714459 462296548
825669768
2 1 462835097
101391799 441064210
364365808
8 1 412669070
666313235 757373132 506178492 736606891 639970227 896529678 41729331 873736315
297265294
2 1 870974759
304277863 394809875
17657604
4 1 1664786
876057634 119649155 114280687 516774583
849327289
2 1 698380164
116375987 565719869
409861993
2 1 405842286
882152088 668827934
294914309
10 1 667507500
534550667 857229374 57970509 14636793 49704074 58991386 117839750 267129692 87987819 170783525
478068761
8 1 130327514
527694400 811616558 422410761 796689249 648626366 431804340 558400554 794655911
216074793
10 1 876682400
861855658 317003517 475714216 852326791 81220893 830558325 929126309 391486235 42910962 94491006
447697038
4 1 829618359
99362738 485688913 614709472 310841202
95268324
8 1 128258613
198224015 951926828 413918237 121969208 966990945 931227997 364046435 419019530
102971884
8 1 814929381
15923678 33207859 812102774 155949388 365320341 45102122 84336993 347391977
694198442
6 1 392779920
782940902 586372933 854257393 633923010 381736248 375584895
840850197
4 1 161614406
767751290 155322038 999934118 208235626
257828040
10 1 781914135
105811150 931376884 941661180 922012006 557483791 856865292 187766276 530207461 241801294 553783950
483165194
4 1 996838837
523888965 833690453 189952647 779763493
722887255
8 1 554049512
626603056 471697254 720756502 527768094 336220771 426408981 881411806 172073571
159563714
8 1 733460377
920946048 45949182 634645968 777101465 502374976 495801454 287398878 628585595
593040439
4 1 496968543
53752147 607553622 336433628 834651038
82426645
2 1 382094377
288063136 735138709
750244540
4 1 663981386
657517813 52154687 173570660 465327153
910722047
2 1 575348295
164084971 794675123
24503814
8 1 817456484
202973946 750255966 87690934 298235042 746402753 787511982 405662200 64282879
342394295
4 1 551677225
86382886 360670008 580823755 411414241
135707046
10 1 757507138
433577465 797104767 478981589 671750593 313445207 913868825 316195438 642243880 515932647 502031786
552854803
10 1 850840271
447395241 436949690 828544143 261000012 874355910 473494052 18050982 435244023 942857361 22229905
336879362
2 1 549725481
835987240 802459776
916261424
4 1 463013044
377658278 166504066 515761017 970660521
832124628
10 1 156910610
597139893 291315435 347890346 675687454 754344381 225802065 977827036 473338028 884248534 589925389
540489860
8 1 225790871
441872393 215744421 516197280 437984895 329320581 194448699 854344690 227071112
276111929
10 1 258577375
70727813 356532015 615290098 708710664 359646606 595397273 325061242 864310672 836064160 726661109
481468478
8 1 356799786
37309138 876438614 785808059 743648986 469483780 432408013 173815858 670722755
608841484
6 1 385446172
178273590 319572097 279878314 115992531 207889870 925070883
127773200
2 1 692746279
36361097 317626542
577498635
6 1 849062210
504404375 956700021 677197627 806185184 955777680 98339318
543273809
2 1 873871136
402408305 664624900
444245415
6 1 104124303
208917924 611321541 437448722 203033387 822852028 755245289
409638009
4 1 809168312
960373397 857902798 378514395 196977937
514238356
10 1 240254238
777288495 724064615 44648064 522090405 877529159 928251383 545007239 631239272 584223271 636480289
131140077
4 1 338931929
273259782 900095488 967553987 782339688
106843766
2 1 151769866
391439027 694437971
484948040
4 1 82692985
511239649 767116369 794047880 592418175
660684933
4 1 275732486
702025113 942192506 954075640 256499724
951123573
10 1 895409784
4693046 717384811 910092578 844599575 83024153 526074647 972510433 823095594 941131925 26618130
25402287
2 1 890532037
49178027 595993763
360041135
8 1 334841307
278429807 678901953 999738295 144920533 89834192 497500102 16241394 275053672
153718763
2 1 533760013
776309188 908874226
40047051
6 1 758994259
72704580 71581236 379608020 963106241 75237826 897244722
650666907
2 1 632779353
263175605 457867902
39090356
2 1 834157897
892604054 840816783
43585240
2 1 84837364
858560981 285669026
298923807
8 1 392070187
687056518 542013663 437337656 202518721 38231037 821775622 250095204 745444881
367484192
6 1 61569383
517622481 132173188 738333408 151400049 918369570 156814799
68115219
10 1 876687522
306812880 141410183 644904721 763933634 737984825 989477418 910541491 33733866 918200108 896053002
442352975
4 1 888953241
663023794 2132510 750273463 442780797
46091211
10 1 230916916
642223121 158180172 824194263 37866743 698396895 678532260 683142190 698680739 483991779 94948267
915236824
8 1 830536520
852471783 149509081 524543185 568556781 180573542 79550277 951708486 133892876
600002939
10 1 327119298
739485483 950135372 811516381 724966054 691090655 379528842 917097554 655353252 736882991 854451558
885666815
6 1 800666639
333991270 711232620 155519487 694362768 805271360 439403505
565051948
8 1 623828735
62735659 679896437 848362136 967085206 389351401 748375529 496109300 274088376
467650030
4 1 639932076
477909154 688308422 648578333 268498827
530787154
6 1 443802430
306558321 779790752 935601463 62101922 25858230 967910738
827389776
8 1 53805609
948919214 168111437 884503978 234899778 60829183 756780788 510563747 62397671
872367819
2 1 461393609
297135952 118418443
234372157
10 1 280482268
777592734 87304714 47348004 335385619 494508234 652303217 647349573 236705485 386060554 681555984
759206013
2 1 548870492
995883542 691015058
400587840
10 1 767118025
944493465 277409266 128155995 133665507 509689388 118890184 219338339 933133164 498791865 223417695
760452184
10 1 160550766
2395760 551292725 989984413 39809331 10812347 202109623 964095665 642100081 848113151 950852952
518842431
6 1 382983338
969417102 567750478 552048794 65463392 58140476 417273954
311278204
2 1 621289344
317001000 38102163
978322154
10 1 335195572
324232112 160521708 673094481 228088470 924276828 379464954 367975778 222997285 715742662 565843884
953527674
10 1 184185049
311799841 733856877 953246323 303347102 183271087 553836330 254836640 847283978 952965536 410811774
27877502
8 1 658841007
63099506 97595791 421081921 865090407 685127054 610735861 661824175 23330859
502329385
6 1 414034713
67454780 675889370 62406882 908810999 173445167 926023623
606498977
4 1 913173057
323775887 141731579 224504125 271592624
489314562
8 1 177510136
802646048 313164967 818930797 670317101 948801540 232093197 485181700 874965653
198156613
6 1 481327701
576286913 694413377 365850637 379622459 785109565 294477289
546031364
2 1 107712105
941255540 229218704
582817701
4 1 679645461
419105868 183065215 438209523 65672447
655759064
4 1 247131062
205408100 450573319 648794179 626581741
202254517
8 1 459274426
514493821 431571278 683635101 342955823 180109746 187144841 737743357 543960520
504727994
10 1 767616672
574236880 746847783 616239377 594634259 834157206 944575132 425688912 295042779 196876281 965346874
45183978
6 1 515232249
724689758 879166973 772565492 832599004 308842487 846604005
308539170
10 1 314541479
622358316 479906601 996971847 793384239 435101645 937278254 327471816 785362050 343948206 4191354
876764167
2 1 55219861
540246505 487805000
294589203
8 1 631577321
333795667 467766071 917739575 427039067 821404848 294323708 61542455 861109443
501098629
4 1 326407765
141175815 515061564 853234742 979722568
212020722
10 1 39185542
458511408 505965307 317490917 263901758 123840712 419692451 838961432 60317469 252573252 990134612
71297104
8 1 164574346
819838200 470394571 316227927 378676043 222768988 112116289 498433316 876439739
681194444
6 1 154245079
648034728 633860387 335616684 937604731 230186977 219657012
703193512
6 1 673212271
762276084 135101854 813167479 434023019 674692134 835985771
7112007
8 1 346128867
560102833 152130916 989459231 768740790 983879340 791123248 985757442 323952839
439922398
4 1 778731626
711726906 873068842 148579784 985225586
100133701
10 1 332824997
774291740 599601339 114271780 991052755 242644652 689259910 792414421 435118569 233562582 876815880
313902733
8 1 66847425
74869069 571776450 326744135 404680466 162138033 778107681 63462016 123538311
677493213
4 1 149300817
612999840 703252077 79122804 955802480
829398161
10 1 971947770
899292989 666358487 592118854 469056308 259365006 473363205 855820303 393166873 67501362 839902170
752100164
10 1 595755478
281524905 558794167 920663149 445979698 672003595 777289525 408633021 800434257 400687446 21958850
410646001
10 1 737810494
477167793 265500509 734504328 25712108 996868576 978111796 4902236 917135417 978903759 977689737
956096416
10 1 869997957
997732981 372599376 582446612 365369963 967344760 508307427 449057121 234709723 143720125 260083472
941489125
2 1 104886092
672763475 177827162
207194022
6 1 298350490
493889991 659682684 96703106 216529858 377107946 497157080
329168784
10 1 373721059
488749333 674266980 103125710 839600295 307234378 37485622 295774640 276626065 118249866 614189458
752746913
10 1 896785483
316922296 408787614 378554369 721067865 129333610 438768363 211064058 58506334 60922810 874423108
35372476
2 1 741386781
197297646 615615503
353369672
10 1 537184834
490561587 747739559 484032543 410980768 527002978 652423021 40488098 940480568 785616130 701539886
262423144
4 1 654064957
9839956 462861522 966089109 449832135
823935302
10 1 836123911
424109161 919116670 393919686 706727485 638486455 484169174 842369633 201832428 615367933 354391936
34975548
2 1 916669745
794527935 312639008
550407632
10 1 530440497
542499858 920586627 343636313 650442331 76193355 844876083 236906398 588983480 716918899 199284645
829346042
8 1 537062988
695598148 605841109 932362798 824523575 648569287 788875774 792350761 79697476
304750263
10 1 94545901
545549135 783304844 226802500 755533153 163252349 185873223 941474021 621754134 186492022 110173375
369192072
6 1 274536001
588293759 219390053 154784727 72961510 825907381 898169426
960594291
8 1 291098821
152796093 243755257 248959547 929612 914740223 671895278 990331704 217721688
496057108
4 1 814068250
615944485 433969814 838836174 547564141
304466653
4 1 476826588
281221417 996975686 854743630 504078574
705948444
8 1 184771559
733133717 739438273 92437832 783535131 998334821 564539282 597622221 985260336
392099158
6 1 619420362
859467909 220197360 93856550 431794580 174265267 576714617
600729824
8 1 348050853
608116611 136159647 748891294 336047761 631065889 123652593 672293908 438353050
367020518
2 1 598895360
262367122 474938597
467456846
6 1 899132823
277967503 429684844 718344019 447496244 280761553 605365959
910108756
10 1 946523879
422297644 175543725 284895921 224858768 584712951 373285544 126186177 850223806 110598588 430572921
102640908
4 1 240049116
285505831 685253837 700222083 321397389
896227755
4 1 121105383
895671844 188553937 372143395 16715717
37692917
4 1 335464309
128315093 569061161 502950798 608645623
874969954
6 1 799645015
318274221 559475511 570935004 890846700 597142338 917366680
504148084
10 1 480495871
596370928 556930482 741059621 750302974 599420628 841238977 110480892 158621207 756352148 864770396
800467284
2 1 124477083
745762779 19921991
368482676
10 1 818583180
694124384 272257830 351844857 516769616 306804564 82894629 975197253 322761289 813648781 10621049
229045258
8 1 817919533
892352051 406415189 908610679 834228625 445207512 262639171 323541563 892120061
260148794
10 1 517253837
559881620 101684643 68322713 784153627 314232336 907009972 763482401 837534832 606322981 270404075
244239808
4 1 651463839
56650025 973953905 509888724 196845507
257667865
2 1 958617317
570613745 591737874
225332437
8 1 957402914
296853278 749638236 107190229 198559466 778028634 540122179 469711677 893818743
645626356
4 1 20688885
295414293 872429983 837365481 126541042
437817483
2 1 132153034
927942489 124020506
941205034
4 1 103311728
429932872 961216516 503151617 773318757
913215079
2 1 268132650
285316917 633771523
589617616
2 1 926408623
31205805 623706024
319507622
8 1 632698550
970417764 342653347 267949838 587617691 834678871 844112830 596501100 53135673
322761931
6 1 454695220
636966929 855188776 517134007 866158086 468676117 567807085
573170926
2 1 29682383
666110145 965522995
611375239
10 1 88701001
63350737 964700845 221472179 314167941 178033881 981424064 47336349 499808877 401895703 264766395
130888118
4 1 939108660
797636501 180314450 712242978 891584343
359994925
6 1 529283670
373246368 629611166 70797281 910948936 246669182 855054512
672697391
6 1 93634001
52145094 79407726 988433608 487143079 477852033 649780536
644365258
2 1 536054328
203287618 364507067
61604438
4 1 803728737
115300959 270234376 96884313 418687952
53169497
6 1 479901145
75433502 984986442 537661862 1626046 478213765 740075814
613353591
8 1 744362110
161638291 612267903 870354440 203328544 571160762 60117305 868180131 993509354
739925827
6 1 659486643
733872973 729165445 179712740 399471409 181509773 905844346
509946099
8 1 373257831
138471832 64809171 392844729 313217151 405944640 992142940 111694200 858601521
520246914
10 1 623496479
203224484 14855303 107054107 943473575 969399407 24257925 49816133 855825293 619035575 800962720
623795887
10 1 948429303
280485510 222434804 953147383 45033265 813329272 497339620 585217769 273289014 75052388 335904778
925135488
8 1 986106087
173037529 961172475 613942011 257273926 777582656 997529380 843552628 396591731
868662954
2 1 53860698
988086192 603125002
709311291
6 1 292870544
498094805 626939868 455239963 134507528 391851606 838758726
937094247
6 1 957071825
628704712 627444253 265794023 405179866 811917394 136555687
823468669
4 1 261951213
755348731 865191720 661290825 600363546
998623967
2 1 278505379
260519382 269467147
619297730
4 1 303031281
36238822 544756687 659161443 344976176
656407885
8 1 589026417
446972141 119391025 894912431 787138871 438858494 510883297 251875930 273154792
794616349
8 1 562286827
704838864 815757216 221968909 917226295 460419386 507590944 273128034 688279402
678300412
2 1 778274317
164890879 41129757
87400645
8 1 590295147
141934027 73516413 860434826 726755349 181651508 409161835 514466154 958700392
962928574
2 1 187483488
446862123 652901046
137913279
10 1 54520654
699298340 283961079 341417959 855952663 339695633 328224 890613513 936345828 484271733 23591316
485869499
10 1 968173899
162076432 795867495 560167969 833535097 135055946 701202702 782798371 410644715 849741961 43495701
956975292
4 1 672134255
844868828 574277854 798713840 775506882
252954565
8 1 445689118
600589750 136877025 958477060 387361472 906507940 71929424 928006913 418107452
280709945
6 1 388442040
845946793 239318484 35885277 53343048 974086231 405887622
171811431
8 1 459681338
660870485 678705882 458754779 628989181 81136057 676278558 968038304 86666882
232868714
2 1 987256539
871340495 898672657
733200663
4 1 382450587
329488622 788537347 924005213 38368825
509960573
6 1 571397450
386404265 968781371 950070862 550237763 637760133 221728813
32742799
4 1 996495787
937149775 956158045 475594977 656955631
345324898
6 1 258855206
596927881 26563782 587177028 881548475 942855093 980142905
649100994
8 1 424572887
469761857 646514373 276326067 738350808 558976405 529212574 419507074 357356008
893292660
6 1 990147306
99364042 391139489 36454133 213000965 417588923 185895747
151278449
6 1 228589121
941601279 214778731 96489688 417385856 960593638 192254690
473525462
10 1 564459013
780164147 699496497 896850158 769948571 220293974 552645401 770267714 116496954 698702393 503573722
562598075
2 1 440506907
321180651 331874197
915752446
6 1 373697825
897245978 705592680 752342398 251060590 42077720 520208599
525057480
2 1 583809455
672224156 624522700
319653142
10 1 576382251
110655710 552986113 155931406 583015445 509335761 850692582 660252457 236437975 846358996 137483771
169175693
10 1 247408641
76571099 345154906 96848139 737150304 143956315 833337366 705394233 797556114 475743436 807950678
550413992
8 1 711790832
183969739 752863742 890958210 669745846 391550832 692305452 863312336 296408482
809358675
8 1 297567612
688653663 353824576 545968564 324662219 570734586 539304862 58974765 211962290
997044300
10 1 847166354
437968272 476691432 250742347 652259513 443395861 148829723 812339524 35351299 660349267 597603855
597821000
2 1 614675152
628780416 256965318
978039283
6 1 798257958
338648509 913161909 223009829 769348044 556898150 157655086
311021756
8 1 597912234
235159343 265844565 579504263 22211775 644830360 715856692 833079985 558389485
719260134
8 1 380871956
606677391 259400977 203869755 789081754 531600834 858678020 306873309 778020717
659047608
2 1 137063606
123202546 415363377
679586138
2 1 633671913
450047242 635949027
357817145
6 1 284681919
494095132 967149514 466287925 274142551 302027927 856040248
992762066
4 1 244820109
80303137 743134027 406435801 422811876
481769045
4 1 717656423
554530858 855814908 507971822 548445396
679796846
4 1 343334436
502524427 656975599 983348287 590639966
442670378
8 1 317162537
555954493 603314925 905469336 554417852 379966666 969344006 280258827 390225575
109350605
10 1 234981565
652634076 217219300 491065174 410097727 322424599 780947911 244690744 700768504 982699243 386262651
931710132
2 1 366110010
634713575 557021573
387801478
2 1 499693450
73118037 258706712
575303594
6 1 817274867
218267585 830023952 19184769 318169107 586001263 262846213
708332529
10 1 987215765
683626279 424318194 991557560 474807542 6044219 628712442 573079259 94353204 434938339 500526639
174874041
10 1 603466284
297959968 649820672 548137907 945994089 976372947 835156560 45608870 573817085 22642696 667132577
679731209
2 1 95349052
508645045 51835039
130536135
8 1 506427861
199645575 568100477 806014207 174488455 350380118 521407533 757314305 632035489
365206410
4 1 731436498
117027146 933064303 623278194 64804560
71822307
2 1 467321706
441176629 956728483
996133371
10 1 479280630
646575805 518493172 423022851 631102638 575378065 373780689 35771083 369332840 412110626 666365582
855827408
2 1 538010176
811946392 645036491
409809480
10 1 164063049
239919108 302053728 488465138 341190007 678665684 49091879 737173066 316725593 845451553 125057240
909046038
8 1 904861754
170075609 844661206 393490114 263973109 758362075 351006454 423884880 303502976
505570638
8 1 694372438
577721249 16698049 380648577 691582471 217675707 854658813 380701519 310912985
855629386
2 1 641589545
342279981 650814986
312835936
4 1 970869986
193207511 445571986 527407252 970990938
663681905
6 1 457714563
669304398 329256500 114353889 253238532 536650351 244869396
164004434
4 1 266036245
509358955 55909601 524639219 634729480
252862342
10 1 354188177
724903645 886737067 933045933 6637246 610762502 997440660 841378798 328177669 302993962 753371977
654042631
8 1 282031874
30719269 574566046 297549960 818452710 814113907 355874604 917262248 475546457
609682748
10 1 232879608
578861586 254533593 131472671 162485211 18209090 346041181 170930843 481199104 39726655 848170998
212029936
6 1 644462661
342755565 790263591 125446821 785202981 341963482 474415796
551640454
10 1 923076635
346230603 761763491 357843831 392643382 357470006 839229242 206065752 759351238 256397642 32631500
361651942
2 1 829292073
944636348 105028935
169891484
2 1 306296129
52877790 848805400
898542076
2 1 161378715
538638865 783349680
589553340
2 1 963554752
130703995 296220732
42733585
4 1 232880260
707397092 240503044 114415391 660751905
829766604
6 1 160333785
757143208 160879162 696823158 944776382 12250652 568691549
512373062
4 1 301776001
739316524 742148689 171630059 118535305
557545632
10 1 500662379
703792755 359068308 129852467 265217137 583636189 617515852 802288793 97837994 491053187 685714783
217938800
8 1 379092787
81629507 965178272 700511994 285954447 704754336 156410542 278300781 146886492
269265310
2 1 988447751
472437066 431213782
783791947
8 1 204753927
161457049 460263846 41334537 804159467 748657168 626712286 172207263 726726929
942244923
10 1 808925963
241400373 334527616 391318699 326287731 895525917 761130570 351293609 872311377 712520193 783933320
195371839
2 1 57537880
408017604 158925365
125744141
6 1 446813374
582131546 236572037 576417534 537421774 129372054 4499392
25592713
2 1 400658431
175140988 956861080
510081627
6 1 460490993
327402803 181547982 326650225 838169996 122643555 19590220
648527659
10 1 582600590
811592035 73921026 955573111 585767239 975811022 822339326 598258437 395511501 284073958 894579788
233103127
8 1 978008410
961284249 55649740 80119149 319149064 913379816 849470900 923597181 372597776
125354691
6 1 309658557
7916655 566834437 580860435 207153649 808218799 189821802
387541716
4 1 485778309
427653288 11025206 888938294 471154675
476458007
2 1 14440980
153753155 785023059
727912113
6 1 455551130
209091799 778018066 728893438 496423961 89208632 412235773
225348412
6 1 758442924
410941339 16035632 379403469 203638031 419095205 62960203
363194795
10 1 408321823
500964795 153093029 253367688 902213021 195501145 607098408 508358072 722998926 964328115 939624738
849943674
4 1 94303300
304919301 596758171 303300902 422567636
738811939
2 1 217439962
768823768 253223398
369838664
6 1 419650003
589801537 3058119 510385797 219486987 213036559 571306532
34824550
6 1 560709681
182324277 370828589 118897781 575243204 561415459 764009071
660542887
4 1 186015286
545168054 756720421 134274586 679625262
956781116
4 1 612538965
64177369 796721418 425729367 364601580
29950896
6 1 934595308
129560301 268558345 825348111 761064070 630644366 473745239
55692206
2 1 242996094
658944044 822014064
668379931
10 1 443593755
942559623 73532396 12119921 558437681 599690897 120160027 723685723 757557901 35633248 775988329
690036403
6 1 928882008
283915574 586351805 615512788 498490067 116512575 327645891
176326517
2 1 441512236
971816080 113078713
824676276
4 1 259795079
908277098 233782282 706888861 824174595
928478046
8 1 352677769
577721430 665733968 249181254 734203304 627137834 187056393 629748736 587088038
783663475
2 1 177526840
600484822 875376998
413983519
2 1 249976060
404307375 19406373
118799970
4 1 689690872
198763716 694635066 199901140 160743616
27895114
8 1 410427380
916761448 363963563 663455801 752092340 83128300 508941384 808101985 302937905
918585454
8 1 577834203
64882219 727446736 137045635 695419486 319147454 381943074 249517898 776054190
777862091
2 1 592673945
454416571 31032514
267581763
2 1 428812333
922191906 502156267
644477869
6 1 423696650
386495408 395070634 479891600 840721717 875152273 362103496
465092389
6 1 34940938
244794121 140995253 378700445 427111082 831766361 969026815
570049963
4 1 94442947
95556868 304404743 47849073 220216017
133931182
6 1 189148458
446941923 875204976 32649091 157379484 343099216 949610404
530011542
4 1 528289990
175926531 874219429 259126900 675797615
622433621
4 1 662109891
412639167 840141018 456919089 792137988
930514152
4 1 328432036
58533350 59798753 191938883 343055682
164355350
10 1 18613784
300427882 535254037 311344137 774855539 198635584 67319 433632270 819815602 306265389 536102912
935486173
8 1 880513572
214928719 452334016 417402187 411355020 537362960 292142702 872776835 841331784
710845099
2 1 884009397
481763529 804292469
762916757
10 1 668876569
678453414 806399394 809804710 338319777 27786484 981837911 58826293 783350204 970741731 301569286
660474514
4 1 994928714
635330181 501101938 906238713 99725848
205602181
4 1 760126911
296279883 992840929 169655084 580291498
412875725
2 1 406051111
506290709 807363877
745986513
2 1 16751659
303012511 795244484
121224115
8 1 416283918
933057982 260423382 332251188 460160406 863277130 879840906 21786375 811495580
536916535
2 1 648607036
468038832 860646336
383663217
2 1 619694317
713733777 646121253
63483220
8 1 333617067
418108074 769356583 95644524 71225409 956923796 68932468 536784367 832416607
791250009
8 1 667842400
586227557 484932851 644413948 395834700 619494658 813386637 680085730 395058781
474818974
4 1 535917496
546594940 471284860 118824489 247691193
701967891
10 1 802539203
450676056 396397501 381977057 906222532 480933386 10676119 2290062 342022867 547216592 206197978
552446691
2 1 641167584
415996145 616239127
255214596
10 1 683678687
640598322 266984017 777770624 552724202 700210454 634874582 256658276 750315898 92396959 310819513
941792509
8 1 735436288
865501356 983349754 248513558 697066397 322999295 47650530 992141163 263299678
315803145
10 1 570093369
246028541 802610116 284398100 998646888 365235474 758009864 426199017 394348338 120848930 738749580
508820339
2 1 829503572
885645106 216356254
203839850
6 1 343515862
36907524 73749421 371509654 366633214 322935712 584946220
400531664
4 1 516240611
226686004 679056988 362985734 795477676
661719357
4 1 973198228
396901274 917181624 578255897 448011023
242126657
4 1 222776
385164837 681027461 161544528 490853539
865273828
2 1 438560914
764052747 158328573
574923194
6 1 392633487
819699487 35559501 770456951 538728890 132004208 940727573
858020347
10 1 851393018
922186785 564020504 688050156 384694538 190915856 941574539 85534541 481302058 69433018 518722108
589424588
4 1 57756710
625584161 189251964 934539719 804090319
518880927
2 1 592227240
68730827 470274909
996771737
10 1 245740169
472068095 11552593 833679322 480297297 964295140 414573741 332111594 108033708 667900789 290737924
574299554
10 1 170415843
468943890 583613881 372949862 935135221 779417109 225874296 15871161 72686151 198755981 406002
727496473
4 1 473759615
666505160 806125432 928499949 185028428
484122631
8 1 702020012
41309483 583372479 350657225 938365708 739074528 328951466 626398673 649427643
358132810
4 1 879848502
314452655 563845376 538636719 584229433
544262450
10 1 95636357
521424373 175491049 678176508 955750033 647792151 288383172 914497315 925708204 689371756 339385482
524373209
6 1 576934077
87157576 433617140 839757339 774260641 494468857 403586273
799108148
6 1 664995376
968057941 959741480 341990947 383644835 526873933 985119600
934359772
2 1 916508714
615197740 61395684
689267302
2 1 489746404
779271178 77137326
62105875
8 1 825445268
697110468 283775614 729869221 794311460 164639661 435912726 285093533 125222123
51135751
8 1 970344713
116306608 520926354 650769116 811430095 23552312 522217274 202567366 581159652
405384143
2 1 828450364
847286345 386385752
205954697
2 1 728812084
544640601 344530311
77638352
4 1 299276187
832297318 254191955 247406044 625083292
68280745
6 1 875686066
286650762 947313765 856706495 680130535 173113483 712135950
57487630
4 1 513442020
36217031 203229059 798177202 396060332
404163976
10 1 233901386
203595564 802671627 599212686 560706726 33433815 689612383 83532377 510755922 91112646 52461053
527570768
4 1 93227934
980089009 391975216 59307068 487993211
310701480
10 1 896214515
479891529 174936617 99553622 586819620 738627300 851384788 733085200 435214637 478209271 819169788
34883993
4 1 467072689
684577118 721905042 800812881 308068684
222348485
10 1 991046706
54852525 329647710 875004423 965072463 304898501 23857846 139477394 560958778 728408283 118193404
101093889
2 1 303728898
309851091 579541272
596150431
10 1 131479467
381606286 314446091 655747997 363647851 745059631 61273579 74538322 629057607 186004005 973547535
63502266
10 1 761818323
506530345 91756644 663051841 482525081 452484316 692389565 838542269 749515180 367719472 351668172
810699674
6 1 479767583
482057587 113454822 204957591 464102947 286025217 582637835
729393371
2 1 868863412
99379584 654902581
38465660
2 1 991224808
754645747 674776777
918195758
4 1 896571808
307323278 439136671 148263303 122488792
384480907
10 1 266347113
673800068 608278764 695350501 158191686 833589753 897443360 678785101 57608310 510739485 579671335
224238839
4 1 39565940
875048238 612666275 231220343 146352117
204907932
2 1 482396074
590143252 737170804
927744733
8 1 948509348
373449362 850431383 784249647 824874480 878382890 606654966 798505578 840622251
8959691
4 1 33310133
620937855 753417587 900699213 676019032
69607730
10 1 650551659
70205040 735203012 574431391 293693656 290518736 399135983 719096564 859112541 580953280 359698093
38957414
6 1 988261677
727565715 367493230 847223022 844966515 590863263 55211327
664011399
6 1 389232551
247697257 537796609 490396017 857321417 199094817 389649790
411682247
8 1 519724980
132000253 118217539 5565786 208044774 722420877 894602520 794216738 24088500
50846799
4 1 70930951
547363112 993894035 562808797 870511305
686082637
10 1 773076337
525395510 766900230 518764902 916838491 584137466 336908756 416739469 620114615 486090404 148916080
294051050
2 1 651864150
304159246 134209985
23739814
4 1 405274921
983983270 629926757 262836952 963505656
615887594
6 1 935165249
427959498 853748046 60599281 237947073 387903473 551735451
250951530
8 1 780223432
263473875 161147029 687210191 453556926 526887204 746595799 656560489 552421603
553048979
2 1 340248098
101241659 529468114
179629400
2 1 291628450
440957737 69963997
604615790
10 1 827695190
319117520 973784680 579976947 976760180 313030869 710396223 286599724 867995952 673845715 857459751
676315413
6 1 988375194
351468 532105221 304012784 747911493 618948344 32703378
897640219
4 1 93295396
407944306 451475766 367938968 449097746
815884333
4 1 152975444
858812876 517778629 910258423 857375304
307612759
10 1 140376165
137206442 964622234 165749143 45713931 611083840 24231954 851741 561920779 886873184 777274293
203616015
2 1 709394468
67254983 58330164
117807831
2 1 69202511
496410982 757133180
948631726
4 1 187277459
467627804 535259067 115070081 726192585
67076613
6 1 139622869
760522201 45496525 204489226 84456116 637332047 266386851
920935485
4 1 492898956
902919915 80103078 352502057 176619291
410900958
10 1 333138179
969947045 217008091 788698680 708193919 750901734 214966315 287213788 445904346 258416732 672068108
154814258
4 1 428626423
28413940 479280751 79083583 662039126
563494982
8 1 840026269
311821488 256407205 560680144 899948936 978618744 592440724 3272517 648293128
970450313
2 1 594262332
366280096 426120843
578767928
8 1 183002432
252410207 310250126 535650316 638108667 82460359 910080920 159559161 955284592
881469760
10 1 928288979
904065410 349529630 846649899 410614164 464233484 422465461 428845693 280271697 327981989 451427236
529285591
4 1 294403498
117490042 955604353 385922047 705801328
711140794
2 1 854454920
787368129 464106977
243791963
4 1 713629492
395488443 523383042 28762874 285482796
310782189
10 1 265200476
201036168 323204406 541633626 630429116 298758144 161689704 151966280 264654193 802697604 277216550
110758371
