20
8 3 4877
6748 4552 3251 1701 726 604 999431813 999607503
5823 3440 999803269
10 4 365
958 2601 2752 2980 6081 8037 999065960 999123896 999608215 999765486
2005 2670 999449803 999375628
10 10 8363
9031 7985 3267 2693 600 270 999259337 999440600 999248843 999181169
8034 6463 999046367 999612336 999975518 999687757 999032699 999219617 999713607 999142488
8 4 9068
543 3117 5502 6157 6422 8268 999067127 999561600
2977 4702 999017372 999638240
6 3 2043
2297 3391 4398 5472 6008 8611
2398 3712 999351982
10 4 6210
9284 8307 4979 2574 2441 1897 999784554 999362485 999931157 999146115
8425 6318 999422557 999659964
8 9 8140
6819 5830 2346 2329 1885 1439 999724397 999885727
6247 4033 999224282 999365286 999459988 999229124 999410097 999663952 999647033
10 7 3120
2604 5695 7799 8448 8470 8747 999425152 999514458 999788155 999517684
5236 7587 999011311 999835859 999741921 999810817 999301201
10 7 4625
376 3982 7313 8124 9722 9922 999109712 999863327 999558313 999162133
1334 6293 999984962 999584411 999649492 999823181 999087628
10 5 771
1053 4344 5402 6186 6906 7874 999502573 999647820 999896253 999388486
2058 5067 999465339 999665412 999472073
8 7 1519
6727 5984 2059 1580 411 243 999627602 999253283
6557 4782 999996727 999069804 999268847 999199501 999799902
8 5 4908
2009541 2006478 2003725 2001693 2001296 2001072 999715500 999617355
2007807 2004427 999228015 999858530 999798458
10 7 3913
7906 7451 5558 3318 1900 825 999601690 999688250 999362865 999898020
7732 5622 999585031 999676316 999161950 999152557 999871445
8 10 2234
7449 6125 3007 2233 2059 263 999503071 999952070
6613 4985 999906659 999591905 999443557 999104951 999997893 999589412 999637469 999750048
10 5 2231
7942 4943 4030 3473 2904 2804 999449874 999174782 999701840 999342753
5615 4808 999776261 999594502 999413438
8 3 4930
2191 3029 3789 4904 6677 9156 999987762 999650377
2503 3567 999390236
10 3 658
185 2225 4419 4554 7460 9216 999624826 999197658 999426448 999955167
1665 2529 999279642
8 3 5789
8484 6528 6014 3495 2951 2374 999762041 999620544
6723 6185 999538957
8 7 5379
3293 5086 7068 7935 8743 8928 999612500 999546659
4991 5202 999748934 999599108 999648683 999233143 999967556
8 8 681
9065 8051 4993 3969 2160 1632 999842439 999550977
8966 6051 999716152 999134542 999808734 999044204 999716881 999189824
