92
14 40 914781942
756652321 460980679 125372243 556398799 133695255 601910236 891398998 454738705 933935032 690272543 127410110 170439807 963371715 857246218
789441902 596901720 816376905 752748953 682377634 216308137 614624075 299769973 833621606 394678446 482929503 334595613 47590299 798173580 924819913 901890225 815201885 454267430 182761502 66581597 617280853 210787686 716180965 178498723 130534725 91640955 486180461 823718846 872730700 24418055 767376295 742778187 985813212 225859003 451576688 954123457 396004856 456835793 742812741 117214016
62 70 926522606
789556018 257974483 105823781 581532513 872933901 159259198 654930433 97282235 920150029 554581063 863591979 85104763 507335832 436904599 795528163 160897899 992517201 394170095 337859191 370086450 65352987 449169232 447354289 880155784 341018268 546939574 559588335 215573899 597996897 225719460 346884799 638666275 109789451 620819692 554659469 83586794 6031337 185441133 886791476 567676665 229451959 625920301 331503890 830179609 131479500 155205848 262453876 321593125 187248223 561988830 444345882 77183538 452130357 582632780 566439419 111688279 587258351 148994863 238359367 686445654 770669502 885502157
10699420 928227199 836493913 784821399 614008073 269284749 583262402 875341818 70758275 505378843 32732675 284691933 941554643 637491778 569799840 107669961 803169610 96312946 73578693 409808169 777890390 576073459 330130733 697095573 348946964 888877159 275839854 258843747 722514108 271562178 1814842 229863780 103057755 811679820 446809099 484578910 795146923 815696162 191607265 486005416 539810614 492445881 559457217 174444433 487861854 710494789 495155187 436009551 874184658 315982108 762766284 660307313 340137088 884460290 815554783 958524292 144463528 828396844 603824250 473505661 355766082 8745378 528350602 676922054 817880753 196495822 455339923 881476848 759126093 338216489
94 37 976030990
822607138 711128152 562755470 740885784 874019560 602531970 329713107 757319759 513678301 949241914 153326878 739066828 841154798 636383800 63848286 210179708 923638939 959769690 248395610 286837170 462308413 411931089 24120130 393252310 547341267 856620471 176483147 953077364 464188874 380470926 174751772 114210715 719225973 743642088 59062910 554767071 144331637 266959785 319284071 478642494 994374535 934485243 805426108 441615011 855034011 252840714 598464559 441106191 669526449 276168085 114077883 160603240 198172620 19400591 923149750 40667846 964798597 149069218 4225654 483325170 322197436 167584956 423619565 399993317 769005729 186479980 611587069 711932018 469145141 926677619 910510936 359886827 760818031 852213974 408165555 61150133 436091250 529560939 508427232 549188361 725099950 750109897 406636876 687758476 7929701 403385554 190564737 336080239 453887637 612210049 741811995 359198089 1998673 256596537
371805452 511102756 955830301 63911775 639158986 427138785 687759061 528070974 811091706 589637292 246685674 130181912 719372643 912894977 149666271 66782277 938941590 131368572 423401493 454150266 672283448 727020473 625673750 396737446 61606553 583647669 201812254 706942780 342241984 569864502 222225149 526350825 974024596 419051883 333038223 117143215 706465744
54 78 692600883
658116748 31441114 332770912 764938115 39979033 897676701 656066342 158559245 890356874 719889125 119870218 348721784 183221317 739144351 336730989 959651165 281170545 494132930 857710112 510569554 515607750 332310051 429109063 758099704 485683042 994412670 21697822 808397321 323711811 411853035 663215621 952771745 897206029 344841428 447409609 300397770 21679972 534803237 981041774 952536529 991955508 405846470 576921100 209736256 716463767 306817018 778336645 320903755 316053589 617549866 854924705 96794810 799380513 957088408
951747443 200773579 898701061 611802315 882480351 963109503 836208969 743188330 15513859 819398075 760732517 98638771 555694026 158361611 953740406 274099077 943488535 489264516 677366089 178089612 91283057 303167246 530907548 627609163 949030990 934238727 295951574 887657941 766169512 160592787 898181343 726801636 141853647 480717089 259301542 913240939 725352996 286735332 562917478 316260957 756340202 750735922 997043478 679040273 70770743 255033724 358694204 765327353 552410132 881075509 173069968 850825904 304159841 938264769 911729674 844872322 406983187 370069697 481193920 266332544 899444758 813325885 361163612 595512154 417223360 266749555 856634938 685028170 662144214 501752675 189963249 127325838 326700166 104087156 978037159 758802004 102519990 731127242
58 77 718366515
535666144 761724633 87389214 535483070 778266530 398727810 495298515 456733929 112357554 11498590 769899771 763078302 733482612 116640481 252773344 401751916 324654042 184427868 129866995 39245384 289597106 45858538 610028470 113885387 137839480 109760934 973729474 352451721 695975638 473289112 472819813 721468490 935631970 790971135 888463030 397537537 252156140 193069781 514557145 243836055 757471512 180409015 4902673 247673414 189728073 794963443 733243823 321315317 13787041 232965671 388425319 888851596 50591664 379033131 878539969 659852107 501099491 923338375
436016122 752761839 831515965 858728279 644450700 150428382 383950278 431538702 971401806 940967019 389479407 189510036 272235412 706242233 854617943 941090122 567708994 189677865 145156255 380718724 2436800 51312414 102227620 230326629 690072508 128745041 277201599 975874789 386124815 244839715 917986042 374637386 607362832 839847846 836531664 10637406 441064770 169062913 820878294 598187533 706178262 807697564 597530569 49121338 439652155 686694254 474798518 626745671 388638606 807327153 425661455 478092735 448646772 951327353 542525397 871791435 359734501 867631197 496212447 586339850 651983012 453244822 950461866 493426524 733856140 477692214 771865939 957788261 157001837 617713380 57895987 554721616 785897699 765607687 953813070 903186428 306043665
64 98 103650456
119060487 136255053 268948593 96971388 596541351 302823530 419188724 491621362 560338515 599519093 501611172 465981308 829936956 202030282 3616636 790190039 791843272 814302270 480997653 471723706 562119805 169372789 114967657 275291543 828849605 297506008 920498006 616961604 885249435 353082714 298926180 963318797 107612777 784387485 229972099 416208628 267647887 901336344 170289150 133043509 135988331 284416215 433557417 255330295 461882402 409583621 29467605 616428220 896856723 200396255 176235590 325029822 677482010 744378700 2372036 970568440 193745050 539263270 248418082 191607825 770856727 925234528 76162858 80030685
88651496 495942707 866635211 219814811 603835653 299740848 638489240 757128141 399558245 667748299 94766796 821058403 822423302 456150294 363427370 323177495 927132537 237305139 984414070 463404411 509276688 559575510 16151828 430818012 654109698 205143591 683332257 605956778 221680962 164169975 27734493 636056446 990448458 447009401 666066406 639408445 357170887 964031961 94879416 661260737 171835725 993041443 441960185 279950888 707565583 906958745 515303677 333099898 120224485 598919313 342711264 617731019 711439028 885539341 188591347 221887371 608870416 644335689 574430553 562320601 550360216 781519380 703352626 118931693 496145066 980476250 639618865 104266310 171708551 618615652 770463257 26716861 907113779 771117227 17557974 465661734 982390077 50485035 141545699 522208599 109030599 647674196 939808814 772045470 689317925 882128026 450469689 800917220 591938581 550951319 851337530 638630793 276895694 860189565 914608678 924396434 373647223 513686435
84 47 808174103
789063975 841713447 916305769 465519535 373934293 620198797 285900604 498150322 760207238 453472805 358097117 981852464 700640695 749609377 156297544 835137008 606287213 705607543 9726587 415340960 710189659 689517323 604863262 547960726 135699857 889778606 334590857 856117215 21241957 650708938 301125548 504054106 323056723 946823605 770881673 220448416 177546821 966956210 358759507 788603145 543557754 549294117 156775458 228594947 525741232 384818647 477816260 856255835 546159376 102030127 944246191 625138769 912152989 452401488 999978800 827482249 194481115 168970056 341437772 720069868 46339631 120727653 179197613 794351125 714293082 410683409 767869409 132266553 647861231 750739986 967002052 376382370 371676293 706830869 711396970 363663408 317524729 346900850 541556194 870023956 272673682 218353741 854916398 416374882
744759242 140596130 877465450 703739848 937117486 575793166 587848510 191475252 997068127 74668841 75213019 765037008 611247054 525487858 862756853 542514214 126205236 498463417 463965744 107076735 658812056 219685209 336349663 136561563 949755194 610678066 418185181 757992007 553056257 611966565 369929094 556369645 430194178 809177651 692907802 826176886 504946398 954672936 546084493 678819676 786621397 356066182 763875796 579008170 390387061 316648473 742964313
28 72 750630949
555261791 815852424 192340656 360039306 221466202 177243471 934797716 627511218 242487066 54958109 354866834 792424203 88000240 553313992 181155141 817123627 897284921 790862449 634342482 979350997 980948342 552334905 921165486 932895471 684263045 707507505 760318724 877178722
224305922 916687727 91084791 358967380 884983146 698663269 113929561 286837604 732305865 595993877 68776622 731570026 52993699 33334599 488022163 420336605 529494291 512361301 974913078 315851216 569486440 69928149 497820913 250475736 260303990 208102767 544730804 824383264 509803578 979840078 105411584 426274479 101267191 363249079 991006638 701679966 250148191 473841420 616366232 240089833 849212885 785420299 644712013 179741677 998191364 864804048 410977833 414454805 597270875 497070182 592951912 653126775 941436910 401195590 752665600 27305470 692502597 529064237 706438244 100888941 116399488 336670773 248709461 488479032 885729035 879695981 884558810 488082305 157457703 633901572 498689280 175170846
30 48 299627875
269836171 12869118 509511420 483783538 743369224 248045687 855825071 843664836 679751934 405509447 527946127 36119497 723963902 442729351 368813115 547740502 824492145 234641915 151209955 783198692 244225646 424612787 871524646 962842703 117227307 850923339 918595820 510986961 99462324 665025450
11637993 182367713 463952531 398766559 502501924 359902211 98282851 375773082 264414216 142407345 542836604 794333524 704580105 620877212 737262644 761339195 186986464 966604931 403752053 368191915 691669840 353146548 754491087 28789192 129599110 466288911 656970147 401320113 135313213 445703815 748932322 340678862 939610813 71384718 733137387 284137274 753351340 817276901 157216623 256507704 478594631 419710482 288535257 187172247 588446239 84667035 192692580 344823361
12 72 44495341
944268303 499472804 371036118 945564223 127617844 320572215 711498655 165124750 760969531 847030997 259810484 224803168
707958725 970561684 39147771 494817316 826295760 981136311 374078219 531892706 175507473 50412437 75995395 989969631 565828071 688660726 305389147 733693775 533287755 608185876 345601381 651401698 144269614 415541942 990670059 868699399 342642017 868310498 342931505 964235635 427486914 357102034 880774835 647394458 676129531 508890747 991831847 700528804 267543787 959570376 942982711 745014296 579522865 329007027 642372654 377385092 854040946 942449019 257867617 888429557 284661408 723952161 329529546 497432569 534902528 951900822 287943913 740728109 35558639 141368727 79902113 360770090 371976230 270791943 430285566 75099878 966216959 887452918 397483864 424659485 237468829 865298945 159151542 358597924
24 3 271580236
407054860 697081585 84095672 745559349 665845090 400057451 190660459 170619203 373158223 110798061 461889191 42937200 867203957 307140400 191703574 959042383 181426714 125113840 386865883 736454399 188917684 75267674 23700825 253633258
126713293 748993993 459952704
90 82 737519722
223881451 240691047 287601030 39663816 822783456 672070505 206369965 811025077 328536432 461536191 35940976 100702357 978637649 143543366 264227371 521798974 150113029 88683557 48036495 286637737 396312066 193205227 469942786 69245910 538460450 480461678 618786454 470536526 794383054 80523243 476779662 246516967 813992647 560988270 162470997 742285512 786751800 371521257 494616662 68037534 538634608 781351851 987833660 389852637 385829844 38469788 407346734 949479829 857073240 585494188 816698592 249521042 593323703 803352229 965476809 188756746 239888051 602424552 705573639 796504302 926198186 70703755 408868185 403942317 130312380 207104838 108310663 486799482 860413013 612707250 148941460 598832292 555218084 76723625 568381056 257203537 548542739 849740378 133140109 863378528 234502739 951005414 639472889 474851826 633701069 315274874 695892794 115558422 750955038 538802456
577548546 185242063 87397526 956631834 327274105 707161242 378281030 543302985 118276227 206221947 843662012 764214337 668865408 876347860 61407759 571883941 152736135 885625739 221397925 829168368 408637110 373216122 205244706 81281252 344898023 553639536 450023221 107804179 804757870 28304339 863980576 910073605 165552800 408554614 944422079 537375001 115074745 499837167 884344920 601655103 971191081 689591370 657375621 484733880 662944080 62768067 235986577 455268042 142062248 119024570 364512065 799265997 982769785 669975195 171173342 624881704 431004400 773622801 15930744 385090820 252358623 724132214 453135034 16439572 721124709 317962938 943513530 682062745 904018952 940785998 566382889 148440131 67519676 603574458 11262613 145948124 462148283 867260491 367797243 989285966 704793240 843094457
84 71 796381239
449717208 496527037 456357669 428213852 297760589 233060925 776933724 68602244 851443225 521096853 545845204 14499371 189122675 938289564 476786266 254849076 86599362 869645404 167791107 639494819 502887794 24369729 809574705 708020624 304603855 364936592 756688530 925158249 385749117 767567314 976665218 480906213 315634776 498079654 602942066 804727498 544179899 955681339 878738695 236402538 608632825 6531396 578725580 274728106 721968718 881077651 719106296 919722422 269594203 249007165 790618935 198425520 283477420 292125963 82148900 334683586 529680505 944631529 249707794 722495937 932087013 383480184 50441360 176196827 343748348 801550960 576229818 624356987 971976128 263804397 140078085 940889665 267878021 514933791 134904702 665975593 507875663 357915731 398828447 560336609 462848325 569513132 9286196 672754159
694348622 236066546 333542894 548476906 800883025 630971153 441493747 77119457 110577832 261214043 677038793 647512440 83618068 925544825 435606616 663708845 233581807 995073462 922920348 767854124 623712368 400277883 603302919 896497556 873982839 178216603 834027427 33028143 967596868 112635532 348754830 170881054 846539188 60673839 258450543 832115790 273378627 352231145 541029632 37664933 709893006 434649003 251307536 872732350 590684842 245920281 500505316 689653104 330910152 783625878 731266556 596641543 600225054 956747897 773458816 654590921 230872515 579544978 641073244 450126844 953786713 226024299 457988602 377719600 542320295 534077649 631668543 159728663 821319138 670402681 10801937
14 100 740426839
362246154 588401363 693255481 307826512 565639176 409286178 410147098 319667649 958019633 247043294 456959739 469656403 975501352 16205927
101942390 346657769 582081771 536895556 833093728 516385364 79760249 287947953 241906920 846197971 260914287 492714855 475627537 872657194 905245544 36458913 465201478 634118100 85691626 313190585 82962337 108929004 526094538 548012359 372620070 886424827 841193680 845990237 621612373 611078114 586174939 307987154 378657614 254415934 130337508 650159192 388125076 561817998 194388769 505440313 723296979 57552355 258659686 183443896 993311376 754873277 83719962 779854881 376827499 566777138 180710884 157126199 805941945 583951973 460069408 670218505 630876149 606417379 416460670 852811324 49675709 763553203 865406323 931248422 219402993 540939508 742010153 159264281 674062734 420796146 927734691 879768317 356452665 149492877 722880843 429640721 4183093 799160728 362561973 760016999 437035962 20569211 940704551 471357580 635623882 269964105 183977640 647044716 441815660 309112913 697665152 341933517 886417234 908322531 723829480 109621743 160677437 171387230 255465410 78001588
80 88 756958580
383680034 552070340 306688684 412422 372006259 140876423 217859234 138534793 924860228 43446092 385328010 51561714 209732358 905859348 96882571 690990137 919481707 524127402 602332485 447883280 797343071 902887019 177217099 631291716 720851001 709032548 34635919 747592736 357045429 345881145 388806445 800434775 802717594 869719289 31935437 726919605 297071678 561684053 863350064 265154861 798944888 484570026 943024014 259743967 979536658 912298529 910654296 808516630 827295842 624517034 961807283 73764595 548731534 284337962 600880090 856815942 549318536 145150062 46690287 918728617 7802257 500983787 44507857 588017021 447235264 477859702 395111607 970890909 307593638 292368013 107076104 94150935 575331385 744233692 663403628 869420412 413061914 531417829 648453294 892998929
920770892 183228118 500043677 498842766 158844445 388614575 792484197 561121178 32219692 916171023 972368999 347385024 989505755 458249498 299264324 530440624 668658788 11065970 894113814 462020057 690193937 51050801 706743344 217759251 454239232 568915956 626218701 645626613 325421413 866932770 12078164 583170866 467551239 199588138 997080294 441823013 575408397 463897532 836301301 877319034 430665207 320396113 104099636 583565084 174266390 382465688 62253695 419853938 375790605 989005460 627946313 673899349 349704122 380164256 270970422 657681213 782765441 848909567 738659531 341797071 109181066 192965309 545992453 859160443 281290186 473415107 879284191 260472164 525758839 673728909 375386215 607087016 201631760 932389171 982126621 403243669 606544699 562175613 102224212 208370514 815735866 577823563 737935077 228793022 104010349 458755882 176300691 842092117
100 96 811606634
119781773 272005541 348456490 669353105 890520459 129515766 264604679 120331270 672479116 122515441 67456491 672091865 788084993 138037412 910597909 50612374 843596665 718016423 508097418 369188205 28072387 903106331 359796188 489197068 358032737 144503691 950929036 565308477 696244340 13078787 204320390 51377694 918743747 885445346 966698240 125084073 600537769 526406758 196984943 577551669 379485137 175815463 134669296 981847955 79874589 830893771 445170777 637454293 638193484 582491022 591454018 990472597 826688122 831563706 915846619 892829180 496474120 465022010 780743721 714136489 626052477 902913206 196160240 502359068 610771379 271149084 653736920 136310789 253443031 911628215 38772450 775563196 406690447 156787756 685368897 196325724 989735916 36355000 840011113 658039877 225837864 392137884 481837405 785703901 806160433 283987286 6384820 490565382 553922223 925385134 264187515 97276708 108090944 289111128 971457515 189327394 312373245 636915287 998730046 607236445
988983912 60420526 119488935 42109508 634356805 154828848 46319826 318840717 572448670 483369114 526101005 609720461 357847909 407772855 361028847 456047538 484326343 665759108 499973957 409019192 261882718 331567528 112494190 549997026 316335308 385641179 206855681 885369389 889390006 276668978 500640199 705893442 740860236 830024837 83554122 399033403 177476567 16559088 534187511 750123474 737668626 648584059 50198470 55863288 547652790 410386182 73794322 590731126 713530471 859126056 606033475 899674465 781597775 748353725 62618207 78252345 894382000 986495189 615965309 940497867 525977924 76238634 790173281 890865580 180669126 309886868 421046767 757282163 500851821 865964395 910038996 442979746 636085687 231306076 226704252 573169619 593068844 895109445 619060294 689460409 721033052 828847866 691424260 580562679 20659289 710606192 30057972 253322425 968994957 536207854 824842893 353867570 487094205 63325953 348960511 198206515
78 98 209832001
328276265 483191885 755229504 596386661 201562684 100588365 871037957 479925018 952219516 452165091 773578857 599061192 184140793 677460590 176128000 567560235 795494788 684881544 483466633 460221915 46709317 299493577 464991862 610255520 849774264 979022574 788813210 746424822 863575858 479228957 483761098 288157929 716017639 322791958 974138582 750161160 628524856 676123991 655545219 530931097 77318942 561428522 487535628 30633264 532034038 5430883 951852446 620080665 309415124 930327449 225800766 638824267 85501994 604249156 991199478 380349185 760607404 401686041 356208924 585690047 548408990 80421642 197978629 34867760 210696114 616380822 454736200 897088397 734256655 898817738 55651497 633188108 617087227 376178059 327288596 341083310 779374005 433809908
562287930 257699301 32208999 520773010 815294495 310457222 30191260 929211755 968277834 356121060 762204200 18322639 822733699 805881374 426408557 24102218 368040102 495152416 360111980 379401459 874249677 551027215 403468174 445813155 135624658 200281687 905014691 259224654 553519888 375109182 608275962 700300122 714095754 43613512 135763244 482459514 986624094 516873642 585541130 60196219 966119617 447660533 362604523 561019176 924511806 178527735 49181398 893485742 470434900 697027871 553902276 3355183 586541324 880532059 335579933 815768414 59120935 875919798 584978680 841198007 821559459 458555717 269045208 892837340 334005555 752413361 832203641 874719885 669566754 315008832 522837090 383701309 90557846 665705659 337983466 828272131 550714220 894987568 512459761 840739123 767117251 185993128 26508694 403328500 991907049 528291225 447725332 387454596 374659991 844327046 888565576 35271729 166642772 456335409 599939624 364361752 733861827 666685396
16 53 206975743
505359066 852758745 710101393 776815410 53702122 474709859 622094733 128023244 99724059 384896302 639221695 948133030 970310012 372687052 929483799 806740589
701666602 772473103 547327236 147439392 137982945 865864398 664707681 1635625 792116968 183109220 977710959 394455571 96674532 756508821 727756714 824291499 466371754 355853187 948535034 954297414 244813986 410478330 763384376 91894688 129004132 351676427 937108727 114678552 123687533 796590267 151336590 547501596 520987519 583291095 314551198 486022971 462799567 526840802 201293386 448358106 620164520 805715266 198597432 566454616 801706635 824575888 523168489 794058127 406582144 806395136 859523953 894048530 426695077
58 8 526327909
332777064 473274508 507658726 894741111 285340716 364916072 236646410 812513658 146350366 801419142 667917916 612083676 150186517 543942575 763444323 783755605 649119436 378594729 342213119 62656904 237354010 198171530 103304977 980508721 952658386 671841981 791362583 751004936 817530721 757755128 45650243 137840344 72084837 629066763 817460972 957745777 322092669 760847103 966626757 423809848 314475510 617275663 656750223 789323432 190727341 353861094 430008864 955500630 271781827 556082326 734857774 299611891 43569772 57286341 589240446 762295781 358177122 402159963
140374603 434862823 714840724 290643736 245514431 272971016 256370224 849789011
40 59 127571590
349751674 801317799 153595481 351927797 370191168 466739853 512228437 780228216 683147747 732517026 969227001 263707970 532625482 763609932 828095380 135080260 382364 137944999 397919778 915467546 449620516 158446654 953433928 547334240 238688063 222646167 749046595 739910158 535271036 952126708 131253757 93679151 144405826 388249089 433066522 923459689 600372191 307269280 701950417 519496654
259495486 976892816 168236349 777179271 443067950 715882783 542268548 912624705 631598216 879059159 61365422 772780888 40970423 495137972 889089001 458286189 371610948 305013553 985943785 272229095 275369517 900973323 887569907 74424707 742841061 101311487 2593254 105472394 367877014 973202327 923744839 880493460 487448732 363707073 839674952 441304817 588085767 717361273 888215304 652503400 361964933 117963302 547263731 450427994 406749026 567673848 859627206 917414658 762750191 538581513 256475341 971464942 691958528 366265118 837030104 232044060 358567210 443095110 160989178
68 48 399586529
126403803 339594402 415147861 876573370 398168886 262630616 658212605 823889200 969736187 302030806 557684845 554801429 792875386 709505363 911590993 243765056 269683357 989471671 182294754 431658892 394975876 79487832 432187550 897379888 89746631 316632709 191465583 435073607 580408973 84021252 64269607 603263677 33216962 409850370 549852518 362834327 211271651 961867501 909604940 199684355 479297674 373647305 273547656 44289774 994545472 457939842 686508349 775184450 144939910 722151985 257971480 264093496 598924763 965875778 791509695 571983162 748371885 397579933 353439320 228402017 155639646 102108544 798160027 293105115 948193547 426356776 348376177 781507888
92348565 201342327 196866467 534097282 934615549 70088641 459623639 888106049 779770571 737192028 100386684 713886827 259557212 267495167 711049540 138859750 564366142 838372917 564751311 409792174 495616868 562451313 416747979 727921851 634392132 862574228 390618264 710911586 119797042 687807934 777577244 901264868 220715952 845585248 122657006 350541629 887446185 552282134 439193616 7473359 710452716 616017479 613796081 885820903 943254205 186048770 817938817 864527818
60 58 246139022
622649628 514643715 135929879 598626240 50241405 826437328 790172188 369100706 285851536 985000459 909514248 710617214 186806391 249111011 648293009 631488455 959391842 693180280 499366939 99238585 261672671 792265287 263115036 928241369 3527085 839139977 870830100 254515212 613406345 840487818 716710451 588220030 818698536 127420790 431554818 357032003 440478268 450274470 14416256 110088587 484739053 132131640 686610221 182753376 839307833 415867505 863597448 693946552 778558832 425304362 954195698 373611147 292489477 21307287 640402164 719924141 929644320 164642483 701531538 424380558
311048327 491132249 905402097 280374104 424749729 372132248 643583144 679964283 552770414 875999705 262817581 146695798 307971372 682434991 558584711 725745519 308415031 227646548 326982602 742562216 55828825 14969124 952665998 17142281 433451713 516970584 744242657 776090113 678909379 257600497 706862757 796907268 282437201 479311454 95699851 621589471 879303351 925473467 805401973 772513537 633773008 998207300 679147243 413902569 707908188 640106536 253743131 858352437 909318064 415262905 352556000 661053319 482679325 514924505 857127638 423102077 531145240 511272691
48 56 352564944
143819309 587772299 405823109 941879374 33506013 651782275 275592590 193387240 59358760 143191740 720465593 404229401 710355225 315256692 278560193 185091216 424237256 734029289 450191758 501575092 800342 948218727 649572304 435674699 806312746 197193313 697291772 585049081 714771404 524842721 559609362 836625118 126284005 492361925 24751317 833052198 57254079 365513897 237252925 168179314 442321377 447185786 779132479 510643904 848318918 275749264 947385226 819215258
214575219 497501626 734149522 759062400 143020987 36133002 898032776 830183723 538741648 837035729 709082035 184771319 736029227 429124263 211280278 822273815 233882143 236857996 66432212 638964502 139530130 588116025 463501192 462530850 384419453 608552349 400341387 486695109 326948843 377738415 456966284 679293766 883019541 296923108 732159826 404388194 410724507 642702144 89098205 603631896 382884010 787294737 663437329 892294620 234609887 77433731 632638158 861500899 844236949 114076919 986686198 793639867 78368117 666399749 430212039 29473834
66 92 628193550
960059304 2197743 23675281 635943621 990152348 126830684 506979093 418910075 292398559 905921688 566094057 76524082 15679353 900961082 544874430 857846458 611345848 369972487 78914434 257559977 406454098 239889134 498044911 613061734 294437250 279704579 711777590 360875395 476155321 229995723 52275062 494882768 747557545 879725832 592733463 505748386 638160326 496326307 653037306 469701664 941997110 186380515 388276634 388874921 781067370 121992263 273877913 845599507 775715440 209569458 882225862 889008955 577007283 272045666 416203991 411571470 270015533 959109289 115667465 297458883 215839142 847522021 990522661 849748333 351184101 711413621
274653018 263922123 494212559 530339556 424783596 985501256 432765831 322601462 886921394 379223732 781303409 571333273 870101302 754006540 783945077 359122368 186654646 765542549 497556951 796227392 371334437 196990567 818330920 762088868 976460388 469993000 214710602 544840916 85846862 565716509 331219057 271951339 10261619 759923629 600426233 273568000 242754304 593434385 726938082 409458319 276927206 555644370 935402163 903449719 827733558 614434731 670547892 821754106 840875130 223724721 953844158 999927127 24551785 708700765 44377505 448692653 559249346 156767157 981688744 945454678 713049414 560404264 699761200 970128607 135878889 907652364 257938019 897024528 952545866 786820259 310484404 109633184 415479559 993582472 240742101 173500045 55414836 458180492 808454391 196186872 211133337 59981861 468198872 931921013 132913903 167034165 581180529 462785665 189969214 619161971 182537225 913348617
100 93 645788804
533540037 495481061 477117565 771531253 18261433 765467584 493286700 280072989 98255226 917670305 348874382 456688364 311376201 289825801 875257150 926246731 574291112 537094826 60001632 585233161 599774968 782222150 97847288 988979795 742791188 399590744 493082563 656772185 733197958 155905671 797187631 120535062 463969074 635933318 900131943 761412901 656262180 853229676 44933465 557850672 965038307 660358660 756515111 499225989 215209055 166111932 794065799 691774105 724704750 130013573 228871638 104624968 113554792 520515356 1538498 390767670 316637908 120676375 538874047 751216975 411933410 771668397 137710245 927720851 960705768 935090236 227255634 504596744 242194400 300557592 19700945 89251827 572431351 534188752 709325861 509448995 608971206 215172489 962074440 377010385 168132599 26463372 675215200 716269026 13541978 133629462 26466865 127903230 862848557 45633885 724357496 763217716 55281524 33947330 996512910 708724410 698538655 885473443 778952283 897454570
486744943 579866329 840527630 299816115 203089021 905121495 439189264 21905990 149251619 444330386 713836452 135193131 358966848 27071719 153330667 942551398 579736781 893432135 486463976 54536753 739002758 787784433 749092507 551269395 420415322 560475967 171651608 478243966 786537860 897699571 506445577 262539375 323133278 501955309 615944459 468529792 795502433 670783830 535333683 441351051 701779706 931733274 765006482 493229038 725482077 299760045 981509676 514126024 245423946 413519100 902806058 292733138 33745425 305363129 149361518 308233655 769998664 542682821 519629870 977908301 271694773 154706415 490800583 171112188 653636893 269975264 588720602 33234297 527863694 971923821 792819668 726417086 505213845 109831180 476277816 339410061 427280841 432579279 25137929 901454315 897571306 885323429 115695668 767610330 104016858 931563802 743716495 885408 487858537 402060625 474355929 252936163 441609596
72 68 647044197
399848546 737882567 400328549 911368917 370986782 693573792 524384918 588766888 560921215 204101719 797806475 701331939 119289059 888638692 805826762 532813140 779835739 401344194 407484518 876085189 772232430 969585079 267634066 154576240 687321673 775417903 615572708 419472778 68978004 341917058 719285448 578233769 840444411 733943926 315468451 74485537 74085302 836715307 420634907 99254830 619558523 831629793 948932674 455370366 388070092 921981237 861336931 587497360 611505312 336511087 350123478 574066200 659114657 488816254 526978938 139793728 29202135 497052721 177319723 441625016 23196930 843075116 750751899 388343474 650959574 746622724 449071906 688472254 566030439 495621469 478998125 388964735
306207549 485180565 894286196 801797854 133986580 93302556 333497175 887654716 282371160 994178830 409290005 518991714 127432906 456365645 779054895 444662526 961967222 559417835 296424437 832790887 499406246 14312015 174907189 101541285 33802184 833576530 561269019 864332425 280396718 603105069 225466514 600558783 794859250 889126457 183667959 507178043 293722898 32918733 766619194 739099796 587243469 709249443 757470544 993819984 299611158 410472601 222534016 303317565 5225518 399057664 905074719 684368844 612070714 318247321 731471265 378956870 452360750 591808339 753204803 242145130 582066700 562779831 418526467 338754795 909342579 752255249 567416267 554204498
94 26 166005638
422625961 992050761 467060704 384789607 177734987 383554966 610507372 605939429 253722301 702117776 758914559 888118250 722160198 676737908 557753750 509670663 445671145 809241464 57631897 31566324 325772232 283359427 748396426 118093991 983162120 475587865 689162915 770218356 112314837 892240542 351979891 446034169 722591730 73757170 49171932 498744040 136200606 83024529 964075034 406394854 648732443 344746490 810174172 275817223 350345195 70409250 14519026 600214766 889660516 251870394 918286400 190548821 547550074 820955610 76804944 706515152 5326825 489906125 803896334 82618549 242065289 248697235 666704197 778613053 378170777 900970528 101679432 99452736 895895150 720264851 325966302 829104711 892991041 317239875 343484515 525173336 719919937 251640569 235795114 815487873 72622358 649808223 620572418 343629875 777624119 422450805 217783616 379420719 966324033 300291302 164863853 709041789 338564308 592700516
158291458 373462474 962942498 349957120 216638387 783773684 896538599 433583490 468086952 674576076 812853747 732733957 607348410 677147668 604748096 335451708 552150176 799920878 95269943 974848937 911475544 652371620 151326595 232344966 752876283 298544299
84 48 833760178
495096385 631707868 859084493 966575048 331683735 78535774 590725870 651376316 627164818 21381459 974092912 664737854 304031702 13388965 61567950 319651774 18034296 359160904 815588731 789640345 198731618 80784187 91169866 898922411 367694976 370175206 962389771 101254759 784351945 757985705 569359837 374795072 611099166 408810179 102067664 4031006 27887760 834476084 509569189 414897171 326311221 592912291 777562895 453782147 811345559 793742180 909951849 844370203 270688958 479337016 113131608 829153885 230271192 986574335 716610765 979093283 623192875 484012838 832427288 305019846 641729992 4658519 973095961 885656570 796957862 464806522 905898993 435233785 802893368 613855230 749212501 372471114 617149374 456319040 759175068 887818263 307514546 506356764 15358328 632731808 564522950 978486271 125245932 629275594
568929329 616842270 15405472 858430210 92441860 423753606 110298998 214007242 753531198 187025846 890004595 87033329 493348513 463408565 881976283 614724990 268794969 240987099 891399554 148035168 772085630 200766111 265668610 197586651 868380075 160396821 964285436 133258016 514508080 354198237 993634676 644694850 140693374 139528646 917442179 180135863 837499240 5440419 14738734 726700492 693092421 537442535 411867864 743372988 111104993 423731228 302868176 469130484
54 24 110799109
338566360 310596299 979745475 511249037 616558768 633133337 382170650 794141001 76960086 213808558 286043369 989681734 332848797 292681813 410092531 890105593 474718072 2269551 886003264 885787690 245077695 884920601 708155743 291846012 199930348 738673409 239941277 9981785 647272245 848628122 783519675 190724598 945676472 113504738 842224078 234317687 198884704 877983759 63663593 470539949 902543042 602806066 416793475 168394541 482145090 900704401 94113153 358802119 466936619 166263801 555017998 11526346 231138099 714302093
351446591 322765318 122109024 52122657 897660600 929889257 852533208 415194993 573822666 701190623 802816746 314600846 142660783 575550403 996903122 829870270 540223349 62586233 358370494 802075792 627865611 212761404 398486825 222857685
54 68 21665037
814244965 272366370 859020139 127979114 563701899 64497350 914743068 739992815 2679739 906504504 283877070 288855468 25066826 954375565 931505360 971039444 56281978 675093000 982027196 893529664 280827943 200625576 672586867 344795468 269175544 955376251 391896541 553248332 964082907 166231654 57082774 239722980 510148495 733182690 430832722 118556440 146271498 746123447 59854562 310568840 814869730 887902770 894845848 484678774 970424274 451298799 431720797 229048984 494700107 692827491 294114529 885157165 290591920 61192370
832680442 247848643 819403916 58252591 276187007 481741356 118898075 46845230 241565436 20064038 200544342 561535332 518083677 164811572 894740187 398161344 587380101 601941683 319348237 623860345 323354212 437861743 233594388 946084296 366414782 998082767 196204707 864495711 711731973 856713899 98995675 351328798 597563913 989171900 874910223 242398006 317577468 119090103 341346995 505463393 135547475 36981720 185323573 107499977 767437910 268886516 551031480 601601310 937049853 967154318 434480844 76488724 924256788 520165419 701085411 788517604 212678892 891827739 243494174 54376384 70259035 375489769 66839711 450798665 994537724 203189935 150657209 487877264
76 19 629865976
286487871 859023077 700108349 911634941 304013737 919912905 279313901 472080669 781068689 449760523 859345666 338982769 2383717 986411722 442579336 511688426 293501054 632978942 209314815 551852612 242281132 792392220 680874727 88730378 855988401 255990274 977383549 388280323 467175258 53192518 432485552 355708573 828459358 844932198 525709577 631379592 604106511 881833619 699845679 514994619 861842383 408037395 311346412 73439432 637528223 921152919 550302598 874558720 558026755 401669790 526117286 617561773 752172425 396001389 842213027 792391002 754308497 877513286 84038162 808467188 730316481 765187277 564161011 833318772 347684298 251393454 839461527 54708073 51778468 919946220 20077689 677723120 713374934 754410188 764900870 448782628
82333601 420790070 484956516 821320192 843640540 855606431 935484247 814895672 952317772 709372499 770849655 887029669 827305816 705173987 476026421 167638458 350977168 131648009 793196131
38 8 626693366
366218598 606391285 847080543 171597020 876301654 408068878 127487595 752439746 696607065 743969573 503915752 344586521 167780312 462657527 785907784 981312798 173526155 979838189 486195602 485066385 159186099 151061591 203220867 823950265 908037709 733253459 38668377 681947437 382556082 661930514 439768194 661232368 923515198 157634981 460322422 172709805 189771655 789068237
488508147 11326438 225272627 180214667 584290422 711813132 2310352 574618320
70 29 517736885
520484595 737183804 362870448 366352559 475743067 137797090 199778146 351274496 225857605 261628464 209474563 254094771 28874873 439552897 924299110 718049100 885187137 770123183 530468422 925283027 715325172 552615914 115881739 77121797 307179848 844656394 456173600 450884175 884666156 297996600 978810776 56972621 798907189 745857526 956728886 392045733 83914863 765090104 487702591 706358119 695547701 441891356 706935981 493281788 203985872 234583050 755512959 531897563 222138596 181746888 888055776 395332124 466657007 350746539 668296109 104823095 348390694 59193149 116910242 667515671 307794843 357825059 457331 33898355 458569033 411183046 348623535 586598136 47949572 914665977
583981052 488228701 868398108 544800085 456831153 372127587 974296669 648099048 134556850 736785502 543759025 306397776 601106270 71638955 723373852 552630072 94892658 380251713 209826487 671228578 277717529 399488675 42229513 170230749 794599363 577582933 796549508 676008670 64784072
6 79 302751133
934798682 47418876 752760476 74029973 522660412 686455516
599151075 551217721 733242443 721776505 167156775 649576095 122757523 617258292 101507744 33795677 140564205 944578331 528988777 220310192 573687638 65897593 280132696 656576959 102126821 751287469 707991824 819761579 285886698 133751270 364969476 384270590 180895973 704167206 111601971 991145682 212480374 689927943 204622640 771919350 889386500 482116287 365771136 694937078 335948406 528770859 14942543 189244932 321282255 152579939 857901926 639634717 656441810 145675786 12748866 14130757 792190624 940333726 446409817 112948127 430884951 566011749 30899836 303346924 973499932 95930828 142821628 920840752 904881077 83530045 218899560 728895994 19220644 725437721 812056854 398655777 87609610 290324541 332054216 376248628 167165614 138739825 493393770 667469396 374664469
82 68 996896992
949648634 258413490 609125150 535431637 805767425 428870231 529035779 135954412 667644128 770153075 446130927 931351109 876156910 448430984 142646816 91341539 540216731 951098514 395165236 662600087 317097994 101750659 913019472 185996856 822781259 33463387 307935809 182340510 574538613 353595866 275340464 106598582 958823654 295569831 507029122 468873890 133429616 152367402 943199974 44985725 751635293 516465064 724632294 115697150 268111384 849006269 914493915 210082065 173929987 152057890 730102961 754147397 528812125 255285579 604305384 208894439 515167818 546744496 282942958 572969921 76157953 746619309 491726142 226523649 816852653 202199508 705176000 400428661 532717923 843883078 21845086 732576700 993934954 875654084 735300459 18679928 630278605 832369373 530134250 232879563 461864612 716890129
729029046 711788910 348614570 562758572 340014965 385990853 888131633 503760583 629271004 768010811 92137974 804802676 869515051 353806157 1001015 307285683 514020094 123988344 80864909 317271428 113297502 39406447 685862359 400434795 215930097 13882061 690036450 313822071 508978304 770121107 474337970 660347801 64584835 842680812 617272512 455077213 991611885 884372819 624338056 771242007 917592502 855487774 412081443 807754623 481456316 198790423 659778235 822223777 40910243 349309656 270554166 173590386 951776808 455884083 842162286 297422609 312648839 343683867 915810343 430443141 853187168 62126868 965226843 480798237 143432439 155412068 661152100 289380950
12 16 78949119
153122657 649589906 857651597 696803829 514801420 229290678 632289810 397514997 807858488 490476851 422522707 511109480
456098195 100497042 972901451 755353290 560470207 98410826 390306534 58927763 340133661 662685417 191418484 877250545 535508354 544151190 757131536 585239157
16 37 825533839
125463371 883975078 117703619 143749725 747695692 404029213 619139013 792407833 530458675 248400334 685648527 594968501 18140508 537663374 707424792 830412664
52725791 212616427 995164265 63093331 755507650 962543621 445288490 451680307 838088742 912512671 767292263 526337825 615475235 677946762 172456931 720160202 86943909 861092098 396306946 468094774 401528763 239916714 261204818 362728488 535838295 847769466 917685713 373074717 627305901 405712000 366295666 410657760 592641462 584563516 237454987 867586892 623550479
32 63 966624135
517496055 560396713 585516065 191098349 621955925 573035482 626898504 1230053 187494736 118799140 274736733 393721954 677541398 572863105 409645101 506122890 732437305 120986189 599564193 367226759 411958633 950445847 211057974 259276543 379089911 656572341 515952916 941803188 467001080 408298826 84749029 825437063
548986734 106218185 990545395 877171601 446884503 127883800 295132393 709230934 385654074 45821627 754741566 662006630 281617587 127197400 868132786 624590301 67617925 751043073 308121366 638769924 614384138 474484836 269167526 92899843 808007913 673315815 785806308 440456576 43253610 322124290 225560403 748423122 543559113 764912756 188256899 340830184 18005201 580021857 949740475 61244308 335888519 758236053 33885342 543356364 1890154 821118643 256885414 867569113 635798976 866388611 187063736 986206079 98167440 501088727 113246505 290758874 964499716 303353911 201763270 823639746 879434318 688798785 60462926
76 25 897971319
290399344 486591536 896967264 57978936 845562507 85587339 809275709 921556845 459492887 164932288 806634532 433503736 580276057 811875414 428442828 194232192 986012375 543263573 657466803 514090507 306743694 183890141 651071256 631382385 107950354 852344593 800686333 875785201 240956524 371564327 57254577 165365394 41739902 112385757 91282798 212026124 731518068 74141968 301986253 262395242 80628260 615880807 151075054 658295923 404304904 574168950 680089247 852710077 438525128 254659988 484569530 648654238 392450145 331300995 369062108 163912191 535098578 858597416 890061961 467835412 614969206 859121105 2191784 397155058 150259529 621905596 205207830 395463777 66732033 512779663 632352325 414501335 290430378 99097898 164676873 731759918
242787341 818141268 985091520 17434068 676033207 232253961 982111318 997159996 455876102 165200962 255730435 403397189 747655933 292450192 323109301 476707857 141882927 112555126 405639436 886274870 923438330 711493822 768935627 597170127 569808700
78 17 822183277
476171845 183249771 783958654 943516853 972152599 425287589 876838348 271077734 353567071 81464905 432885472 220908585 620728446 171441275 916898442 995001998 17896928 746320032 24595183 655574621 982368966 403603307 570763554 432488331 484173951 257166466 82243245 52704901 941525824 217659849 92516610 805360055 436843132 710229207 204495971 354709429 106901725 623897628 228386151 467921588 217939051 37754828 905932909 3717613 966008921 870715199 867588998 405218615 536232782 928811185 890736453 93239042 841848002 180991683 137046395 643737797 469978682 968950856 669037699 941268752 742171269 506927230 512559448 302630842 548935280 135924663 136799610 783528086 48392494 91661352 795933999 769998555 873455183 743270051 67078591 973601645 210617766 303179085
201801469 666943042 319131177 25396526 363012421 883392672 203488232 461429037 239047290 102971072 290381395 494509645 859397848 625959456 351948823 66151193 933825859
64 77 97832887
406173204 41299479 569470814 861323282 70846043 457621081 32938057 719747015 323130889 583593753 2397090 217060192 867361070 925162974 797889205 646173022 537048176 618047952 654288853 21000708 982737062 439317437 743018488 582401490 839239918 214530102 754822406 469873421 470547193 453365576 357434074 829191148 500819172 567111651 173778188 329188471 3704530 438187690 453074305 46202534 24268802 801440319 773373568 86870339 686133406 257145321 602971010 243430727 347054 66101784 185018456 982198647 983540491 906026438 863159808 976441301 559625862 952547694 517046432 453818154 777298337 220292012 155171782 122742919
520744293 272830672 270672553 134271523 589274807 45758734 19420619 421075231 909574260 183719347 669967658 156752315 512819892 163942501 597766330 780374942 42783614 161406625 225155185 768896882 508709049 742742399 325512988 28297922 707362131 986145439 528368171 785901713 704180806 613213967 154649385 639303924 283709146 706032864 787518995 679986450 245309288 18265119 170065342 270726975 91776994 251121097 211059827 983853864 79455693 466407101 538809433 421705266 401563433 116944629 574605983 357893560 439579126 598299787 584831708 378703270 305789028 552474307 171844110 216003621 674581461 922841780 669972334 941741746 203246451 747832247 992391824 107297966 121412603 758877729 533819001 799269489 983805054 811088325 115206403 819318312 787376531
70 95 180270695
871398151 694115267 692399340 225162796 758441253 378012780 144776276 947095511 597173783 894369975 363034719 193380402 641953596 660119889 854835502 807288870 63112080 812827854 938759236 157022885 724818632 624089144 788198865 798111946 796813303 769422091 623024265 647319037 962207198 717150559 824957195 689045528 561377877 44126293 651358209 244108773 328257437 689240010 494862887 348900493 300604411 371114343 519333707 865654555 343396450 914214563 685216560 332982178 280208156 285962493 618081125 769731594 940336260 689068283 270891168 595400612 728380122 219648457 11552085 837127823 513671854 384565037 641761921 638031946 344764345 523002493 563908793 587207910 416010055 979832754
376634778 270048671 117995168 698157835 411172287 82557862 446155883 625111129 278859871 626318420 67936692 276804337 142813224 666205417 262565282 63381239 633947368 484679031 293027097 333477467 916326827 842297622 264425036 592926609 973411786 795859241 22646452 974554101 11593098 962818335 965290709 17304665 58154691 803715152 570764244 414794469 748434314 197880149 602379680 419548041 845345641 898369509 365978320 933951560 715051819 512977276 945075244 733423576 654718017 542616178 359751099 241873625 594740598 353538838 280573548 625424852 725789493 939606472 896747781 90797643 125492795 348110891 6785313 43674465 384254548 527689229 49583060 360691568 100704873 962416209 874488440 606486073 86860358 379021610 894956681 524084139 577364725 486083233 108276412 165856109 128523860 739177008 717517145 849159279 541000970 355003434 99595611 781598667 71313549 430838832 968609582 566309035 153793313 648637699 596417819
24 53 13692576
931253866 863306122 37862667 819590570 569231993 747666890 290018612 426698161 708787654 479101622 130822506 274465771 74562465 725434673 753872272 57008865 209028897 921403096 869275717 944068496 274717808 197798081 835100451 345092925
101050608 583083015 271576442 856751294 108727408 835533485 288238860 969511694 428180740 502587645 345782263 945115653 764434855 183038669 859976740 463221128 425464775 96464877 89519133 125640259 698352734 454202225 551681073 805129866 66310843 721337952 754518659 88323339 505718508 792679290 50903490 555168293 739705586 432177599 998647471 599857840 935603635 320275528 691374615 320207145 503420529 293376947 542692379 397764708 600848273 694625755 916307558 312469758 755304941 913042614 140477375 952466580 729242098
76 46 52537648
94780659 289399297 723716367 506285260 760034174 633067046 196358304 626835965 789172232 647671652 278284478 382190886 989027155 749542164 426908542 935333339 382819013 428822676 639855887 421286910 481908456 178772967 749453660 81772898 645696363 524018302 497921448 260558941 199549115 464621613 599524699 716884627 602848896 682952415 120403610 706806984 650844873 402051242 565730140 185576667 30782908 172946500 25408169 171706418 925671667 879272361 625444819 963779006 495888210 801695164 133717070 950774760 605587089 904124815 193248575 793913018 939398609 102946228 475850354 887198707 856976401 275062381 812035922 769453084 497861157 566716264 95029849 486729870 608021381 334517931 601214074 146666843 290880916 465916238 338850120 769741553
301639912 925347516 974218472 531690474 526081794 659732624 580839827 78975070 114282317 791657377 310832589 359299277 268481822 787394240 820726110 738903814 409088978 152648279 486772174 72593117 874575872 198135940 951689711 29223742 531602083 348132606 440284715 955236769 695987209 299552386 368257917 139606110 263913630 833835797 316184232 87938279 539635016 106930505 629553457 568697752 101956311 552039559 858134250 702709740 312501637 857279332
52 69 653728310
260178872 754995051 451347781 843605482 235027321 355120269 195940389 186233871 566072482 567766142 464634966 983374731 744880634 174415392 43154027 805157467 603558643 785277927 611153969 351358484 979823048 318220261 142336551 124190862 132200023 292597766 483332231 296044638 399025612 311852671 289457290 287279636 308641104 108180864 937304195 786202361 152431850 865977367 648388407 150614618 201848902 193177614 131284357 487599466 495441277 673855191 792292516 304848363 20992372 466409333 796667193 776381610
350337470 265260104 714769755 823691174 648079691 445542132 504423722 267934616 119962090 98541482 748179868 525666118 740027357 858670854 59317403 701904482 645175512 47599331 619769310 318380312 879281447 128860395 846780741 445876315 138755036 824903288 63144104 872279569 23608923 445064291 696162695 668160636 135333340 422093565 110249209 888253490 952447204 39147279 143289842 628851185 305003134 470473500 232156782 131220399 421072870 711327622 849900637 910736603 257715346 933339409 60830202 106114695 932757203 435713901 313607035 325568743 240374871 312968508 209208345 409430803 460881171 292224818 267168263 419758759 394870197 793539008 604286730 202474774 55502293
22 8 401024534
931861301 343012370 897236705 742480537 746763738 501854195 496136415 864935710 457198707 694327229 458169364 766705112 345665993 510793690 281055929 240800227 427218571 38889754 140993099 401373456 337295584 724779976
587640985 834131871 249613605 374585869 466383767 153202851 789255725 277746497
24 82 192853953
909075350 477175467 746176576 491055553 94706764 484276378 970060389 915941181 244634562 321067536 589537703 383368017 673553937 456198495 358102360 998609464 406837020 942531750 406387139 541510153 123300646 422061431 333363589 523582561
335055791 428464451 868606056 476544987 568980446 812283463 892589777 390756989 588555288 137888641 204147023 312598824 816867153 764407639 317186111 160522605 647724785 985328311 140885457 159340486 394355105 263737317 830817905 490373565 98463668 549589181 358851252 12530476 544904647 165290684 208545730 418687830 778833699 795716410 202945638 944201036 801224617 793468339 634018340 162650484 374285717 210092725 957336821 481344857 710954013 754771982 218237403 202659376 889365766 153979906 565149176 569582687 64179390 653726582 765900413 842923087 560393000 47173751 30762172 995584707 9563478 44262909 363329811 807240197 685918071 601106561 129092126 816889953 497040492 403898516 891319868 482484136 413034793 898462203 803938604 710806689 50356740 228165248 68077300 433067665 894801080 941486182
26 19 636120954
971890737 568832520 255175723 468389724 912288150 914276864 325676879 63864452 126602332 698783387 581342662 269465144 903080842 161235991 249097379 301252469 583515721 950119763 152640347 861439256 348322158 426533804 705713018 880027650 24878502 984967088
354527039 951434882 122923950 224150346 378920169 641475486 173051874 168795088 329908894 294465525 967308481 315942326 934394824 120385768 936626744 741793626 846670211 855182889 665485950
62 14 572318573
303222173 535009636 341943761 79238573 597209314 822800893 55092148 553730512 513559953 379740005 952312134 812439750 314492405 521509161 885783868 503611270 653258691 677447008 550471772 341995899 462095442 501475094 890228925 847638321 216149204 687654583 938485696 384507123 932267466 495128769 556413898 437256702 186537423 220426073 648226321 404113634 223454448 50139516 559898436 254090007 453989865 39938109 474406748 358438687 931064040 49331705 437718893 657762299 518080430 686965411 598802629 836922991 380150729 826449817 72226033 767306261 301048842 248113769 538475847 156623015 784858237 101189635
501966487 762088958 857976953 66447857 970789989 733261272 42485658 630984496 776258206 605538729 460733894 261832241 450223271 451178428
68 70 269914130
751643864 815807852 62127657 795839707 594810074 988884361 526291301 490571851 3881290 624840178 805620680 134041814 362156923 502912335 464884542 978727407 687760698 880930673 265846692 116622142 619211154 619898449 951253025 989215649 414516930 462508091 239836762 182422180 994255879 674200204 944318649 908895793 375104474 410188716 155611709 893331019 89953962 415734722 398385987 984905526 540167396 105906642 835727564 9692788 247850444 905898032 390168948 430539483 973160039 194483500 991907003 473078842 84885028 125492464 297820114 149750669 823781174 700993535 405251043 716225492 640157446 689730352 120721244 961358026 742207364 750063576 990719992 124268029
534339119 600920778 6377933 794779120 414346285 888156304 780881533 290830258 134877175 872337790 109586213 98774487 638860913 209997701 768383220 379966710 512663264 685476989 16322389 350077207 112369022 694615425 650191851 208047753 798929569 908429226 895460516 879612617 282680871 487713099 154502065 100564286 236798855 838255098 391973213 63686025 920912902 451141849 468764775 368493782 801581364 518801910 223569881 301360126 695275898 399322673 22056435 558269310 703555006 312347301 746560117 673963748 900879319 848500804 671938947 948228964 27209519 836963426 942584317 322165370 413438659 749662397 849056757 825040247 858562653 150990640 8503145 17738126 666670677 288530357
76 20 32185819
144243073 973085050 134693156 769389990 251399517 575656694 886175698 111535917 664572101 228489653 929203997 605021259 732614462 460679853 217257036 667892308 853901329 441085366 626319055 183893572 451288535 156873336 737644679 346628123 811580717 326174978 265403806 317637391 114037341 156675598 879373063 624996254 993740278 498348167 412284107 955710332 578710385 880404503 718103462 230779740 598370125 86187120 682592093 637098932 41303299 55779573 572271520 3357953 886861792 975125210 385558630 279373513 328317252 533196204 501229617 832645925 909906092 695966003 204315662 589129178 25338037 924379049 26848544 437469809 815973562 639722166 854019979 521637453 903502400 531208680 436346 390580561 889228703 138226090 534351736 776171631
995809217 366830380 967566454 491215042 367987371 660587692 920250488 892333537 26918005 416635670 937774154 906078585 722385273 905188589 438999415 380866867 648608560 571449212 779621185 711801600
82 78 584409816
773347784 246778164 496004789 871049084 664514738 710504941 470753115 1456149 706551126 592605283 327180172 536781489 716580609 188307332 771766997 263941325 602809665 418293268 311174632 335885931 115731112 814403883 929881217 263505706 487171615 681279009 190236252 428899753 164479196 569877512 578644637 96267814 66362029 824211639 465054977 150511513 207476174 388881026 4999398 748020407 842061116 363812088 651475348 352029419 198613881 343021001 162980194 211832470 862529805 297600016 410149608 246286975 376729280 633851105 806462827 287332823 730144636 818576661 432841262 577916289 548439220 442366045 53357169 462389620 192397715 250650699 796463931 444130981 432503567 287770531 865357393 866489018 492641364 414257719 823683877 736503995 455321767 39191081 443970998 612293144 922979376 607133963
326578132 32396574 890096809 487337715 871411799 885746322 105237034 958110694 177780101 224149501 909495116 797778647 226657936 651220158 661735505 642116155 268506592 504062553 580426101 546572718 886464657 864035475 853233275 161534407 73736968 761784655 660080636 114465780 28165249 91849151 27616674 214503102 987795706 834518905 797522909 344343816 710271664 948350771 55979834 682759495 540239350 534555048 684119471 57956070 480273520 74845552 649863246 396564049 560809300 96764178 633104248 356174680 426330947 652057827 558125215 186530020 10966864 474804343 540045294 282200222 180015084 404004675 900972809 117373502 460618905 106785296 729778370 936877913 447118131 212327929 182165484 235198450 475078884 418298485 359289003 108402023 334708460 5183336
34 14 737645224
440485767 322652090 901255643 644707171 701643717 109170761 396752957 275520004 578751779 738036811 305225976 324923065 439183178 145561839 133146636 315403869 14909162 115053701 979869379 754622711 704310755 138072893 920055523 707234491 155329738 253434885 735454318 104710873 459637302 686606936 62447672 867513302 926450867 509887433
71628439 411009098 301292860 318236509 827565526 85308260 721229337 546487525 503449667 875289447 62567679 974910498 564574989 769256834
22 46 360188585
929342824 574234442 488730347 734367443 580420875 7500299 345632269 148462452 669688420 728680058 585378191 993867578 529413148 501458432 752618659 428317209 790733190 509494457 386663664 21519871 289367961 624452019
539834460 673031437 187965091 821337550 917174941 455010054 422410630 738010730 458432522 796679032 282819139 405699337 987852482 669625102 652052501 632744418 815252247 958375699 357120316 540335071 147018754 73325700 586380877 536017717 672476131 622485288 936377889 300929723 661621868 869643191 422857676 468231112 533660574 509519733 892569323 476980725 532411658 96579736 70233874 225966895 304919339 986719438 510454041 931205395 505579669 86745614
90 20 884950167
533783131 822649274 424285145 445387528 395573529 819876708 556565362 294882741 256671479 254859425 913851299 190171975 916000295 740692930 873442356 565885433 422390125 238300773 215100538 522025051 437186752 902436912 134149739 864093945 972421298 769630406 842145718 334704787 736260753 755823273 635798173 537040304 499375523 551389988 963613856 823000590 724821988 726328927 524244575 455076831 574108839 802050433 697885745 491143575 882759308 986061822 255107253 498955926 625409054 468230861 178986823 104695128 29946763 118972320 633313540 155844760 959627365 748240949 246423273 722604778 381343593 670085999 432375732 135600093 143571457 438117140 623142639 223684895 929871232 807626586 248323734 637230501 410343322 114211832 379839736 453607304 397802213 278638258 866417272 380018853 443184970 835213471 773546110 157717319 944734542 248125814 187613137 939164449 167739205 91189549
958195879 81982968 690891528 252356590 600656862 608776325 505932439 683604895 221537615 733399692 627111128 529454345 962000998 30296697 509097740 2279338 460945577 205032330 858490847 602931704
64 40 549204197
644652196 235997074 58758830 347034184 344266154 252675065 758558586 157326507 612862079 579699429 594217521 81936034 490310629 934397735 6113141 211844046 608558539 105946853 635397023 279999191 961360399 238923368 521509743 415786110 915468875 828117607 139795038 528429232 996630809 375445337 957914342 63284835 197412388 309832970 901349942 88958776 817727502 820754504 79830879 390223891 629602979 179115901 559142599 50266115 610119666 875067060 615298232 560564228 470560573 867943269 390724352 69188893 874604652 623498410 242012178 488332513 398247928 451943098 524852086 635079126 434573069 521909557 545412350 212460560
165542222 135029970 87499530 525633932 241171382 363294882 310836779 207123905 200324297 154725158 45451124 993058301 43659684 299318037 962535878 690357741 897993339 77929918 474023724 606860492 928157190 222712259 256286984 740090511 405882488 159822300 333799869 709923314 798946461 538231531 297366749 994106402 499289283 999533708 36252510 113811369 429163688 295776284 637057946 215017173
54 41 907568287
608272435 645781495 160741536 177480536 981479737 336707542 50298139 827398607 203104311 513114897 489353177 553077060 929836725 485933548 501817032 388782566 766006493 863275491 621412815 424574084 850904315 801099759 185296325 345841938 36812352 100328249 621022824 626307238 923832375 538202216 193436379 36521104 394063634 806879359 448530016 446366317 29571312 284218165 39045826 100627796 891742678 581528080 509279277 634837528 350054145 207676689 311497684 120876576 394000326 173195906 979717788 124787429 625147546 462303326
118920436 119163313 370031880 135022628 773006783 773702766 497466034 661012729 21155075 248858196 400811327 872644487 238300618 593629038 575207889 724061866 845178477 685948652 476805122 837054762 999099398 352913585 288548950 447794939 418063891 296081384 809909879 499985806 794473599 139489705 230569075 141850466 357602506 24616734 590299441 310201380 937804165 368642129 792392902 484798383 29951729
10 12 559816898
355287309 804563390 238417894 647968804 186358108 701531790 256309310 976020392 298623451 497095493
611319530 501654003 4798574 739457928 68563480 1782488 793014734 994108567 357725966 45674321 385469449 341026168
82 45 140241594
796885551 583465538 550732361 498569254 255041165 27265309 842001777 671571522 98998734 63770819 78971884 214730105 496824839 963816523 558578534 596094363 346010950 158641018 1335593 264000048 347601074 876309405 840095047 947688087 579497844 929657167 303246592 744067753 96148606 270460637 111811545 459731631 344867170 823720929 726139551 65118678 321957075 692162581 719111245 42561935 228746689 429049936 870897322 963236809 37637953 77017956 784120111 916544442 546796333 332410850 880649153 194509317 588030215 794527757 354486494 386396149 626392062 356427162 415821211 78810667 47412340 578473144 134367802 311687016 868222934 642984334 227259456 524785546 956100126 901241816 842242715 375913068 544919528 813557429 344335572 486531048 129753177 68242388 678199509 513423436 85422987 844377179
462428237 860248556 475400985 584033515 29109881 126256716 229088541 807968004 405710847 46673533 910981943 768115663 497755165 807848961 522865577 9468518 364996359 585228695 695707609 256901481 690208778 465011115 783856472 550880354 481889610 343450895 49493266 490187785 13924570 795992031 327445225 765545657 723734021 179676459 799048270 374820196 402262644 840950650 393826404 235424144 184901292 253783245 316928348 298861458 624827140
46 47 744402978
357639937 410110074 146239627 725865530 313016555 568157798 847755400 78602580 971482806 490760934 66100126 383634931 379789510 240577493 44228984 776827880 680687160 73479362 858418764 635566053 791055337 582496687 887121908 377076274 219315319 480283384 635874470 741707422 913954264 71108495 306110344 902669210 930212125 425121755 741900939 195247187 386915865 17417978 625570977 329723744 944657582 774367872 331003516 177201690 872536607 852791752
266279498 907947127 173861126 540313803 675437294 154061132 800432034 277319030 620841090 107153232 730659932 837046233 618926994 725934480 410745074 818852211 49250908 624632804 590621935 246542065 858496849 608333732 382739937 25577325 835346016 415874613 883810926 440930867 541134092 790577918 6620243 177358351 209285842 153966184 658592761 238797406 985819321 237933529 455696778 797787783 750476661 267206991 275745752 248895049 631577886 710008282 69062890
52 71 453325805
612180664 211253993 661374886 163147292 912007034 745759347 250208391 888295242 253818958 386370813 827644093 397603249 848408688 329128538 59589796 699355535 56733528 934249681 921081954 466915795 871291519 88133565 692187555 403843565 518892277 997814773 231798894 150388842 70006754 593900328 260730081 99075964 181852677 616507088 156390364 641916168 912378401 411622059 309127640 876464369 34307515 947022973 565107087 337542582 266856473 322051860 2204747 96899941 78530400 633936820 189795756 65219563
359233656 950601688 906042384 331846817 682186235 913604865 445030843 668271916 175038425 839577400 295441177 820372788 698310869 309534665 681338594 297681802 324553795 662714703 427364582 199986216 67914153 540181398 329228397 331240085 401682673 679630256 521197706 259164917 673375254 594889715 177247655 568804646 877004103 79026924 244661266 147967405 218691669 514304409 971475245 701810426 597492308 481609600 95073902 393455159 975076830 926291724 677565562 631988629 281592364 693149419 40422982 248586079 420575243 487759527 921773135 90786694 40214271 782871231 58938881 739156854 517374877 606516193 856298974 190026083 823908913 477261043 927162535 753884663 870669006 638086028 803246634
84 39 162039691
412213406 545571384 15290964 846355185 960700630 482462606 466811857 969834378 586024829 876513188 216087854 852453842 729931416 955434200 400618650 978953243 61139885 983268501 589999771 457798115 682295603 981683245 473949121 578170891 978524916 42866974 776034360 904855834 537644311 743662656 553562183 303123126 988795747 527105902 419485421 873867851 262541465 563279903 967236931 679227331 790671006 580188877 338074354 414864013 510304766 890028407 918983375 502715883 163619677 35599903 36419445 514227379 91885267 575399724 478731587 565035746 190919547 7881020 432115541 378186292 16357593 906009517 805786777 50893239 903127693 885624127 347257138 258260742 516037265 946026347 669822607 328243106 180958980 263163030 335287282 322084246 657048912 363405912 391857301 271180620 490444442 852055080 90195043 87680895
305507863 924985753 153232335 823954631 725000103 455047372 15281002 323431187 179185730 546519752 548685114 326035681 403641168 23615599 75016659 541296810 155231132 100856516 491630449 549098618 860957748 592309392 246890746 247358733 553854980 397723089 671980651 525834857 787204605 427300467 229365517 465201093 162312611 811877862 295422323 554340908 187195319 955085941 671600874
92 80 990178194
500305300 872331064 490583615 288059733 556980400 867091946 905788692 426451739 219874986 121391672 30340385 392611023 36086814 22164783 526639790 61631653 637538493 746420867 300150206 426411459 702086176 589812538 498939655 791671159 386767319 80299396 995494859 179812497 689830423 525111386 117804728 879103651 278721544 71231251 816778773 214388161 875060969 997183035 673256007 979236620 299043010 313015720 898465569 827809088 355566865 354463088 334836720 328097213 532099915 546370111 884414057 954004167 313905849 114281345 991778816 694246884 471836280 588993053 656891762 944058862 999401693 148874543 596504425 43520410 770909136 781799055 301511453 633759762 297973722 812602024 595830231 40049117 395056515 561204452 706399440 989762740 28338385 571941595 676265620 409471096 535390882 429194025 524897487 229325493 943601511 621004098 746856950 934384338 912288540 160531156 736984911 5725050
100759852 449726816 42674980 521114934 606460892 792043301 563947123 462723154 392030423 518835449 244887193 178636914 419131683 622789977 618877032 630870794 921100545 754185012 966170363 633423599 512922363 933995048 88954742 711356993 372967702 326488005 881298666 725759363 449433146 334554897 346156361 980579880 944087809 59455350 641818984 72523924 980640605 810811589 90196470 523304752 321996090 531634474 794774235 717060097 328603266 7758655 547117540 709366628 7036451 264362594 310388384 287632629 155366235 107893838 337305381 84469710 96237327 496934159 119227050 646859604 556201302 6447780 745094838 382048015 638208615 779104116 383602584 918035525 723057643 990783926 200226346 239235334 478006713 759667273 696935759 38959567 209158338 761386558 489049964 597632456
64 68 84124162
630406151 995389990 46076835 475510093 647251075 145800352 901069360 114631180 137118389 337170963 892444744 437483745 25535904 96415182 104938231 84064201 522930195 391543851 666914316 214569500 627489457 255302116 164421315 183849360 76728206 541573407 95026501 316704001 172922937 548051942 391543780 4349405 474764659 632225173 952687442 509599992 492956521 787830342 483091531 960683673 579942650 976916344 951437532 118406946 508931182 259974037 883429653 305317994 975156232 137079763 993588389 412716293 213432721 980176859 133818298 270305442 132431795 874833324 229022969 375584720 650450548 32483106 180426712 888249745
596130900 790479600 201456074 651012425 987006725 734102651 190928903 228438195 441159275 963434665 775469062 598811150 975294908 897624241 832943705 794396238 318710177 461484984 950684398 410913195 385197328 715278907 196422391 730418672 490682627 223857189 82579044 645366129 980567244 109163689 90252497 265437616 945596905 757738996 709521035 242228219 989981076 305314394 343918598 522837856 534253953 885509834 775568987 507963748 918265859 766499247 980488304 667964153 535984173 53715436 713279199 770986083 691400225 98570071 681016525 574433169 693860110 637979451 39017922 970662005 330902088 51570771 328945099 410974353 897833925 97895247 460361188 413457960
26 72 286159131
424455467 879086652 440943299 357469838 685457010 628275415 870184156 549308978 836989505 780235233 544227159 229669664 7917580 55744988 713157582 509782530 678003928 763134281 57597829 433859602 209767273 410931554 961415263 769214519 307987618 538533113
412206279 636459789 519470776 420932355 365444971 63825683 760708252 57718829 903121199 878508646 182302512 626771986 196177031 681240585 345709262 268740432 626360955 748405941 103702484 866167997 601823419 176148413 503612269 526685401 499354084 311676361 496246789 928875564 146114898 695204452 322431822 251673246 800478280 129201514 123529973 27877063 765797801 388209032 607072219 938303462 585451271 386580444 553227216 397394552 466570237 640965918 9552182 925502037 913182485 333754446 115472965 184422530 371570159 77122122 244376271 832689513 253243418 190941665 664792476 187802563 843674104 135106090 902358746 346068005 8321 538496526 104613670 995549821 477183779 91244400 569574457 299129928
88 44 698836705
700533138 266874866 305490069 547301155 101677558 578825137 536205371 769316477 316295353 590321586 978147358 774794335 188671925 382462315 43346100 842639812 222508850 298867852 327462627 587517625 279270420 698608343 25017280 75898170 427903143 623994666 901981305 158381853 143435871 677149343 223821017 770461447 975619383 861750498 106926215 837593709 610223317 637468928 316570988 327643994 155611755 355759001 159342389 811526647 261205732 355822202 406368954 79374533 428253515 918123171 153237658 335769020 516215200 349210234 58577841 360631368 948298210 809360872 510761630 412321956 160009187 989327543 224120521 332951622 558989076 398487190 532886968 542054261 630647874 693596426 245477151 305259537 719858429 377927448 447945111 737523646 973569332 143398503 148919403 323531334 636803847 108027528 89991750 955896440 195040366 137543663 178392181 119960909
477736137 863696564 596057903 250317659 152988708 216203908 442991635 665123162 645566637 847618285 838341245 716548879 333970079 379299530 648591186 194140056 804502679 900963191 251047657 338969397 910005956 894454842 186308758 757735880 896541905 575384707 155402217 253648416 803953954 630224722 832953421 980670818 863280176 352187365 561275557 440880175 982622867 433460345 20201440 961979309 111650434 13079069 559419834 399885300
80 10 152880316
600271387 455341582 804452904 922796782 566977814 929265787 752736671 341946511 374405105 290741317 326490102 217845171 303127220 42926331 451384195 217898657 94878153 984473702 955481935 129246398 539941664 438970939 498105957 526560383 723949019 124939871 787914964 892030340 732215035 232284847 713340021 33878239 470657585 259136875 431595430 250799522 571025537 510086349 665748797 956288101 635124422 444397777 344684123 97928086 416922897 890182238 595828764 496780198 890378940 969547902 635401184 83623014 427391052 31022299 4613212 706451162 616784391 683209877 130048922 174504215 754612406 13061929 242145976 809143027 263123334 834271191 732578134 620334687 48329460 571227678 574496496 33038062 605315191 119077123 630560593 868344 189583100 266282788 516502679 656686157
488328606 868598824 720052934 735215712 669932094 458094206 974264500 518173745 60765503 336659229
6 34 728161610
175337858 644252468 790559633 998549367 948775735 453523244
580653076 499587047 329187949 628440799 324309260 123428095 856770545 337462480 779744366 668962531 947762096 457272397 276888804 970062869 504155817 55008999 459476701 792521881 869200511 882875346 561982559 540179067 191987921 419115005 586538390 199669389 479387144 736202439 187417125 667850748 86840996 79086205 501727622 552360075
18 54 438725133
500361168 749318532 961411466 145354192 607434594 323661613 862501668 918418162 205594607 554954820 206453182 329409401 296291491 781662478 400478614 939257209 232218485 48613029
87768695 692349786 281077895 979808367 156297462 246146095 231564142 178558749 946873682 293147288 759163862 67780666 925466803 604515189 943959035 780933044 53887033 240106608 291467214 675446088 818459583 979914089 499611869 885381716 249105820 291623356 675490847 54105418 897213019 829715309 743436471 404326262 716830558 907580353 65973935 987878191 914606975 607659169 178459929 600870436 815222091 136387017 931249522 688670626 237974091 208472284 986917654 528173511 102052428 467172690 616247568 434337154 839179946 34426106
24 43 821063930
907875016 855360975 407231526 414805904 135442918 430922344 161555906 894250958 484428256 344922950 712046005 112135813 577274032 683077584 264668317 289950129 568174306 400026216 738767397 830005434 248000766 690308485 611256818 401626187
295041950 367787177 683545192 433265463 462995251 681339363 715989078 983586091 383506794 78132840 42979662 388264781 514308965 231129125 997959309 37069221 570868305 370842765 474744773 798340651 717358877 234834530 905226607 838089631 129404489 354232463 305745748 56250779 625334788 273313019 817866963 408048564 225588092 409815753 49185789 947013900 820359778 751150582 134471656 994314905 945307262 612906755 824263359
86 69 290438410
656462196 945848882 227539864 404057569 142392876 918325893 672313597 442504494 804123273 595393520 599599038 518905201 528490353 565657034 398473588 943993627 319568352 846807393 409155418 181944893 646819815 453826145 67244071 797016842 899715688 935861025 933575695 474789895 859851301 391442983 520229471 398797802 445306361 63621802 348863061 342506218 301725151 497112776 472279846 937933982 540946989 504126459 880811762 746722640 932976591 122314132 719362969 658274649 744067898 798153836 602079659 971293939 680975967 968170966 397904290 347899981 985051649 935911425 980163312 704391266 217943396 177923087 712933982 260993360 275354558 906072968 218931758 261523252 287506876 900590713 100519823 333410596 667885396 507354648 617643396 2200326 561390124 582623358 265541461 135420222 961157056 201892100 337302319 852320135 158033608 572081797
889929288 395232615 333543289 6123290 459628784 759490294 72627552 274734581 779172749 653691967 908943893 570892178 35886864 929801653 240225325 960663657 289214167 17002392 970561749 729280168 420733224 267859980 565491863 58104773 634580720 837079380 205660879 606943678 715337263 835810946 672665547 17183021 506792860 203597574 129659500 133633144 757347761 212488462 240674478 241763984 507645594 32848173 600400808 51607269 940122185 28575051 458719654 40976179 11032082 969003368 5925920 636429381 89240257 313851391 734245537 535699295 761044623 650054835 95240964 121473483 835960017 747918227 944302925 219883815 20089144 205236551 949461478 780070240 582111130
26 80 169970103
63911619 733402536 579772138 881029447 282463691 565045548 891405676 9507702 850036519 176977509 668791289 585561899 510319716 345400927 145451139 698513603 697398664 30244827 489126946 847961932 475383607 617724150 409332730 648306282 940051216 293865375
980923054 875299740 355269396 276359123 855421408 122966467 82827593 62958188 174446852 353494707 648131851 68057420 201857652 883707916 941886489 713499063 8241556 796646660 228638726 129030764 532282949 299516031 304624538 952343482 610187269 370094877 371926603 321611003 87828957 895218472 480216192 583462989 9292814 846985721 108527653 282221738 293213398 780999469 38526872 774249870 442640659 719536502 247499348 54864434 878332555 165698066 885722958 442959058 537341091 866197894 162746389 437629873 224668951 958939290 512610722 820105862 631435242 775382975 721722929 627244934 593152709 902448579 115454700 837867835 954317937 929756977 662613587 316511330 213702954 228375388 730744191 709001034 665593117 410844350 582867841 100936111 245050685 299098021 232399246 276289001
66 23 425514275
258382136 161198398 976379692 858389866 449265392 835236920 616596152 60536038 83326132 388927375 16941770 192922992 784071273 57718234 496861111 602312159 110602388 523837460 516891052 947434843 979661721 967939862 331761804 874873204 208061222 655104149 713932752 389553027 740651626 305454119 871172441 562665156 236433829 889915577 704553058 894550623 109436113 45425903 108956588 529815517 62097953 942867553 65126985 157409498 551383142 336685516 519149200 197784212 529425919 715892188 103872436 357799503 734472198 419947218 748854655 851954142 526146041 361212006 421817286 130642424 147954391 283231632 960162691 304668228 974940790 409172186
158218165 578778794 213350089 312145726 507290245 952321401 387622693 142843123 862980913 822829 816196326 691388477 737494620 521212855 235162381 514067243 276657200 744361866 639226946 690430421 910807872 186900536 718830616
46 74 687202761
139405159 219628198 556085056 179399919 550009180 443371073 360108619 848393695 560996645 753784919 217477743 983706126 502231101 644136042 157951748 555846019 949827855 291322949 25600473 278129498 504653716 370157165 228796609 730657094 974658275 304683757 819116179 923421559 129925233 426169286 555039219 411939796 945494058 423740543 587235344 740948501 728308940 83076467 381958329 295523495 592032012 643961139 507926701 572350459 990658762 902651074
371376567 496654224 536503968 16651289 20223380 969663051 305777553 789108429 868939646 250121737 888277605 792069799 195202022 635777304 418828387 769187149 121873972 54034865 435210176 427641088 403667433 358638425 173797479 520957282 877920978 217293627 131238938 208599483 552972200 955610958 183441576 794266526 356074870 198129623 295743447 547151908 340143556 937847281 149631754 301347447 143585789 531758002 622631336 687127628 692297988 463749621 394233827 467182358 450731124 201384976 358277419 651347628 245859869 850549338 987940422 742417718 496151445 383956951 207153661 833787712 369052204 476532379 545871986 638191368 251465063 602021763 983033008 171217934 132156900 363991394 680920985 93984738 646656116 812292604
2 20 912250700
596787602 392279963
23380836 904101485 266417376 786906766 339098411 564443205 89264160 789940451 769147221 783742799 6245242 143182924 367464994 11791686 68326495 690811338 576048080 518067796 56312055 909048430
38 18 968413183
748615000 995662826 186835398 744525999 430350690 772899558 174425236 183082335 250741349 268292107 594402020 649081125 33359500 46871040 871976846 575926707 880541353 566513807 484107148 544181296 14434367 625752328 619410341 754166221 826433693 411044013 951150568 615506649 839622592 848826916 990156648 37284563 635490005 830113771 856479183 532490771 408938725 121828914
791166926 529618540 104336565 27182146 878451345 957326957 794671452 599182708 166543164 7602676 681313677 279396525 223760417 693176201 594139066 812139498 120748150 962877146
48 59 573102890
797994502 861739495 129478335 109337117 92912250 207406993 189125990 630135866 116989236 678104771 775854900 706275637 58850986 332167719 46067014 700181697 641198013 755794090 307083459 719642791 557994531 172120646 907207720 625587832 927344559 677572449 942676058 80808985 969633338 321115966 79110328 147399971 930262871 132472022 446176939 748869630 889781519 509858902 952223635 134208026 391121370 385857666 900218726 687685942 306327976 191859956 454318667 964570786
507979118 40302922 642677068 451892610 480711695 305518742 493281564 591642090 163419790 858127395 705779425 172938647 496075263 601183257 682589376 388163567 990655245 834137833 406402886 941285549 602842260 655738134 963005295 178220014 882321025 170090861 393000312 872096051 982037472 79859563 393719979 115067725 831524859 566327926 233548175 696270692 799836280 883282042 86731869 438575430 338965912 658769575 650314532 578069240 251035561 739076255 401987859 258763914 512187577 400878400 243086093 906592483 918753070 772984799 354737273 823081118 833521548 974386982 556189786
40 29 205465736
790744935 47301175 710258608 651545021 32726629 341265232 973642642 373020787 151069751 650561821 18948150 863962434 457581278 881048786 689613319 888230113 843180429 369463463 336257643 395133656 339482909 53031856 32407790 243691812 62352306 591539461 549448575 841492249 524276548 438516452 459578205 443971050 770730280 545705660 104211295 238717105 742061486 224902929 904030716 662848172
494982936 145603777 525149010 19014707 596064902 851070133 229417137 737361927 168348145 901559666 80874971 54014259 669366897 687272334 821723926 54119977 902590944 977032295 272161777 638274267 679771008 407302098 559002617 508183779 509772244 322771595 228500654 552948154 593239947
44 77 576729487
442800369 212729987 441669109 336259277 614652982 816787234 151437465 293684182 61399716 812198396 114624080 644640894 866782111 279056104 749066915 951375697 984556450 504587039 433959545 803687777 167607534 229765433 74600518 979060516 156190383 407676365 779505960 405194283 938176392 927326475 830345909 783036622 425686812 197427738 928048875 940464894 177191277 710746026 222090750 692217833 179818100 110128742 951809513 376366975
266124718 734634887 664952617 624410054 483401840 689844251 74826606 713327474 288896318 43105000 497006593 239838050 581070869 77915436 976662880 359075224 372360205 556046106 876192091 989781310 135106519 230313702 772566578 29669081 268552883 717711158 451638704 349726890 95370330 189703946 751463552 939055741 986218421 358541507 659116455 449002987 277772142 557241661 108389286 306159855 222905582 833575028 368782907 275462202 800287638 992929783 722530926 867564350 289344029 742651253 131373168 953444136 313202296 489031524 921140250 568355288 741787058 941548517 844546207 602413049 754552613 165521640 201062441 339178739 146473692 13475934 830166485 742127962 770459000 384713002 609816131 624298103 973228329 999242474 437394369 409439096 384137729
58 52 377217111
961084831 495070132 873989579 298899173 424126708 71157805 539199989 45031985 605041573 294572598 81716979 404289812 845684756 293087951 197621362 630931117 858863260 631586345 524595215 406846852 260898256 389464892 155344686 413616604 169839716 710926226 490976586 673235028 277879797 262399141 522442685 335041489 596182398 924873749 983076505 569210725 96683012 337640679 91813218 557159165 966311998 5102662 978748565 319421893 886593855 702698559 80651456 766269965 423784862 917756678 120125659 992687831 914500606 177915478 39174286 572729839 48497837 559973418
967295362 128516794 185515411 389895483 323282573 182478795 40657309 184767901 784854866 583784903 540850802 932303038 955215002 738278500 283944386 198445458 572588478 76171343 880808052 882945118 886683047 375483312 521651987 429033111 498948039 739685044 523178758 114604076 438233810 740802041 387176006 200599549 885089507 66781639 85637769 281224666 826283651 877974805 484868561 413193122 788653620 589905795 274473222 316412171 760490048 158320857 153649864 680089856 178096388 276142980 794151971 443560825
76 78 345076972
922294174 294853956 944995254 466603733 834170510 165624900 63101599 13617373 501184927 471168086 432079590 859463093 726407974 968330495 137573826 500784650 868952309 715165622 645897608 489779771 359748223 656688586 11647774 741404893 340394800 167564246 997193609 443118481 15395226 97997089 609085534 807244494 551554656 84663214 343536497 914937246 666010768 935721974 54152223 918981984 350413632 321251709 553451116 371495229 760398269 297176847 945933248 675914555 436446402 276951068 822669246 583319446 689407409 762736715 364676775 393418368 811026009 406722546 68533907 95150982 543535467 34109558 129835128 92226434 297678167 581280161 105088567 585457293 758304175 561695105 538753358 810332007 779181975 716659420 535880504 969465337
842072097 401001833 480176367 917322533 178634542 751619847 598921168 934723898 281044988 252976234 709300932 730175369 58418434 298945090 917043660 725337118 252402427 563875190 962034124 702148543 114709471 846710711 118178596 409068379 426451894 768511227 145684941 1554834 111237650 186672459 46947344 24116169 860892650 257492749 923959148 163588392 870703507 202744480 908162847 69141404 951663460 210367912 167756132 6217175 686850248 289399224 783128258 750332100 929998254 646266647 704632889 394934786 592033192 166213357 272992099 417597655 393438809 111446004 559696902 70885881 10202691 778214945 196665410 551510855 224405061 835967482 31451804 806260901 507462451 985560540 758679251 856163517 194171297 763321573 129058574 517639030 470598997 582895189
70 9 136110748
809510817 909107979 594592331 250061151 898296368 208412613 595326885 176141896 462339414 654841094 200908423 286097596 524840370 44945770 576602596 897738724 886725172 93033566 84142735 988687558 49640178 389074031 893460241 559239758 832869020 882754758 799360456 461487541 543288148 708521482 88561702 717302588 43520234 781840840 981907266 357167221 575978400 744623631 100099501 619957280 767035411 356536752 614059278 180692842 277279262 237158938 611978285 510416605 613026605 484211628 396679886 137095776 335950168 486632094 535215396 339307525 737691613 648214241 575808288 118293558 87562567 458134173 731607595 930361048 717653645 508207735 235981762 544289483 270138548 333695927
326899532 205587039 409228362 267879210 566486803 109545661 31645988 354773040 402527503
26 39 940448489
172799880 275774941 246982997 945230886 488319033 185062623 953515208 781960343 157630665 401597867 367903298 53467134 141811933 812775975 669230818 285402504 700190506 231998225 446882092 101068955 538672346 807379397 286166843 585399432 324763360 719186920
290490612 37953846 439294090 486756682 831505276 539213239 893852964 416454094 502759034 999589199 62139617 254635697 549782009 247615003 611953486 790181317 715675902 712867710 902268262 15006168 255421743 852794485 572502281 334903024 511132248 403737641 264160599 643072844 678172795 945979804 97146251 800480993 155025249 798952145 627272021 527815924 14103174 779691909 459663995
22 37 792317970
942870597 191104306 316390095 49208499 964140478 971962613 353667452 178076356 846496462 936433051 769787748 465539027 369739299 654220441 194538945 845413697 504635490 128897694 832860161 100805787 77133472 926521837
642359547 860889857 401812073 796736305 909534359 172220115 287417083 365017772 308735947 856573691 605602539 624136845 21424500 955901419 699782761 28513853 993235140 425815097 4581743 812724136 70491240 742489443 523347513 727481847 892932569 415740017 473430149 959315234 497080340 979786402 486729753 83115506 156262892 711349910 481735832 810895391 671529875
72 81 833861653
779818358 270709999 546661897 105336621 375563167 693654367 116711791 609294370 672096630 33928708 650070734 37827357 265920849 194414442 241537175 636246679 26500329 934750144 532463002 926152613 404043990 701138422 306870851 612196083 707744119 845267239 842699909 706239865 576740734 291179612 220101659 37335652 311733618 88318419 332186599 489630621 779115233 15206849 986724464 136831387 10207620 260965509 348308963 129025377 112690358 652399466 967438766 81760388 518871093 703234552 614299716 90791810 374324769 398510450 746993658 495383325 844548318 202404113 871501692 293021850 697400314 303792668 62781371 810915918 220126502 775847512 443142461 216893923 857188810 692165505 163327538 425757719
422063817 569662504 120679906 463505612 469411644 105078508 447607343 114687482 166802545 3495671 736589995 239081450 381307686 533320668 69805144 60200683 772334005 907869333 403313914 674269188 349464993 768912533 368652030 481790894 974978018 13406309 905738230 459004440 352775016 669110774 441460310 667319149 905837689 942013045 97489766 727563537 263761206 460589261 380696364 243511131 187303631 313791740 579242806 682290169 627449406 24058930 278742628 944621456 988954494 474305299 287114581 99482272 10467129 372208081 88861121 944621814 683037243 804870212 129648762 672886198 956332626 908528412 931259075 547764392 964316184 170042135 520702333 993501109 295885547 674995260 463229746 451002430 680270400 272782533 284635179 161384849 917029787 519661100 123581058 830729234 483831671
46 26 231327190
55739352 817569774 134922790 208375813 912875918 356918719 427425422 245048811 48541115 271791641 157947721 562898911 251106000 184570359 769334234 990416578 364731254 113131555 128587055 479469559 364173776 867166925 728959920 891662148 853702668 33787188 979104812 518850411 966311325 697895630 425411242 731012774 861695890 870300097 547340165 735407746 237267420 808288628 986472621 422448876 406577518 782804853 272453860 731953767 307401196 245168084
377882081 484912143 639677197 299445677 203236853 599411334 339154659 350410580 372004237 204500949 571650709 621823764 111524041 643615103 201915972 304297287 114197265 457077867 234435154 357568362 323122082 361584679 494439209 436403429 934775631 374841651
46 31 122715962
314414245 766572145 963712309 864331665 309892534 980210381 88597112 701660499 4954162 190222385 474905563 558539948 865259108 570186939 227155522 592909014 362733232 529975660 349980343 693547284 528303734 372683249 755675160 455321623 266678484 700662537 917909238 701688215 318194183 738763168 637722896 983146308 406912889 243845500 136576070 635530661 402237123 794265410 579841282 164161578 779364114 116898644 542408845 422140765 245423572 641999489
105370492 410423037 202742411 226672005 322421354 228505760 151797317 412394512 138853987 947843171 657489788 87411056 432147520 431557423 833860132 814529111 848299650 642484277 753985232 131675617 876363059 715773382 19319863 842868347 451855149 802703711 316203886 748954053 948853641 133252639 525322594
52 25 229695804
478453210 962243081 340877214 838197233 54990653 210517693 186716790 291030902 493627925 872671304 819994618 566011280 80688065 432712999 757869867 627143595 342087766 849439072 53107836 873713530 474249017 798476184 655482290 987981832 304537676 388769233 754053815 11136224 570923417 524758632 51739291 116272288 451993492 974721548 347611698 973349661 812669786 44121271 647139501 643309207 309031376 621089062 888283410 231332786 657377268 97787378 981245846 679682971 155155085 624150249 399182742 474645722
523101260 577958388 707541242 739451402 302909291 204094869 219756293 140940639 700716042 767954942 199965151 656778551 492381653 437282993 200633575 219330606 338816089 300508475 999929395 476953249 825711736 187652090 95585366 798048277 222753597
20 48 856784304
296815826 385783415 333984148 387632892 181143332 658900003 333868057 244596060 503602947 667433872 651408020 481919215 540372771 423923487 223370817 740112287 504092905 467705385 757803834 813189875
134254678 814973209 979910727 688300476 672621074 734961048 926154416 915114817 324189524 698556810 621002983 17438690 658842551 25317943 301257444 495525222 814333849 867449807 660528045 126721029 681192505 631480185 175507651 403196849 55148675 915373177 552150649 886887728 989403352 644371460 336636609 903516763 857776978 578811416 412510977 902419608 215415068 37430156 240746076 335381398 902328742 741948908 414378255 972066369 961741626 356942705 568122229 698094227
100 30 763352875
416777262 627824669 79238025 765534787 578254291 901593992 750957094 792858839 406892390 956860219 113431532 948242829 278565581 974044414 933390360 234670398 871285505 882126173 255417189 685008224 748614065 248192389 664926398 80501067 430022162 631869542 34807783 283426369 496936113 994293740 19304049 557127036 373558816 900836265 730405673 412394186 265006545 48733907 29191545 344510297 513456173 650674795 397289985 935429074 391060912 535707299 32660297 928938671 686668436 595513145 298885781 564623626 935480988 124676868 757730560 247431452 464950949 857103812 855200256 280874511 283211482 866702962 682774624 976184944 611428135 374194587 880291870 424734002 674889424 763501109 367676992 704827092 33041678 5974984 728889529 348147693 916255342 932904422 693036674 75145557 203077635 588934778 978673651 445773356 860987259 620904113 331916831 421286758 279508544 757009467 98882847 478006137 873677956 175333911 95232569 995768019 997117071 686467485 403422094 734455057
737661851 241237847 954192992 686083509 109071961 326386059 143266611 164410614 66491870 275070464 5535867 489748856 518328026 555422873 886604774 258859543 321117278 178590015 896331406 443216183 753348739 141727247 154522996 535689812 175551773 42781949 693172897 487586162 430588136 979592860
12 95 645284012
282057545 840910349 916080336 548880945 914985839 310502467 14344169 274086791 43993058 549273692 521916602 865132870
945039128 69664897 910606637 332569020 988692502 584267440 319710090 189978950 226874429 252236516 463876345 554398728 541587253 421984356 773949079 170300066 326857046 897671330 636403421 101493402 86478764 120693054 951069477 967647934 670172292 836982155 47519737 761484014 234247852 717968220 285118445 378897931 320377942 812229947 516183707 743126197 105646954 602289362 871569880 521914642 704950304 57108920 664544172 211564526 41883497 999833148 6646243 827535444 64602561 234847129 105982959 485863359 812420926 639966758 19849760 947448758 295653454 773124096 678994082 804360408 791031224 108575710 527592303 688812993 206433619 886541988 200533373 765206370 334258765 928960542 243741055 417876886 329884343 761525934 571093419 694307874 255164507 937676929 763320611 390568756 167619610 356183146 722270406 80001678 502796390 635471776 755707669 357068580 259689507 833441574 577208566 212580073 479923617 740859544 428643588
86 78 46246158
460749301 303606948 976706946 291867347 418931046 884497954 580673832 444585959 180049557 353372948 198295694 119537706 259916969 363286636 300534824 258405273 564823206 373103867 374024724 503729339 752080114 672712206 669866558 743658041 827698784 796665715 753308428 539405149 708304157 983859066 473446987 710809638 501459970 682422144 757424395 278248035 926360438 658779507 518934634 521107728 811860935 238717193 456656349 843582903 370718699 228168082 952779877 626759228 63190530 486476238 242679689 289314449 541743173 759189525 765956522 747430471 433883569 761032628 175010065 144600098 379171693 403668039 148381329 903651877 790216936 600755595 318775744 874883717 52961385 204810065 77280878 532580495 288676010 208594936 718918730 715704578 866961071 996017702 306934363 544559637 811877223 734686814 91594048 109685786 904603471 269904649
308055220 976428531 505449082 540274138 128050676 312557292 28150957 814845517 863260301 436257385 74726668 43752193 431996611 208309641 887455087 794885949 342071771 456095695 877414730 260356016 554150628 760887686 507769604 835133665 981541114 286958433 548088306 73241089 44102113 421809419 428875119 564255199 242800341 26705738 406236917 62651568 675228699 691966837 296304485 349357446 936782069 441510787 7716752 240403712 353073189 77312989 498077706 684572425 669627521 234918879 218833501 505441507 13583991 958101552 801170486 549977977 924766007 311578629 496563709 649512024 708548439 270065452 934826277 930485098 528554739 782834765 459756464 473975419 163485592 700211590 804673556 593212712 205408586 858367079 155298571 992857539 942686479 819945149
