15578549895280
549823599023
181222608275
1926287707622
12507256564668
6292204550218
746729498188
4940647556246
17446082701935
5706908869497
460533494997
7339914518831
2789453117932
924757349217
4727315476772
3969787167753
7862309182710
1951468727223
287843915845
1440243325728
14252026201819
3428402229542
10290134931456
4719958944793
149762660928
8778515566318
1560637726181
41321150469
1884537515240
6233881767038
21589238964198
5966484784099
309966036966
10601789127790
2475992998972
620082154998
31872503306222
5760615977855
31240714418672
13925144560351
1896854403451
5362070382886
4801428982637
10594961764684
377966674262
1881431177144
297179309400
6476085315017
13875145498798
39169491152882
14749422046072
28768484280682
-371637941
15581237129271
6208323838256
2431683149909
10432504281298
6412114856734
5540299219677
7600446651496
736450619409
16021189288565
904589902175
3840200882902
4463631932543
18818342809070
285278588685
1518494295894
1773405207879
2754164958118
4711359839832
821090812496
928499105682
1566339859058
5721112403101
22232595624989
5811216765447
2625373047
10539882466353
7290364237270
2410773430666
20188601885101
3962012578443
8688036012530
16589615452050
15289368110868
5449531137295
13070327361117
2143327415148
37777068431606
13803388266029
358099505903
26096249624865
363207505272
16333710908029
35288183860
