-505141835
-464217597
-427287987
-537007165
-485274653
-562891887
-554339842
-421257420
-311012761
-430488910
-470274161
-458017239
-502525641
-567952141
-508334297
-543430230
-365213013
-675295363
-455009854
-512235448
-473251200
-440150206
-584543841
-473441953
-395503075
-572521474
-590118782
-531975320
-397127883
-272380050
-468451980
-496776368
-412079722
-411889717
-479820394
-530331667
-7063269
-338570975
-382309450
-194283828
-610401317
-400383907
-402797163
-623325013
-489140168
-565981529
-120016469
-574431864
-423769948
-559491468
-496763136
-612382203
-568284810
-570779200
-512769133
-493635927
-384228988
-387005428
-376930557
-460688709
-563403025
-442070239
-509102706
-387658515
-584904959
-384674517
-461298576
-436562085
-535630276
-593851378
-505405202
-560290006
-448259368
-437997687
-624150525
-518626683
-463854071
-482876324
-578247439
-517598634
-431651495
-384131778
-415452987
-302026852
-530073673
-469230995
-463286445
-459414607
-339802740
-547864744
-465592444
-441906111
-523598842
-418713414
-529578219
-578920660
