-584776854
-365664890
-559420396
-531898268
-395457309
-570819668
-433613012
-489252022
-463776992
-560244494
-450908036
-546108033
-522237001
-336215604
-370363913
-479813727
-439409642
-475576461
-525360606
-470369008
-616601687
-534405031
-498285182
-406348837
-421690276
-381990809
-486586542
-437990535
-476433459
-448773467
-559485033
-470697010
-554705235
-531403229
-527851602
-496585268
-475315344
-417995406
-719414202
-402124003
-464626001
-596272979
-439764259
-458069422
-559885833
-464004099
-538258810
-541311866
-478317690
-500111261
-481791543
-527843318
-772431185
-453907684
-489380816
-583399271
-548318128
-486188790
-611978799
-553890540
-621369009
-468749339
-502143641
-472305222
-574710433
-503317460
-782100899
-563065287
-466659490
-481615317
-574794543
-429212576
-491892927
-414419643
-500299124
-463784769
-439902007
-528837416
-543116029
-582943266
-425784474
-508907341
-555212934
-460125730
-435667265
-462317022
-517379330
-333695012
-467984176
-431426236
-518810633
-531278535
-520456057
-486733620
-788782475
-412157523
-409153840
