231279
231279
231279
231279
719070
351213
582052
719070
231279
719070
231279
231279
719070
11831
719070
173938
356599
719070
843649
735359
843649
735359
144992
144992
751840
644618
703175
703175
649113
144992
649113
800796
644618
956180
800796
144992
956180
144992
144992
956180
809823
809823
144992
144992
703175
703175
649113
649113
231279
866820
699955
699955
648932
409461
956180
843649
570882
751840
735359
246568
491684
703175
949463
477532
169698
48676
843649
48676
843649
87318
434965
391733
574351
144992
679450
950684
950684
624985
866820
735805
405038
436755
15154
231279
703175
61955
320959
320959
735359
490765
145901
169698
699955
703175
347876
740637
703175
436755
751840
751840
843649
169698
535747
820033
84159
118347
413607
118347
82464
664391
413607
413607
648932
231279
119698
644618
644618
413607
444060
898361
800796
490765
223820
302490
800522
542348
490765
481936
413607
648932
648932
413607
954633
370477
231279
370477
899380
370477
800522
890296
477532
699955
872650
370477
657444
890296
871554
570882
28340
582052
28340
469075
85777
435998
370477
898361
435998
370477
370477
370477
370477
24005
597419
890296
370477
597419
351213
871554
370477
597419
490765
881589
85777
231279
734702
658759
419304
898361
231279
432804
30774
314904
347876
146976
30774
413607
413607
30774
601060
86368
413607
735359
550939
928462
751840
12783
711683
401726
413607
525565
735359
201228
928462
751840
119698
751840
119698
954498
751840
382035
800071
201228
597419
382035
597419
597419
751840
201228
505164
413607
393228
477532
505164
751840
751840
952134
724884
6347
30774
145901
145901
413607
413607
570882
657444
515355
333356
751840
644618
724884
145901
28340
6347
751840
87594
751840
648932
871554
657444
648932
751840
169402
347876
145901
347876
657444
6347
735805
62717
469075
525565
469075
51005
121467
432804
62717
370477
393228
12783
490146
898361
674558
674558
434965
674558
674558
657444
657444
674558
818359
401726
657444
657444
405206
724884
724884
735359
751840
231279
751840
724884
764205
583761
597419
320959
929022
401726
830066
157404
929022
407891
157404
275618
751840
504455
311224
751840
735359
751840
907349
751840
735359
735359
551026
861949
861949
275618
917296
861949
52608
800522
906428
190054
597419
917296
571554
233669
12783
419304
12783
608302
699955
751840
751840
267385
233669
906428
268686
63461
268686
138286
917296
229632
268686
892679
268686
147121
751840
434965
733607
757863
118347
118347
118347
895290
597419
90105
118347
267385
118347
907349
356599
907349
892679
267385
957301
118347
674558
24742
539501
15154
539501
15154
401726
649113
209175
582052
393228
393228
556543
282301
660605
86368
971283
488621
512680
949463
512680
949463
949463
512680
566325
949463
566325
949463
24742
512680
118347
144992
144992
767790
229632
401726
949463
949463
229632
949463
229632
86368
86368
899570
899570
31922
229632
898361
333356
947170
333356
949463
333356
333356
31922
190054
31922
826856
385953
31922
949463
190054
949463
949463
127009
907349
949463
430905
21924
330924
229632
735359
430905
320959
890296
229632
949463
826856
883222
229632
229632
699955
446104
333356
800522
86368
800522
949463
949463
767790
490765
949463
949463
732228
136013
961755
137494
366481
268686
890296
616706
229632
229632
490765
229632
283468
490146
15154
15154
883222
512680
240102
803795
747032
961755
699955
735805
800522
961755
699955
490765
803795
93499
685765
892679
567311
826856
947170
947170
947170
15154
586833
490765
657444
898361
657444
826856
140453
800522
512680
800522
675032
93499
800522
675032
490146
675032
561017
544695
561017
323518
323518
892679
586833
826856
657444
657444
826856
767358
826856
808243
800522
173344
231279
15154
800522
699955
235027
927191
961755
476611
927191
364692
657444
735359
717881
15154
576151
268686
717881
717881
826856
379964
540828
557953
676412
489947
489947
309533
113826
173344
949463
949463
173344
717881
949463
930671
657444
530615
530615
236286
235027
497692
949463
655724
530397
915828
490765
657444
699955
525565
105448
323518
103254
954633
419304
286675
576151
789254
284527
954633
231279
954633
789254
957301
954633
530615
789254
890296
657444
890296
227295
236286
105448
542348
662494
482933
657444
949463
512680
816261
649113
144992
541818
97714
735805
568345
780684
277674
349527
818359
657444
502868
541818
490765
490765
84897
84897
541818
541818
393228
541818
86051
482933
178616
541818
541818
86051
446104
935274
775790
86051
541818
662494
662494
27631
109560
127009
954633
109560
858356
895290
898361
127009
782226
400668
147121
147121
657444
657444
462701
699955
273916
541818
127009
764205
113826
747032
400668
782226
735359
541818
113826
286675
789254
50780
87318
657444
87318
789254
738137
657444
409461
391733
190054
955244
955244
645296
645296
657444
949463
782226
512964
782226
436755
657444
469515
144992
144992
406893
738137
246568
738137
890296
525565
544695
657444
65308
949463
949463
127009
127009
759143
949463
949463
949463
400668
127009
949463
127009
750951
949463
949463
290850
657444
657444
147121
657444
290850
949463
747032
747032
949463
720749
747032
898361
268686
711493
747032
144992
202733
770503
127009
657444
400668
616706
681616
5798
276951
231279
400668
268985
127009
109560
231279
844852
231279
231279
818359
231279
144992
127009
789254
400668
747032
885355
632471
747032
404585
649113
789254
789254
747032
975428
930671
724884
957301
649113
490765
400668
490765
231279
231279
735159
747032
731922
400668
400668
764205
949463
147121
826663
145901
949463
954633
231279
906428
906428
5798
5798
789837
822220
5798
822220
731922
5798
739193
822220
724884
406893
406893
949463
104497
104497
102071
400668
452976
452976
885355
5798
488260
404585
5798
452976
452976
400668
190054
810242
603592
536191
709276
267385
543166
136464
724884
536191
406893
518765
890296
536191
957301
536191
190780
894483
595853
567949
789254
51423
789254
99533
99533
769290
436755
844852
844852
739193
190780
595937
872650
189079
401726
497692
400668
413286
401726
552385
913201
269127
227295
400668
765011
427936
789254
413286
452874
413286
131920
413286
552385
525565
525565
735359
844852
525565
373686
400668
497692
413286
890296
178616
698150
178616
731922
413286
789254
203217
731922
731922
648054
735359
401149
699955
397097
267385
731922
414089
268175
109609
824782
824782
648054
8125
847808
844852
95764
99533
397097
145922
759143
178616
525565
397097
516990
924271
397097
401726
118347
512964
5798
898361
898361
194159
592476
497692
401726
401726
401726
891592
854128
597533
824782
397097
94212
731922
556909
919742
413286
267385
267385
552385
400668
918038
397097
556909
935774
429822
592476
957301
782226
397097
511927
512964
246568
935271
297440
271338
297440
297440
131138
525565
525565
525565
429822
429822
429822
516990
113826
516990
318392
643672
401726
30774
624723
11979
246568
118347
826663
401726
254942
397097
145922
267385
145922
890296
885355
525565
525565
246568
736441
556909
268985
267385
699955
267385
37415
610945
610945
62717
140453
477532
825270
267385
267385
552385
525565
267385
552385
246568
736441
699955
699955
736441
736441
736441
736441
736441
512964
310721
736441
92880
699955
732605
574959
92880
649107
735359
310721
736441
250585
250585
962248
401726
401726
511927
51423
51423
140453
516990
99533
92880
194159
584629
736441
736441
895290
401726
895290
401726
250585
525565
731922
796912
66018
795554
406274
795554
954073
556909
173344
66018
173344
173344
145901
698150
287784
558440
735359
512964
786535
92880
92880
731922
731922
861850
699856
624424
684953
515355
90105
92880
140453
957380
92880
556909
954073
585463
947170
947170
347240
394246
316274
957380
775790
516990
699856
140453
699856
747494
90105
591653
747494
516990
872650
681389
699856
525565
477532
954633
62717
552385
552385
564181
800796
556909
591653
140453
511927
935996
764205
681616
552385
400668
511927
511927
707108
302490
516990
707108
62717
490146
310721
591653
603582
935996
219193
400668
219193
219193
446962
118347
110378
530397
530397
35152
118347
490146
525565
558440
919742
530397
919742
666898
707108
231279
400925
400668
469515
400668
218570
684953
824357
66482
400668
400668
140453
140453
145922
824357
824357
824357
118347
140453
649107
218570
140453
935996
935996
140453
924271
140453
62717
935996
149923
935996
935996
935996
935996
422922
516990
488669
400668
822220
824357
649107
62717
90105
62717
837998
118347
62717
62717
62717
707108
139082
592476
824357
140453
140453
530397
530397
140453
669406
530397
370736
297440
297440
702828
752677
351213
661902
516990
824357
919705
516990
530397
702828
702828
282301
488669
533105
140453
140453
250585
400668
400668
670609
649107
649107
173344
661902
661902
173344
841001
158293
841001
452947
452947
27738
27738
564181
856520
173344
702828
431891
400668
526005
400668
169402
431891
508818
919742
526005
452947
169402
311346
670609
919742
919742
140453
400668
400668
410741
670609
279507
395457
526005
670609
670609
405206
670609
119085
935271
600925
526005
86368
510075
550190
458606
900582
169402
822220
624424
490146
670609
525565
379428
841001
431891
510075
510075
624424
113169
15519
169698
359081
169698
670609
624424
624424
851394
851394
169698
395457
525565
841001
140453
158293
935271
752677
223389
526005
86368
670609
400668
508818
400668
624424
285684
458194
451074
451074
400668
954633
653350
526005
395457
140453
276951
856520
276951
276951
276951
526005
800796
699622
851394
598765
140453
616706
140453
276951
140453
400668
119085
140453
536463
851394
490146
789254
789254
789254
707108
400668
400925
400668
2996
400668
382607
311346
851394
324301
145901
824357
382607
490146
707108
577377
400668
400668
400925
711493
400925
400668
400925
577377
382607
451074
269590
632471
947170
863655
413607
577377
954633
536463
400925
382607
789254
574959
219193
488669
218570
899380
113169
113169
536463
400668
847808
841001
400668
952692
188894
382607
413607
405206
789254
558456
789254
173344
284235
964174
624424
90105
624424
480364
624424
624424
86368
400668
15519
15787
633186
400668
624424
488669
624424
488669
632471
382607
90105
830066
591653
699955
588160
830066
830066
830066
336822
603582
699955
632801
751211
830066
400668
497692
699955
173344
401149
13868
13868
231279
311346
958982
539501
113826
231279
699955
140285
751211
469075
231279
747494
231279
469075
276951
469075
871554
400668
86368
332646
146976
650170
650170
606098
515355
469075
284787
699955
385953
173344
649107
144992
140453
382607
169698
422922
174766
533105
516990
382607
276951
830066
379964
449205
382607
382607
8766
31383
370477
511608
511608
762689
762689
391878
353441
391878
353441
400925
591653
854832
490765
400668
488669
624424
488669
400668
935271
884365
764205
650170
400668
382607
681616
276951
53400
231279
800522
140453
449205
400668
382607
370477
488669
515355
351213
542682
351213
286069
525565
782060
379964
585463
649107
53400
649107
480364
480364
782060
649107
782060
379964
488669
649107
649107
382607
382607
400668
649107
15519
15519
837457
382607
279507
314451
219193
93499
286069
286069
15519
649107
15519
15519
422922
324301
649107
279507
117937
400668
400668
382607
279507
382607
331620
649107
466331
762689
699955
358031
849999
926004
892679
926004
525565
729420
382607
382607
656531
385953
558440
15519
782060
466331
311346
558440
873471
892679
825309
382607
279507
525565
163135
382607
825309
649107
52608
117937
29597
585005
892679
415834
892679
140453
163135
873471
542682
542682
800796
542682
542682
382607
892679
382607
624424
834806
90105
373929
810881
267385
800522
824357
30774
892679
382607
892679
901315
837998
331620
710213
956180
892679
145901
226230
226230
226230
691346
650170
542682
569213
226230
226230
382607
729527
382607
41952
41952
72940
955515
504171
403655
403655
140453
42581
892679
724884
892679
606098
155
226230
606098
606098
285684
854832
353441
235259
825270
608149
382607
825270
382607
825270
892679
90105
907335
569213
235259
569213
15519
569213
892679
956180
688310
581152
569213
565765
938315
837457
856520
452976
158963
892679
493286
930094
83597
120565
122952
688310
670609
284787
382607
930671
129189
136788
169402
403655
403655
169402
516990
126675
666898
656531
294552
86368
403655
856520
15519
466331
382607
283439
382607
178616
906494
269590
569213
800796
566154
338583
856520
324301
566154
282662
906494
86368
926004
169402
415834
825270
415834
415834
825270
385953
735359
670609
894483
926004
550939
624424
385953
403655
837457
451186
837457
27631
670609
834806
800522
400194
587975
657444
176587
873316
284787
353441
670609
762689
451186
566154
219193
800522
504171
149783
149783
858356
699955
246568
382607
163135
302935
800522
614488
504171
496424
496424
569662
670609
146976
848972
332646
863613
330973
504171
584629
385953
219193
516990
560228
597112
597112
385953
183976
892679
183976
283825
174180
561682
560228
894483
385953
466331
624424
624424
691710
691710
385953
422922
892679
338583
560228
892679
321534
382607
382607
560228
385953
892679
516990
691710
638046
691710
416781
389924
367523
385953
219193
178616
748251
756006
90105
691710
536463
670609
603455
818481
146976
369516
748251
884365
748251
748251
691710
748251
382607
935774
488669
472519
769290
691710
748251
584629
416781
691710
505739
178616
884365
536463
120565
140453
691710
42581
42581
42581
691710
949959
52608
490146
42581
894483
670609
670609
516990
624424
624424
351213
472519
569213
351213
284554
624424
894483
894483
472519
624424
624424
385953
416781
90105
219193
90105
952134
762689
952134
382607
382607
382607
756006
90105
650170
171566
624424
338583
432804
90105
624424
624424
882170
382607
400668
882170
314908
841970
841970
171566
884365
171566
691710
378533
378533
351213
574959
884365
882170
884365
924960
529777
659988
624424
529777
529777
628561
172439
670609
894483
275618
894483
351213
606098
670609
458606
569213
897987
169402
894483
894483
659988
659988
458606
351213
169402
52608
169402
353441
119446
926004
361405
926004
62717
892679
235027
458606
458606
906494
144992
385953
88160
12783
26249
146976
620533
585463
566154
400668
385953
947170
400668
400668
154008
659988
144992
37415
400668
400668
659988
144992
400668
656531
37415
735359
267385
400668
634180
837998
574959
919705
37415
357158
624424
624424
947170
231279
231279
190054
800522
906494
906494
385953
764205
800522
52608
410526
670609
385953
924960
661950
95764
601129
837998
837998
501166
385953
585463
574959
906494
68298
574959
542348
574959
924960
624424
541654
145901
884365
72694
574959
624424
624424
659988
569213
113826
332646
541654
574959
178616
749417
574959
661950
570882
629319
574959
574959
764070
118347
601060
745595
624424
624424
353441
624424
629319
629319
906494
735359
5836
320959
67100
574959
679017
907349
884365
574959
601060
574959
494793
574959
574959
882170
848547
52608
840501
5836
840501
892679
408920
22154
382607
67100
52608
52608
446896
884365
884365
629319
386294
223389
231279
884365
659988
800796
275618
954880
590837
431891
884365
27861
578941
879900
382607
298236
926004
84889
216776
24005
879900
926004
926004
314451
624424
496650
749417
321424
724884
373167
231279
968994
405206
314451
216776
314451
340740
382607
52608
497054
382607
579053
496650
321424
321424
496650
699955
298236
807507
941601
402064
749417
569213
711833
364692
382607
871554
754583
569213
382607
898436
338583
739132
131895
662742
382607
340740
131895
36418
124191
90105
696539
90105
684176
639168
866500
496650
340740
624424
484362
699955
659988
699955
340740
724884
882170
90105
858356
631362
497054
313092
724884
800796
59283
620252
488669
321424
321424
63621
3425
51423
258897
307928
104497
569213
606098
92705
180702
593192
401726
401726
634180
459958
123239
724884
565710
169402
401726
824391
385953
711683
620050
63621
59283
748472
724884
748472
849938
724884
63621
108871
572568
409358
738294
661950
298236
401726
748472
340740
724884
724884
661950
661950
858336
605657
754583
724884
754583
724884
298236
661950
705648
858336
484362
508030
340740
298236
340740
340740
724884
51423
340740
724884
754583
858336
497054
858336
633510
745595
754583
837035
401726
279083
848410
413607
848410
401726
400925
401726
321424
298236
401726
569213
724884
401726
125360
137494
91000
935274
178616
427441
178616
427441
178616
738294
766447
738294
169402
738294
178616
178616
707268
707268
542348
718599
569213
718599
795401
170431
497054
119085
85968
3425
289879
624424
359456
170431
170431
745248
745595
427441
605657
764205
183333
3425
578941
340740
766447
359456
631244
113826
113826
477532
764205
51517
745248
42581
968140
738294
745595
754910
302490
581573
283439
800522
427441
754910
427441
754910
650170
754910
754910
754910
521032
178616
48215
289879
738294
219193
569213
518659
574022
754910
831600
427441
831600
918626
733607
273474
895290
273474
553021
574022
427441
578941
216776
196267
710213
406361
338583
333356
922750
36418
769046
574959
36418
950798
605657
488701
488701
338583
338583
521032
359456
338583
62173
766326
427441
427441
59283
922750
922750
950798
359456
359456
624424
754910
338583
359456
359456
431377
440365
764205
440365
541654
271226
175323
208576
736441
564181
564181
736441
427441
736441
359456
736441
736441
800796
736441
398633
764205
367699
570882
178616
113826
524569
77542
446896
745595
574959
736441
71802
77542
524569
77542
524569
656531
346968
883262
894483
949059
275266
144992
724884
581953
738294
734702
734702
405038
398633
699382
949059
938553
696539
933984
938553
145922
72700
574022
125572
574959
144992
340740
883262
736441
711493
351213
892679
351213
446104
883262
734702
916419
745595
659988
603582
622004
766974
896351
631362
631362
401726
416618
302490
594375
949059
279083
437556
895290
883262
800796
401149
219193
63201
594375
734702
883262
113826
600925
297556
883262
405038
594375
570882
351213
570882
883262
62717
574959
574959
525565
574959
59283
800796
764205
916419
150903
178616
414089
178616
514245
565765
113826
762689
514245
520760
351213
764205
351213
949059
400925
30065
949059
734702
949059
113826
42581
113826
604064
604064
395330
297556
113826
888888
477532
896351
466445
467224
922750
113826
113826
351213
113826
401149
113826
518659
446104
518659
518659
883262
800796
800796
800796
883262
764205
837159
153473
969117
969117
883262
883262
734702
883262
257802
734702
297556
570882
968140
707970
678803
458194
883262
793979
734702
144992
386294
437556
85498
838082
738294
92713
92713
709121
709121
935774
966101
883262
800796
916419
678803
488669
488669
821614
883262
793979
793979
696539
783138
783138
710213
966101
966101
916419
143333
871554
764205
764205
764205
624424
764205
764205
353441
883262
734702
883262
709121
934954
871554
883262
916419
863655
800796
793979
883262
648054
866500
458194
883262
275266
966101
934954
451406
934954
629038
966101
934339
762689
762689
275266
275266
275266
795554
795554
934954
221941
425469
425469
821614
795554
425469
44217
795554
425469
722269
297556
883262
934954
871554
754418
754418
27075
738294
949059
330336
916419
749417
762689
398633
30065
969463
16453
800796
16453
318905
769290
116045
969463
709121
969463
969463
416618
162143
969463
795554
335760
116045
780105
795554
67100
398633
398633
922750
150520
36418
219193
125360
694600
694600
734751
949059
883262
107416
136788
136788
321237
969463
769290
769290
764205
398633
795554
916419
975469
574959
653350
606367
574959
475725
332646
525565
279083
844852
895290
793593
818481
269716
883262
249257
694600
709121
332646
749417
694600
162143
883262
42581
770531
60153
949059
968140
60153
6224
883262
564181
795554
6224
458194
752677
6224
912477
553021
437556
437556
752677
451186
752677
752677
622004
883262
458194
361405
3425
694600
127902
8766
469564
795554
6224
844852
883262
91653
752677
949059
408920
684282
219193
968140
219193
757100
219193
550939
709121
403655
403655
42581
451186
700233
386294
883262
386294
412355
201854
451186
451186
962516
962516
386294
386294
386294
812772
962516
828988
386294
752677
169402
386294
320143
169402
795554
404242
271226
386294
699856
271226
386294
386294
359616
284787
386294
564181
564181
279083
656531
386294
729566
661950
661950
386294
622004
386294
795554
386294
883262
897286
357158
968140
846742
740080
700233
700233
700233
739546
618538
8125
895290
386294
550939
837035
837035
386294
8125
844852
844852
700233
700233
899694
700233
875050
700233
866500
488669
622004
8125
813849
217312
386294
752677
846054
8125
539639
752677
866627
687796
8125
15787
851827
866500
60165
752677
764205
969463
471380
622004
67100
622004
6224
593339
593339
593339
6224
762689
23785
146976
631244
762689
622004
795554
762689
672307
749417
127902
856030
762689
109609
488669
883262
42581
795554
