1000 186
829 72
562 6
683 157
717 3
829 10
449 140
778 164
45 112
449 173
187 2
273 5
903 48
697 9
956 1
930 87
941 21
812 180
168 60
337 1
876 103
911 63
821 3
517 164
950 117
476 6
258 9
822 3
910 95
174 6
983 40
862 3
988 130
811 3
579 10
686 10
838 3
184 6
326 114
661 94
285 3
939 6
322 6
34 8
416 10
507 4
839 89
832 76
997 42
823 176
682 3
779 80
811 123
710 175
465 106
358 5
970 1
52 9
581 110
736 8
857 3
285 50
802 1
874 6
449 1
504 26
730 10
442 6
827 6
604 9
554 2
36 6
315 3
12 80
740 73
951 134
535 3
521 3
237 9
469 11
165 129
897 139
277 92
341 3
671 175
879 70
341 53
790 86
341 3
226 1
657 3
810 6
371 135
13 4
433 19
897 185
604 22
829 68
620 108
995 161
49 31
786 6
6 164
218 3
180 8
959 3
449 182
100 64
903 129
946 10
541 6
34 9
475 6
341 3
420 11
600 9
895 31
952 2
362 137
760 4
871 9
414 3
530 88
274 3
802 20
443 132
603 4
429 10
374 88
423 176
181 6
927 6
401 9
532 3
869 16
821 182
579 60
426 6
135 167
586 4
757 16
15 138
238 91
730 3
715 6
12 3
701 35
11 154
454 166
551 3
829 9
442 89
584 52
79 119
44 20
697 40
26 109
103 67
97 77
202 3
214 4
911 90
910 9
233 9
155 146
187 10
377 9
611 73
359 3
561 90
506 109
421 3
165 167
1 21
106 130
317 141
365 172
827 52
183 2
829 9
810 3
271 145
659 10
162 63
920 39
442 102
766 3
341 10
254 14
739 3
25 104
861 4
271 161
980 9
180 185
781 6
555 186
247 157
114 3
591 3
740 50
317 15
657 3
430 6
599 10
326 6
416 177
529 150
333 6
729 36
659 10
430 111
949 129
1000 3
702 28
671 7
337 121
332 182
19 123
20 126
188 6
470 3
948 177
959 3
949 157
774 146
244 3
538 3
388 3
633 3
180 6
288 102
621 76
347 88
263 129
659 3
394 95
106 6
959 3
838 62
247 3
100 174
353 3
702 57
832 6
890 120
34 6
103 135
372 149
701 45
72 7
852 105
178 10
82 7
91 1
223 10
926 6
572 35
423 9
411 63
747 3
455 4
544 1
697 6
490 3
372 117
177 3
721 10
779 6
392 56
411 25
810 6
897 6
174 140
104 6
517 7
372 164
514 120
857 30
621 169
897 164
296 3
579 147
23 3
655 2
1000 10
50 83
823 10
179 122
3 13
493 13
503 1
885 93
44 18
939 167
442 1
827 14
857 95
174 62
12 3
697 1
950 8
920 3
954 6
97 3
13 74
149 1
821 9
852 31
171 171
952 161
816 52
828 3
686 3
344 1
799 148
254 8
948 3
10 6
54 127
563 8
359 3
517 163
697 40
237 181
118 5
182 1
774 49
26 81
49 163
449 3
408 152
47 180
162 13
321 21
526 4
641 128
903 35
55 3
74 93
879 30
57 1
393 153
895 4
258 121
472 12
751 5
683 33
515 137
871 10
696 43
636 7
12 68
765 23
896 168
53 6
202 173
688 64
177 36
182 121
659 77
710 186
926 113
562 112
913 3
396 108
688 3
327 81
860 9
33 43
52 180
952 9
0 25
647 98
299 6
370 155
136 6
592 82
530 67
901 37
7 4
240 67
894 182
235 134
154 6
922 93
393 1
155 184
385 3
512 4
401 9
493 87
891 48
57 9
689 148
320 109
180 25
533 3
326 160
517 10
407 100
12 160
169 3
503 144
722 56
845 9
744 1
998 67
631 133
324 2
639 3
285 154
464 175
531 3
321 9
754 3
91 97
449 157
229 29
677 1
532 38
647 79
563 3
811 2
892 45
787 3
466 10
138 90
484 123
680 21
73 135
163 21
316 185
361 19
913 8
827 151
544 9
821 135
994 152
57 69
661 78
822 4
83 102
935 51
287 9
211 2
194 66
442 3
557 6
507 78
864 9
661 9
734 3
136 127
753 66
451 3
338 2
622 5
517 9
980 3
618 3
274 1
451 4
472 3
710 3
913 3
709 4
983 147
905 3
871 10
907 7
442 172
636 105
856 3
593 2
671 35
83 3
195 8
689 36
113 2
703 9
411 4
194 10
811 8
669 72
943 1
65 129
411 161
300 61
857 130
12 10
614 136
529 179
532 3
709 55
466 83
992 146
477 9
175 9
558 33
404 6
180 10
364 5
136 37
915 9
259 35
105 9
827 7
314 6
433 171
408 6
879 3
271 88
471 143
359 32
810 141
532 3
104 108
871 16
97 10
831 1
593 8
984 155
328 3
655 3
106 6
705 3
184 3
696 4
631 9
218 6
509 9
45 92
389 3
195 174
618 3
237 3
925 14
783 17
992 115
385 1
638 95
476 7
490 180
287 6
600 5
125 3
157 9
328 3
903 124
91 4
443 1
374 75
86 140
722 24
285 46
162 147
686 7
665 59
780 81
940 145
423 9
738 6
53 106
123 41
420 6
364 105
455 107
72 9
887 3
12 36
926 9
187 4
222 114
500 112
861 3
532 9
591 120
7 24
827 3
779 6
716 10
550 9
747 51
827 3
490 160
12 3
740 6
120 139
975 9
677 70
68 159
209 3
12 25
591 57
220 92
552 146
114 120
586 6
393 1
88 160
213 177
70 10
974 115
26 88
194 9
941 9
853 115
9 82
35 6
451 146
852 153
47 10
491 1
482 5
213 4
287 6
903 175
799 1
755 40
340 6
281 3
154 123
250 33
665 9
172 10
502 125
640 77
945 132
776 106
911 3
91 3
591 119
503 3
341 3
897 8
464 12
423 5
13 6
235 6
735 4
182 6
698 3
99 4
586 146
93 3
337 10
222 3
238 35
372 170
660 3
439 20
663 3
612 186
5 9
205 1
932 3
401 40
613 109
823 6
49 3
372 103
480 3
659 9
811 3
616 118
371 4
60 8
107 10
44 42
552 5
632 74
34 9
677 2
999 102
97 79
471 10
135 3
707 111
344 128
973 183
639 3
593 37
641 1
647 174
270 9
532 10
609 3
108 10
764 31
615 6
376 4
26 3
505 5
291 168
663 5
188 5
359 3
622 3
77 165
385 16
857 149
343 9
774 185
859 102
259 72
296 97
554 10
457 1
372 6
182 1
549 6
593 3
652 6
686 72
770 172
331 3
823 3
836 9
794 8
920 148
948 175
53 123
452 1
745 9
306 131
9 3
650 3
424 5
793 82
13 6
401 4
168 163
907 6
675 35
591 29
889 143
997 3
341 3
33 6
490 4
697 124
532 78
729 44
72 6
1000 113
225 3
182 6
314 9
922 82
993 6
832 9
16 3
944 1
998 82
13 3
823 89
341 162
795 3
706 141
887 2
346 100
420 58
661 91
827 10
168 1
411 57
162 111
317 120
482 6
401 34
578 6
61 4
714 98
970 145
583 10
519 6
188 9
337 74
953 3
158 2
832 3
328 3
755 3
775 10
847 3
91 15
903 52
322 9
611 6
717 174
420 145
601 71
5 24
997 6
313 169
39 142
98 9
591 72
561 73
675 6
451 51
514 61
586 136
755 107
162 23
815 99
230 135
62 3
848 10
177 9
821 6
956 38
854 9
964 129
883 3
932 3
619 180
918 91
509 169
509 3
337 57
570 88
579 121
872 59
963 3
274 6
372 6
222 6
372 3
764 3
713 13
177 41
210 65
126 16
46 47
937 172
827 178
136 122
489 3
590 78
165 159
414 80
426 56
158 124
412 9
523 3
941 96
762 87
343 4
823 165
57 47
558 6
703 20
44 3
167 6
286 10
774 6
725 3
120 1
734 3
569 3
288 158
20 3
747 9
435 3
741 27
300 9
134 167
647 9
117 6
394 80
444 85
703 9
958 27
530 6
449 2
61 6
903 6
551 8
91 9
526 6
959 3
591 183
926 3
832 109
597 84
948 11
654 3
82 26
722 19
33 6
802 4
965 19
238 101
104 3
26 3
681 3
298 168
180 146
254 155
495 84
337 9
827 3
915 2
823 151
423 106
8 109
117 66
285 5
33 6
313 9
180 4
551 3
766 3
274 170
9 9
233 3
238 3
750 8
563 7
401 60
26 132
633 6
95 116
495 84
52 6
359 38
1000 162
200 53
705 3
639 9
495 3
521 167
596 155
451 8
888 185
860 6
376 9
10 171
748 156
593 10
361 71
285 9
8 6
290 6
665 41
681 1
49 185
77 8
101 94
716 96
213 9
61 3
131 186
773 131
455 3
612 4
503 1
661 4
163 4
194 6
205 94
921 32
550 7
550 140
231 3
771 149
376 153
988 72
663 3
686 3
735 2
235 33
276 6
943 4
480 146
820 25
992 186
271 1
181 90
782 147
705 28
8 100
686 151
210 9
562 6
345 140
67 3
997 6
378 9
54 54
331 4
392 158
394 3
514 134
404 14
632 161
710 131
336 111
821 131
