996 777
894 645
540 494
779 131
735 741
811 352
528 353
812 101
660 328
567 603
954 499
169 111
166 459
941 468
880 538
392 422
403 7
535 420
75 381
50 412
388 89
162 515
746 734
381 474
263 548
967 203
119 312
426 60
261 62
974 342
66 719
314 322
293 560
220 503
187 486
728 259
661 619
675 685
632 279
114 590
646 216
550 713
405 279
836 436
106 332
609 52
17 21
583 732
262 64
151 355
486 230
792 262
636 181
112 283
140 335
623 135
192 522
132 154
937 516
391 372
743 415
758 495
307 510
751 429
682 270
868 230
949 411
517 13
862 67
626 368
505 724
440 411
242 144
22 517
83 227
785 34
288 27
19 717
261 61
771 176
534 292
711 108
17 343
114 589
345 142
83 228
434 654
657 432
420 211
455 290
704 746
167 690
948 96
862 68
125 666
764 528
707 187
73 83
542 394
326 127
382 464
792 261
777 558
520 273
547 183
785 74
418 641
825 474
776 267
117 60
836 435
191 193
669 617
47 514
18 770
569 251
714 684
328 505
356 139
496 631
253 43
404 628
250 52
402 206
140 336
789 177
86 357
168 766
339 692
411 265
819 216
237 458
627 552
432 469
616 659
284 29
531 480
32 170
252 471
825 405
866 643
572 207
252 472
898 565
901 400
322 773
468 492
165 410
612 643
705 232
230 455
434 653
259 271
790 91
835 440
168 765
526 553
944 499
955 700
223 221
968 478
679 592
637 348
572 208
1 339
431 680
923 705
888 226
616 157
4 531
410 269
655 384
382 463
439 114
312 437
258 310
281 502
116 417
27 727
718 69
823 72
917 304
566 740
136 9
277 571
841 441
311 239
19 718
61 39
167 336
157 47
73 84
180 736
427 401
878 209
790 92
738 454
513 387
482 640
853 670
58 689
439 113
239 163
934 729
628 210
756 196
691 663
297 56
692 381
215 199
663 301
748 115
958 587
975 315
750 35
977 575
357 15
433 634
299 146
943 241
625 641
486 663
215 200
690 586
37 420
319 759
813 383
308 370
774 219
660 327
324 703
610 264
357 16
588 605
239 164
820 57
696 172
324 704
762 63
777 557
432 470
322 774
263 547
878 762
638 75
667 193
736 397
564 130
516 249
768 423
809 295
694 562
462 711
70 497
143 180
293 559
664 494
113 78
837 630
847 611
36 288
328 506
203 507
906 749
848 467
672 121
903 344
805 305
813 384
356 140
306 324
808 445
502 170
576 313
180 735
900 433
967 204
878 761
736 398
32 169
14 125
422 726
446 516
932 649
543 71
657 431
367 350
454 50
479 489
649 258
893 593
383 338
297 55
899 755
189 660
642 395
756 195
178 503
163 681
937 292
912 584
238 118
290 235
627 551
303 151
407 133
81 637
934 730
341 660
975 316
794 278
145 595
599 314
223 62
539 636
631 247
639 549
182 530
35 708
65 424
492 688
586 162
105 50
24 145
13 530
784 660
761 539
801 46
27 728
514 29
464 507
870 362
158 449
605 298
883 137
576 126
996 284
545 88
648 237
535 551
463 452
930 24
533 26
105 67
425 243
676 546
303 152
846 19
509 124
620 197
380 285
692 382
612 420
513 388
923 706
845 655
676 545
77 483
922 427
886 66
600 525
905 524
764 527
182 529
541 506
56 94
377 73
524 650
884 91
973 71
381 473
251 173
974 341
160 6
402 205
884 299
542 393
548 512
609 51
623 136
669 618
462 712
35 707
866 644
631 248
585 276
127 582
360 99
274 520
976 616
706 245
476 661
675 686
485 374
326 128
316 147
230 456
539 635
345 141
83 377
554 185
470 668
472 578
531 479
91 463
976 615
883 138
90 542
158 450
562 41
148 248
640 608
425 244
217 318
355 359
249 395
937 200
982 307
889 300
259 272
127 581
363 107
810 343
605 297
573 602
241 597
877 224
549 676
746 733
288 120
311 240
659 289
483 710
957 252
404 220
798 380
277 656
569 252
850 541
4 532
787 681
698 197
917 303
765 377
464 677
939 118
691 358
520 274
809 296
253 44
782 447
403 8
949 276
706 246
944 500
661 620
386 213
939 117
438 622
672 122
233 259
262 63
221 220
33 701
592 228
62 70
755 391
271 698
452 721
306 323
962 60
776 268
134 764
1 340
595 345
508 159
930 156
926 716
354 461
66 720
560 326
411 266
889 513
728 357
184 191
476 662
741 131
46 753
353 369
519 437
288 28
763 334
170 629
106 331
731 1
768 424
957 470
562 42
282 743
128 757
386 214
463 451
762 649
741 484
801 45
810 632
886 65
846 20
487 555
880 537
86 358
820 58
146 34
853 669
479 490
712 364
987 600
477 482
283 238
558 694
847 612
364 690
547 184
170 186
589 588
585 275
82 752
255 168
121 652
424 253
362 104
926 715
749 11
30 488
438 621
972 268
34 397
979 406
320 425
711 284
255 167
273 516
942 672
352 75
160 5
274 519
738 335
225 567
583 731
592 521
221 417
458 294
206 80
271 697
225 568
735 742
602 663
556 375
718 471
534 291
81 638
157 48
758 496
900 434
761 540
887 301
171 615
139 777
389 282
573 601
624 158
533 25
155 579
107 776
146 33
789 178
996 527
294 145
132 153
842 264
954 120
36 287
300 217
993 420
646 215
970 613
487 556
554 186
139 641
91 153
333 40
613 569
932 660
748 116
870 361
668 648
811 351
440 412
300 218
496 632
635 738
308 369
284 628
102 165
586 161
963 624
977 576
223 222
794 277
281 501
114 433
880 440
336 171
319 760
401 385
212 224
868 441
577 658
948 95
564 129
0 658
9 255
514 30
994 543
526 554
200 25
341 659
82 751
155 580
667 194
142 242
987 599
888 180
502 643
467 446
823 199
898 566
524 649
47 513
906 750
521 638
864 82
518 673
56 93
364 221
165 409
912 583
671 670
893 594
567 604
62 69
377 74
517 14
698 198
516 250
218 80
136 10
179 691
447 444
724 120
482 639
850 313
424 254
528 354
452 722
467 445
199 390
277 572
589 682
301 611
113 77
632 247
498 536
958 588
444 404
971 599
552 748
636 182
176 54
343 771
251 174
773 407
986 610
642 396
763 333
95 106
508 160
466 220
9 256
884 300
965 768
972 232
135 666
22 518
899 756
392 421
694 561
633 611
243 574
914 32
41 475
787 682
887 302
649 257
446 477
679 591
241 598
34 21
876 190
428 471
198 329
38 279
577 657
696 171
971 169
244 48
973 72
738 453
410 519
922 428
903 343
198 330
24 146
749 12
148 501
954 119
875 23
454 49
941 546
318 466
361 97
41 476
256 37
256 38
771 175
171 279
518 674
766 529
33 702
812 102
943 242
58 60
233 260
714 683
779 132
161 233
993 76
842 263
555 533
477 481
664 493
523 690
391 371
731 2
848 468
942 671
243 573
940 4
505 723
362 103
166 460
704 745
273 649
418 642
566 739
602 664
783 80
388 90
492 687
427 402
14 126
499 563
979 405
431 679
690 585
407 134
986 609
46 754
72 194
90 541
77 484
835 439
955 699
428 515
485 373
335 428
708 441
659 463
793 630
499 564
192 521
805 306
588 606
560 325
970 614
790 534
859 149
591 188
135 665
808 426
539 674
70 498
217 317
693 86
638 76
697 628
773 408
458 293
625 19
963 623
503 611
121 651
600 526
470 667
363 108
455 289
701 413
774 220
810 243
743 416
178 504
39 230
161 234
655 598
750 36
541 392
875 24
367 349
199 389
628 209
420 212
508 242
407 228
606 202
397 320
799 695
558 693
633 588
637 347
361 98
290 236
799 696
640 607
169 112
258 309
294 98
187 485
644 621
483 709
316 148
238 81
798 379
509 123
962 242
914 31
184 192
545 87
751 430
617 365
639 550
151 356
383 337
307 509
117 59
428 516
39 229
647 349
355 360
335 491
755 392
845 656
783 79
673 225
624 157
782 448
30 487
613 570
218 516
65 522
112 284
282 744
780 18
34 22
994 544
931 625
705 231
203 508
931 626
336 391
671 583
682 269
859 150
595 346
343 772
647 503
712 363
599 313
780 17
128 758
339 333
179 692
549 675
102 166
668 647
553 443
635 737
206 149
901 399
841 442
405 280
444 403
401 386
965 767
693 85
468 491
360 100
242 143
697 627
591 187
180 628
724 682
864 81
523 689
13 208
156 156
701 414
50 156
626 367
119 311
253 640
189 416
272 470
352 80
320 426
426 397
940 3
606 201
349 500
876 189
555 534
968 477
200 53
283 238
145 596
422 725
389 281
519 438
397 319
905 523
503 355
37 419
617 366
317 109
116 418
498 535
220 18
237 457
38 358
18 769
673 226
318 465
95 105
543 609
272 50
212 223
75 467
556 376
472 577
550 714
380 286
644 186
724 335
299 17
548 511
894 646
433 633
301 3
134 763
314 321
464 678
592 46
61 40
837 629
648 238
553 444
317 110
521 299
107 775
354 462
982 308
765 378
156 155
176 53
877 658
552 747
143 179
349 72
