975 30
324 17
432 6
669 27
323 19
323 9
663 8
179 26
553 22
667 18
107 8
725 3
480 27
271 13
780 27
514 19
796 9
144 24
513 27
383 5
791 9
31 7
277 12
29 27
205 30
367 21
811 5
25 8
298 29
874 28
404 29
874 27
117 28
626 8
117 13
5 14
532 25
928 3
737 4
319 12
33 19
632 1
168 4
545 30
501 10
441 22
235 17
510 8
913 27
54 30
100 18
564 23
742 15
833 16
186 24
347 7
323 4
102 17
598 30
464 29
349 12
386 12
807 22
453 24
294 14
232 19
270 9
408 14
804 27
908 27
85 29
207 16
967 11
853 20
591 8
286 19
333 24
897 17
787 19
559 16
49 9
668 2
535 2
304 9
6 11
948 29
770 26
345 30
966 17
639 29
406 13
640 14
518 27
29 20
92 9
576 23
287 20
181 26
536 21
583 26
5 7
841 24
238 7
375 12
793 3
882 5
51 28
581 9
753 30
129 11
490 3
944 22
536 27
864 21
778 1
476 13
458 28
58 10
149 22
730 6
602 17
23 22
261 1
653 25
186 12
104 11
618 7
806 8
157 4
967 19
217 22
500 29
735 10
451 26
343 30
447 9
314 11
245 19
894 20
292 16
297 23
387 15
808 20
690 18
339 20
278 25
60 27
340 13
45 1
829 16
207 23
806 27
636 8
742 1
475 17
846 27
49 15
630 24
338 29
454 6
392 11
536 11
350 3
510 8
278 25
381 17
768 13
850 13
163 24
291 16
502 6
403 2
441 5
94 3
228 2
510 7
863 1
364 10
923 4
23 16
269 7
144 28
975 23
306 2
847 14
239 13
449 22
31 20
587 5
614 15
89 9
334 29
796 8
706 1
639 15
906 6
4 30
570 13
966 17
742 1
818 19
120 29
655 28
730 9
130 10
250 9
433 29
824 27
779 19
532 30
234 2
306 27
50 26
292 17
791 25
945 23
236 11
186 13
417 19
4 3
438 15
204 19
666 5
449 15
871 21
728 11
947 16
339 5
634 6
662 12
388 18
862 7
867 2
536 17
948 12
395 8
359 8
700 8
824 28
282 20
378 17
954 28
667 21
394 20
441 15
381 27
663 11
441 1
361 29
28 11
449 14
954 22
951 18
597 29
185 28
389 4
280 13
271 8
149 23
874 7
735 17
669 18
236 24
627 4
133 8
308 21
910 26
804 2
680 23
267 18
399 2
219 9
34 18
791 5
909 3
667 28
607 25
233 12
937 18
826 7
580 22
50 23
399 4
280 25
171 26
530 17
408 1
649 23
244 3
791 26
772 4
465 10
148 7
392 12
700 16
469 23
871 12
282 5
267 8
618 16
129 8
65 18
268 2
237 27
281 15
551 30
449 1
242 15
564 6
951 21
412 30
418 11
185 28
657 14
824 24
99 17
52 13
966 20
579 21
292 21
215 16
527 27
909 10
441 27
597 22
674 30
690 27
758 20
657 24
490 12
23 2
29 24
702 22
359 15
753 17
254 11
789 2
271 11
359 20
45 13
797 30
797 30
171 12
179 20
111 21
31 17
26 3
267 11
126 10
601 25
112 12
710 17
11 26
793 26
438 5
537 11
186 5
334 11
484 8
804 3
339 19
175 8
966 1
391 10
186 6
545 11
565 17
601 2
172 19
846 25
110 26
271 24
778 23
449 23
605 10
867 12
793 22
438 15
74 23
121 19
298 21
868 5
167 13
353 8
74 19
525 21
99 21
597 5
339 7
451 6
381 22
306 4
234 10
873 11
267 22
239 20
349 10
482 13
917 9
45 10
917 25
680 22
917 14
967 5
302 7
361 12
945 15
102 22
791 9
388 21
328 3
850 12
186 6
780 17
285 12
805 16
17 25
952 5
373 8
890 3
193 24
595 7
387 16
128 6
175 28
889 28
934 17
968 27
777 24
247 5
28 16
337 27
313 5
221 27
651 1
596 25
324 19
529 9
651 23
238 23
301 17
0 22
936 8
387 20
649 28
327 13
219 24
632 26
221 7
441 28
392 12
4 25
235 21
665 7
149 12
315 24
742 8
727 10
555 2
438 30
162 18
759 1
157 26
544 4
89 10
388 29
329 13
390 3
778 14
946 10
730 8
50 19
418 27
37 15
380 14
347 1
861 25
550 14
119 5
207 8
649 7
94 26
943 1
770 27
422 23
629 14
765 4
695 4
213 27
401 16
254 21
246 7
777 25
43 21
47 26
5 14
339 22
81 24
77 8
391 13
857 26
239 21
295 29
120 9
191 4
850 22
169 24
811 23
518 1
175 28
292 8
700 5
766 29
487 27
400 30
797 27
734 23
328 17
581 29
537 11
699 1
657 22
906 29
193 26
99 23
389 19
219 18
269 12
784 16
1 4
67 22
449 7
204 12
663 25
100 10
286 28
399 9
874 21
206 9
874 20
259 23
397 29
586 14
214 21
100 8
23 2
864 8
323 3
649 10
35 14
614 4
317 7
958 17
412 3
4 9
199 26
337 19
841 18
281 11
878 21
678 27
261 28
454 26
375 9
185 3
682 9
846 29
31 21
260 23
333 15
928 7
248 25
968 24
851 8
451 7
325 25
677 15
161 12
790 6
857 29
219 21
548 10
513 12
323 21
367 27
89 10
836 20
710 8
956 12
679 23
821 27
449 20
865 4
353 3
213 20
357 8
942 1
651 28
808 29
100 11
250 11
323 15
548 11
23 20
639 14
399 13
159 15
399 19
703 27
261 12
468 11
857 12
245 26
768 29
250 22
429 27
657 30
532 24
418 12
463 16
674 21
597 25
579 5
306 2
791 14
525 10
632 6
547 14
89 1
768 21
762 18
900 24
798 12
93 15
487 3
649 6
23 17
267 20
286 19
347 19
74 24
437 26
537 15
628 24
845 18
785 3
548 25
412 11
760 11
185 24
680 19
614 14
116 26
207 23
241 6
617 25
917 13
282 4
964 16
870 9
765 10
121 14
501 18
704 22
971 6
454 12
465 3
622 8
738 28
916 14
61 4
602 3
328 17
917 10
155 27
923 13
339 8
292 22
762 12
6 28
221 10
783 12
362 23
389 2
510 12
16 10
502 12
152 9
560 5
534 25
422 28
937 10
227 23
348 15
480 6
4 5
695 5
637 19
66 28
390 24
808 29
335 14
458 17
726 22
31 30
611 28
966 11
328 28
705 28
802 24
60 23
401 21
238 12
397 5
31 26
818 15
941 19
972 1
884 25
167 5
624 6
718 5
283 1
217 6
269 28
286 20
923 8
928 2
598 27
753 15
250 7
888 15
568 9
142 7
58 14
842 1
32 22
112 5
179 11
910 6
629 3
25 27
441 20
464 10
852 27
781 26
233 1
472 14
535 8
326 16
267 12
119 17
639 25
966 29
891 3
151 10
404 3
468 5
161 30
418 3
729 16
57 21
879 17
254 3
835 5
320 29
218 8
762 30
4 5
343 10
653 10
284 10
377 2
151 27
99 12
448 9
401 25
254 5
324 21
181 1
583 30
395 25
925 21
261 13
915 11
676 24
295 5
852 12
404 7
606 10
513 8
45 27
348 17
879 28
427 24
710 20
966 3
244 24
510 25
408 8
260 28
730 21
289 20
193 16
323 22
753 17
323 15
387 20
233 27
264 30
178 29
534 15
422 10
537 8
665 22
330 14
359 27
746 15
451 2
128 13
381 5
718 15
835 9
344 23
292 16
88 7
617 11
975 24
967 13
742 9
314 21
555 10
889 1
265 4
759 20
37 20
261 9
860 15
750 10
554 3
94 25
323 28
484 16
205 19
177 6
487 12
456 26
928 30
438 20
441 24
29 19
965 7
333 15
399 5
850 16
723 30
195 11
829 27
12 24
339 9
714 20
391 26
26 4
287 24
598 16
972 9
506 8
55 11
537 10
124 14
227 22
120 6
418 28
359 5
5 15
205 23
620 10
295 25
282 17
649 12
814 9
57 25
797 23
720 6
292 6
735 12
30 8
397 21
235 20
199 4
714 17
43 24
209 5
141 20
702 30
950 27
541 2
299 24
341 7
98 21
845 10
458 14
399 4
327 4
681 11
555 23
781 11
430 26
319 1
282 6
330 22
479 5
536 13
472 24
72 18
175 17
292 15
567 29
122 10
114 6
753 20
737 22
169 17
649 29
61 9
50 7
92 20
388 22
689 7
952 20
535 21
911 17
464 6
428 1
357 30
335 24
386 27
942 12
453 6
593 22
128 23
699 15
368 13
884 19
730 15
620 17
444 7
65 19
199 12
793 7
239 18
915 5
829 1
50 23
884 12
829 14
234 6
702 13
281 26
619 24
696 18
325 25
550 24
535 24
52 27
818 8
829 14
576 17
221 21
843 5
645 29
692 27
632 2
738 8
797 26
946 29
