92
386
386
386
801
307
307
386
386
836
386
836
836
386
310
266
266
801
307
96
96
801
3
307
386
801
801
737
363
365
633
219
801
307
386
748
375
219
748
386
748
191
191
191
832
219
801
829
829
801
829
801
639
801
639
801
801
443
801
5
801
864
238
801
864
238
887
861
801
801
260
711
801
829
812
386
170
801
386
801
92
386
389
386
260
389
341
386
386
801
838
386
801
801
801
804
187
398
813
801
354
639
634
307
634
639
801
801
386
132
82
829
478
829
753
753
737
386
386
845
555
386
537
386
845
729
729
17
596
478
91
845
845
801
801
307
524
307
719
719
596
386
719
801
801
231
518
801
845
524
450
389
801
719
801
131
845
386
492
386
492
386
492
492
801
737
838
791
634
760
801
737
536
838
219
162
524
737
838
529
737
386
529
529
529
801
719
719
686
187
702
801
19
791
617
510
150
38
812
893
38
838
38
829
658
750
187
478
801
150
478
812
801
801
206
206
386
309
825
631
386
386
185
386
207
206
386
723
723
398
631
386
631
170
170
821
748
38
82
386
397
750
284
227
821
812
455
801
801
737
801
737
386
131
386
518
386
185
801
801
185
820
307
386
801
231
778
821
82
608
608
821
478
853
228
889
437
286
91
191
662
662
228
801
196
820
832
386
801
228
386
228
386
801
492
889
185
185
801
41
820
150
41
882
711
882
801
670
832
185
185
286
191
801
719
129
719
129
492
492
801
315
662
131
315
801
315
801
799
801
737
820
96
821
108
575
112
392
801
379
631
631
82
129
82
750
801
259
801
662
228
662
382
662
22
185
379
23
23
23
801
392
459
491
492
731
386
811
365
3
103
199
188
103
750
492
753
581
753
209
750
542
542
771
485
416
750
103
82
322
750
750
740
581
416
365
191
750
492
327
191
522
4
354
575
860
492
801
492
801
731
889
889
322
227
327
539
846
327
327
750
846
185
846
492
270
662
800
807
826
404
450
81
416
189
160
189
750
478
693
753
175
37
645
175
731
385
160
740
175
161
314
693
670
670
169
884
350
327
889
819
750
41
189
693
41
41
41
581
187
187
185
50
492
665
467
826
657
120
119
365
450
284
750
812
884
750
284
574
272
884
189
414
679
414
365
829
693
17
365
50
365
693
314
679
593
433
302
416
180
386
876
170
892
205
189
81
172
658
172
819
21
143
693
829
829
398
791
807
791
791
807
185
416
416
416
791
223
196
382
829
382
829
829
91
658
829
867
120
760
187
191
385
414
867
829
187
416
187
13
867
191
867
801
187
829
416
365
416
206
819
696
867
867
21
284
284
760
760
103
103
498
103
791
819
893
24
103
256
643
160
643
103
643
103
398
398
398
103
398
398
314
416
791
284
791
712
791
284
103
103
103
284
812
416
760
671
867
284
731
825
306
467
791
825
120
740
284
812
813
812
760
365
103
847
354
365
205
760
867
867
205
231
801
149
118
510
103
867
284
205
205
819
657
128
358
657
281
228
730
8
867
867
24
712
812
231
205
825
93
128
128
228
820
357
93
397
92
807
92
81
8
427
211
194
128
467
522
397
893
172
248
128
128
145
284
363
450
807
145
740
893
884
128
128
191
108
478
893
807
147
893
820
193
196
2
306
155
731
812
118
731
867
867
731
731
351
427
679
867
867
867
829
791
92
867
575
665
771
478
196
841
478
284
441
478
867
690
845
874
845
515
511
478
205
690
478
194
867
884
196
657
232
750
791
232
441
791
582
657
211
867
432
406
874
416
254
575
254
575
254
398
144
160
17
525
92
807
191
723
867
478
478
145
575
191
575
750
791
47
160
102
511
192
537
260
791
791
47
196
47
753
27
791
47
807
524
791
820
524
884
192
596
13
807
192
145
791
145
262
750
13
13
524
13
13
524
13
393
365
192
876
874
68
157
342
145
68
525
262
874
537
575
99
260
30
10
874
874
262
322
345
99
608
68
68
157
791
61
416
99
575
17
441
874
555
416
884
575
260
499
157
813
207
342
791
551
155
741
461
711
546
321
791
551
526
342
723
884
99
99
666
499
145
575
50
723
850
575
791
192
575
850
850
575
884
91
772
398
260
431
113
893
104
172
679
711
342
575
657
260
771
630
752
819
893
567
91
874
27
711
229
771
113
260
711
791
113
113
113
82
91
96
416
718
755
811
662
143
306
490
893
342
893
893
765
893
765
630
157
819
157
711
193
599
27
567
260
293
342
293
342
293
342
293
662
260
662
723
884
575
537
630
143
230
260
227
145
650
551
113
271
601
230
718
82
148
820
525
113
71
13
820
351
718
502
201
537
723
723
327
847
230
690
850
690
723
306
230
71
96
723
13
13
760
723
44
230
508
256
13
850
850
481
617
650
723
760
630
730
630
690
525
650
723
729
723
729
13
723
27
230
205
426
205
205
117
723
441
723
638
207
27
250
721
726
27
70
761
776
27
145
27
82
812
441
27
50
78
328
260
473
662
812
441
70
41
596
70
41
406
876
13
812
310
441
893
441
27
391
723
391
243
723
180
310
310
331
157
157
204
718
721
27
657
227
27
354
867
719
13
27
172
27
120
27
172
27
662
207
812
13
328
328
537
761
310
812
504
294
521
13
876
13
876
196
13
168
812
812
617
248
789
18
223
27
13
196
617
504
532
27
723
13
508
316
821
316
718
316
630
821
686
196
812
812
464
819
634
861
327
537
256
327
13
469
469
469
27
646
13
27
579
270
848
157
60
760
270
686
812
366
27
812
821
573
13
511
118
511
118
481
511
328
270
328
227
13
196
27
800
765
776
781
168
765
523
594
803
538
594
248
27
99
630
646
630
328
129
646
662
657
129
502
760
27
227
594
256
168
256
129
662
94
594
441
27
27
129
603
129
227
287
646
386
27
511
646
60
812
13
631
867
776
5
129
5
41
27
310
230
129
82
646
473
473
646
230
248
18
596
60
515
596
646
646
118
38
18
38
511
38
777
38
812
217
812
552
192
168
38
511
38
60
157
227
5
847
751
227
300
631
60
82
820
192
13
27
27
27
752
358
82
867
227
416
44
60
895
319
192
130
774
443
230
416
118
230
820
825
78
847
662
662
27
737
798
798
416
798
513
27
820
662
820
193
511
511
27
130
662
118
46
511
27
798
416
231
752
86
862
424
82
82
798
424
386
82
27
27
386
82
867
893
515
761
82
386
850
850
850
658
662
798
424
798
850
478
478
820
478
78
529
78
613
798
798
196
662
478
765
120
847
120
662
825
171
752
752
386
275
286
331
408
798
639
334
118
737
639
82
828
662
657
689
102
478
812
662
509
812
723
723
478
798
523
224
280
224
82
192
723
601
772
816
44
134
511
202
386
424
209
424
424
27
737
300
364
812
819
342
819
752
684
684
573
386
386
895
7
819
129
192
617
613
613
78
558
397
812
823
192
895
532
18
280
604
765
810
511
634
574
634
689
803
78
634
386
523
170
523
812
752
171
7
240
386
364
306
321
110
110
154
777
447
280
447
21
118
634
118
782
523
604
730
171
468
300
192
478
478
192
41
752
280
747
747
163
27
657
509
154
82
843
504
223
718
306
397
730
586
82
259
523
345
192
752
192
345
192
820
192
129
812
576
306
820
306
509
279
179
799
820
523
643
366
78
306
333
192
192
427
523
792
251
206
298
91
785
752
820
91
345
91
345
686
719
192
345
345
118
91
820
91
504
190
190
467
527
821
526
345
345
345
366
61
366
823
386
129
192
823
416
823
610
78
41
192
850
27
850
416
823
5
850
192
192
850
820
518
333
78
721
192
192
17
721
812
812
721
721
604
626
192
721
345
782
823
721
657
27
42
782
192
626
63
870
345
271
345
96
192
782
192
342
192
724
821
782
416
27
416
145
192
782
610
416
782
63
797
192
798
63
474
192
798
192
821
27
286
416
416
821
657
481
152
13
82
82
425
192
760
27
152
721
152
641
425
634
192
847
192
86
63
640
416
424
118
118
416
424
690
17
423
397
171
425
752
438
752
206
785
223
416
504
424
523
484
223
424
760
345
416
27
424
223
306
223
13
416
63
63
424
654
686
654
364
243
345
631
774
17
722
63
424
774
570
364
721
424
721
613
774
774
775
748
13
410
27
345
27
424
234
71
17
484
17
27
192
27
345
345
721
17
13
364
654
358
424
570
91
345
345
345
63
192
721
711
812
157
748
13
60
721
860
711
91
821
576
71
812
172
819
63
389
310
675
172
310
149
118
149
63
63
686
63
285
812
876
424
424
328
693
393
748
310
254
424
812
504
118
881
234
423
393
393
60
60
393
310
310
462
118
639
812
744
160
145
426
145
657
731
881
731
876
60
820
173
511
511
92
381
812
876
876
675
721
310
616
812
310
185
819
616
616
731
511
243
731
616
731
731
731
731
622
622
731
616
71
819
82
731
519
60
731
60
731
848
622
731
205
205
375
622
92
622
13
165
775
304
381
71
250
721
511
526
263
250
192
245
60
413
245
263
245
60
306
132
105
812
622
135
119
132
263
447
413
824
447
447
245
679
358
812
498
184
97
309
184
299
13
381
27
120
484
462
358
245
690
120
120
358
462
462
38
120
328
245
7
38
492
462
245
555
848
253
253
145
690
848
690
690
848
690
690
253
622
245
731
662
90
63
327
309
731
731
662
756
72
511
820
122
272
673
364
245
756
575
820
820
145
192
731
13
628
145
460
881
272
287
131
245
82
445
272
511
192
650
823
33
731
73
819
131
542
825
42
460
731
731
737
460
881
460
756
460
756
824
460
756
731
825
460
825
881
819
13
389
731
757
542
460
622
447
756
586
842
171
460
392
253
467
168
131
731
160
731
731
883
460
883
626
473
473
741
364
731
224
5
358
391
224
131
679
542
224
731
362
226
819
819
358
723
891
518
467
259
467
321
848
591
848
321
891
321
891
364
364
547
467
555
662
850
850
364
321
891
201
731
427
364
44
287
484
77
392
731
484
63
662
731
484
766
484
731
484
848
44
224
226
891
364
282
766
485
820
13
511
523
662
688
820
688
688
498
364
662
381
350
364
364
688
467
467
679
364
282
176
731
91
523
364
389
489
120
520
467
520
119
118
291
364
697
287
290
523
261
287
287
389
119
119
389
119
788
861
354
658
77
447
819
421
392
249
543
354
646
853
646
364
119
865
721
887
558
771
223
298
287
287
664
246
119
63
246
887
867
226
226
358
697
102
120
119
697
397
287
709
321
287
321
291
321
742
675
224
241
119
241
675
225
675
241
848
392
771
848
462
119
862
673
770
848
119
119
819
662
118
33
119
679
862
523
26
223
246
246
679
246
889
33
675
77
690
77
867
421
770
421
226
77
591
77
761
690
421
891
820
33
421
90
313
588
44
421
670
848
848
848
643
302
119
272
77
598
789
346
789
33
690
309
575
269
757
460
670
33
164
291
33
272
77
233
672
54
627
489
627
161
647
33
33
291
190
196
119
647
161
489
118
766
489
789
724
82
724
724
74
603
5
588
74
77
74
291
385
460
568
385
77
291
77
807
385
385
877
391
721
662
789
721
647
860
641
291
77
291
603
122
190
794
794
119
46
794
721
401
90
697
272
724
794
721
794
896
896
794
391
302
285
774
421
774
860
224
789
697
119
291
119
138
119
314
225
124
303
627
622
77
36
305
587
304
587
272
765
848
436
56
721
697
721
697
774
646
258
602
588
762
8
304
421
890
421
697
455
848
587
794
8
56
721
485
721
27
27
27
27
27
77
56
421
812
812
633
662
305
460
345
511
224
224
246
77
662
27
77
77
258
106
633
633
246
526
354
485
508
633
633
234
171
302
588
761
210
66
508
588
776
460
640
591
449
71
774
33
774
662
789
789
508
345
382
662
173
110
603
789
485
151
305
724
533
164
789
892
56
313
56
776
313
662
662
662
33
63
533
493
8
313
77
776
71
313
272
662
662
776
591
77
639
771
861
645
645
771
602
610
591
774
774
693
246
411
861
479
724
246
679
56
331
234
662
662
765
71
56
623
610
167
56
662
662
776
776
724
140
310
345
31
393
258
156
662
243
285
56
76
754
610
610
660
707
363
659
316
285
76
56
435
13
586
762
824
662
493
812
770
96
588
504
223
77
331
610
479
479
669
610
156
171
10
10
89
462
393
812
610
610
812
363
363
562
762
812
639
812
812
479
501
445
105
104
10
104
287
112
662
662
301
71
286
363
762
848
460
771
460
435
56
673
493
460
3
196
771
496
685
669
669
56
669
639
59
711
685
527
56
685
118
711
56
662
662
118
662
118
656
411
656
770
272
56
632
460
176
431
297
276
258
258
656
76
78
316
74
411
467
411
327
765
44
460
118
272
8
656
493
176
690
300
460
300
656
300
867
765
56
527
765
56
362
765
673
460
673
673
527
705
656
476
264
765
705
765
281
476
656
656
108
662
744
662
505
272
272
272
662
260
460
673
716
460
3
258
705
883
300
300
833
393
300
393
264
147
277
460
58
527
363
176
603
883
260
754
363
754
460
648
460
460
526
264
462
523
272
460
745
527
776
287
460
765
722
176
333
788
98
762
426
662
476
176
523
523
775
632
176
301
362
260
333
776
362
765
693
527
188
527
58
176
169
757
469
776
693
32
32
787
722
469
722
508
889
776
23
889
786
23
469
889
527
891
641
362
773
533
527
623
469
804
321
716
784
363
861
541
287
662
784
176
820
784
188
527
129
667
526
752
508
264
584
129
176
786
469
752
839
784
264
839
634
776
847
406
260
393
393
260
129
362
541
123
613
784
362
260
155
300
362
347
508
260
641
260
788
839
176
232
232
820
839
491
754
362
569
833
716
595
48
510
176
176
362
711
176
833
833
176
527
861
838
820
717
820
176
321
586
227
321
807
527
820
327
176
354
583
786
754
786
287
807
820
807
716
583
820
833
833
586
833
362
833
505
200
200
362
583
176
300
467
860
820
717
820
657
176
682
301
717
662
362
717
301
462
820
583
745
530
176
641
176
260
287
623
362
300
176
884
526
427
300
775
287
176
884
176
623
14
168
176
860
227
300
541
300
889
287
32
889
889
803
745
889
36
408
562
176
659
362
362
724
724
176
393
662
408
362
848
488
358
724
358
408
889
612
662
787
677
817
787
272
788
342
272
32
795
698
788
849
788
658
272
176
786
324
869
858
724
576
469
658
839
362
362
854
362
839
658
401
362
788
33
176
176
819
300
321
523
74
848
623
535
662
762
76
798
662
399
762
399
662
70
212
171
711
171
23
774
662
63
63
662
747
63
693
38
788
232
169
176
399
565
762
399
848
72
112
839
848
112
112
107
762
176
176
762
511
680
747
630
752
819
112
451
762
176
852
622
788
631
788
631
631
788
695
451
107
662
613
623
342
527
662
631
301
788
737
646
491
72
603
603
745
301
319
301
107
737
631
631
613
613
631
411
858
27
646
795
391
624
527
27
850
850
662
603
232
657
232
603
662
603
603
850
411
154
272
850
850
793
657
48
401
807
401
507
662
176
839
176
451
287
745
811
850
807
807
603
176
232
603
172
858
807
527
360
154
698
657
850
575
603
537
537
70
70
5
787
537
660
745
807
70
795
451
850
39
190
850
788
850
293
391
474
70
7
811
7
788
7
858
858
858
858
433
71
7
7
858
660
321
7
740
433
662
788
292
635
622
339
662
635
156
23
635
411
635
411
635
662
635
635
156
622
555
662
740
476
476
858
411
96
689
877
858
415
745
184
360
646
646
662
894
631
745
745
740
156
850
260
659
575
70
727
435
662
433
662
622
118
45
686
107
45
476
745
745
536
819
156
107
699
458
536
396
316
391
537
622
557
840
803
357
831
557
525
287
120
458
19
124
536
536
491
662
430
488
698
45
194
536
782
631
831
631
780
124
631
27
662
699
699
780
784
854
234
698
699
662
662
662
662
854
662
172
433
396
408
23
408
699
699
795
840
699
780
780
631
699
782
433
168
631
58
631
172
399
172
699
723
631
399
45
699
2
139
25
622
381
287
723
699
381
699
381
699
699
867
631
862
862
631
662
631
470
176
662
63
557
699
176
176
626
300
824
176
662
260
88
527
854
186
631
699
557
433
527
699
699
124
833
782
7
7
780
780
580
70
639
376
57
46
376
662
107
631
631
107
176
839
839
710
664
698
780
756
777
780
777
747
773
578
176
260
107
780
780
193
339
862
867
867
70
313
631
194
631
107
27
664
782
782
27
680
537
360
631
576
698
782
63
107
721
107
176
640
664
149
774
774
279
631
46
46
698
117
774
840
107
854
321
156
867
348
117
756
537
631
396
107
25
260
107
293
894
480
293
782
260
774
774
260
491
63
756
107
774
780
782
774
756
782
699
176
260
780
782
895
575
260
360
260
895
699
491
480
188
774
260
480
260
782
877
480
782
810
107
46
480
760
760
782
284
537
725
575
782
774
774
774
96
188
260
760
662
894
662
860
573
151
284
867
284
829
797
631
854
360
284
662
662
176
651
662
284
650
284
650
118
662
118
284
284
284
780
436
90
581
284
503
36
658
226
662
339
747
664
193
581
662
581
724
662
226
260
193
575
765
193
279
99
877
284
724
226
840
698
284
358
681
480
284
501
226
260
774
780
488
358
58
660
573
58
472
279
279
774
684
38
436
58
724
260
854
357
765
100
174
58
770
58
724
446
530
69
357
357
723
357
877
780
824
824
69
69
96
578
69
673
663
840
840
651
651
883
424
701
260
845
826
63
69
57
69
840
870
746
870
424
826
424
124
69
396
824
578
260
441
723
780
332
424
99
877
82
668
578
384
96
298
868
96
356
396
774
127
780
260
430
301
751
396
673
319
441
628
260
424
384
839
260
424
260
260
850
269
850
396
354
260
125
633
894
18
877
628
424
424
191
424
897
58
628
331
441
530
530
58
286
72
332
18
18
18
441
441
18
441
628
441
207
234
36
584
36
424
809
809
130
441
827
63
751
127
595
99
191
339
396
441
441
293
181
770
844
19
384
680
234
396
396
176
627
408
510
293
342
18
812
305
305
19
730
812
181
305
628
628
19
19
812
115
842
271
510
584
865
19
181
347
22
54
301
305
305
523
448
377
377
305
809
809
809
785
578
679
377
19
257
19
809
305
780
307
730
334
710
679
260
260
19
118
502
809
628
840
710
840
578
809
19
840
199
840
809
501
628
19
19
134
635
795
19
578
36
730
123
419
628
531
123
301
19
635
127
19
809
196
259
431
277
167
377
628
116
518
803
36
287
504
809
108
809
179
179
166
809
510
746
628
839
628
839
19
301
301
194
33
174
86
246
803
246
377
301
810
196
377
384
196
125
504
747
803
741
578
286
207
96
207
196
578
174
447
745
612
72
294
560
166
196
741
19
584
18
838
18
196
504
196
72
196
72
72
96
127
72
764
578
314
196
123
662
384
246
824
108
143
127
578
578
279
382
196
867
431
196
17
196
17
196
20
578
86
196
143
196
347
877
431
578
436
354
38
587
18
168
578
307
485
587
485
485
485
54
448
448
587
259
578
20
485
199
20
537
812
199
199
199
38
812
587
812
888
587
500
839
343
286
508
724
845
587
38
343
167
447
334
237
587
103
343
167
877
127
286
341
259
19
676
645
726
603
603
448
537
832
237
448
461
343
654
237
72
159
159
60
20
760
663
663
526
587
587
784
20
447
223
237
20
159
354
445
445
445
445
223
38
223
384
341
453
832
165
55
445
159
38
133
225
125
159
38
38
159
38
159
692
19
125
725
125
309
603
603
306
730
19
603
187
343
343
724
341
414
313
55
578
724
589
554
222
343
578
343
212
226
472
290
384
404
491
404
55
315
315
633
786
494
226
226
226
404
319
404
315
404
315
290
290
226
447
100
100
64
633
633
817
780
832
343
817
780
587
458
343
445
430
458
342
343
404
557
55
290
404
279
404
259
724
447
724
544
784
672
622
622
663
307
850
819
9
404
404
563
622
358
587
458
358
476
343
430
343
17
17
196
38
163
260
163
780
586
795
53
83
413
413
430
430
404
663
404
819
404
501
795
587
404
430
724
163
163
731
563
587
343
531
865
343
785
313
587
123
587
663
865
865
265
865
587
587
663
865
587
865
672
267
114
768
114
587
501
169
780
433
512
654
587
9
512
333
287
512
795
104
512
590
224
384
539
590
587
731
9
454
563
226
18
603
9
404
817
309
125
404
309
292
309
309
587
807
512
317
470
587
169
631
587
612
871
265
260
9
587
527
38
159
386
354
212
140
260
331
663
317
317
392
622
384
163
159
260
9
9
17
587
1
398
819
265
819
622
317
819
34
587
587
413
631
433
663
785
279
18
662
34
357
603
724
673
724
313
395
267
333
775
502
502
587
724
29
156
156
38
897
724
663
279
317
267
207
724
281
839
776
317
404
578
587
536
265
587
724
317
265
265
785
333
395
724
265
38
395
587
404
724
29
29
395
633
404
771
534
587
386
785
819
156
724
724
156
678
156
850
587
850
156
386
404
224
18
289
510
510
430
587
724
724
785
587
263
317
112
716
534
587
811
587
430
784
192
587
495
260
716
492
587
819
622
223
29
873
813
716
223
743
776
63
762
223
223
587
813
654
727
96
877
267
877
724
192
192
267
754
155
727
309
309
743
819
776
819
868
819
819
175
400
225
724
584
462
107
192
776
63
105
294
224
587
96
96
819
754
813
660
404
155
265
147
305
305
846
710
724
156
340
194
476
454
305
80
340
305
96
584
80
96
102
661
621
661
430
661
96
633
473
661
473
584
80
663
501
29
661
661
191
504
584
102
747
386
473
568
568
534
587
349
754
83
265
265
83
104
653
267
267
673
13
873
194
83
587
633
265
754
502
321
234
103
587
661
622
103
103
191
555
96
819
587
502
152
59
579
579
522
548
305
80
152
548
96
738
502
660
261
21
717
502
321
234
230
404
759
471
868
175
724
175
168
340
867
633
555
340
771
661
646
313
420
440
510
347
191
191
191
534
525
868
868
168
199
797
495
770
123
534
628
342
662
662
155
340
584
404
287
678
510
29
49
155
488
340
724
287
404
590
471
41
525
646
404
889
207
646
719
646
623
657
41
678
321
623
133
877
404
404
555
163
163
404
112
112
646
404
342
340
555
300
404
404
321
163
717
163
343
576
736
487
126
305
140
234
679
163
163
442
163
260
234
205
40
287
743
163
587
305
305
163
404
372
322
392
322
29
163
302
413
890
413
724
413
490
413
890
123
486
29
413
387
440
525
527
194
343
343
343
343
413
413
438
49
166
527
438
527
267
387
413
387
413
166
387
523
157
413
302
47
447
646
387
387
678
387
646
29
882
490
488
620
584
392
99
606
387
287
118
817
584
388
357
388
388
584
396
413
413
396
413
302
302
487
396
234
174
234
396
897
628
780
897
387
143
628
662
624
662
388
387
897
103
388
80
583
442
628
272
635
387
784
387
99
272
387
678
609
279
396
678
99
657
300
387
856
387
785
587
80
657
387
609
442
80
387
657
784
897
678
305
286
678
813
387
608
534
163
443
387
813
742
305
443
747
80
387
441
234
609
769
451
624
609
338
530
519
624
314
163
640
769
387
624
812
48
839
186
536
461
536
536
181
181
630
630
597
597
630
630
597
630
666
630
597
717
163
624
657
387
717
587
597
754
597
501
597
501
374
374
305
48
620
775
725
725
657
597
657
536
657
624
342
476
186
476
354
697
819
662
522
194
866
666
391
391
666
597
597
679
298
386
181
386
597
597
597
102
597
249
747
747
717
442
224
662
525
866
866
597
597
234
343
354
848
597
187
697
155
597
187
316
662
434
661
662
747
208
267
587
377
317
298
662
82
848
10
322
548
322
99
298
179
587
839
238
630
587
786
163
77
77
186
587
839
786
223
788
587
788
740
670
234
724
728
662
272
587
756
834
587
609
897
834
587
21
587
781
587
812
492
234
597
234
640
234
781
756
587
781
587
181
495
300
85
724
476
234
238
313
823
224
724
673
670
413
661
314
502
747
597
314
314
501
234
787
234
767
234
431
234
220
795
84
224
234
653
442
653
442
247
247
222
234
834
234
247
442
868
182
224
743
314
314
99
314
770
609
424
267
267
314
175
314
258
434
897
413
747
267
434
608
267
819
234
653
354
225
374
404
398
666
398
398
819
888
708
387
314
314
267
624
305
280
866
747
354
670
222
653
234
404
442
404
834
194
747
624
481
481
297
354
481
897
481
481
234
194
354
442
819
633
678
102
819
819
398
819
398
819
819
631
287
819
222
186
394
372
678
523
394
594
548
134
640
267
678
548
287
354
548
597
287
287
895
374
374
374
895
496
373
819
287
272
267
757
683
292
570
374
94
398
374
683
683
683
234
843
374
530
374
522
548
888
237
819
392
888
222
501
94
657
484
534
866
484
756
897
267
194
594
843
398
839
267
897
338
194
194
237
484
819
424
501
314
424
673
484
762
662
128
460
573
119
321
727
888
237
194
329
194
329
481
594
888
888
163
594
727
519
727
12
186
174
437
186
888
594
90
431
431
501
194
501
888
501
194
594
194
501
888
501
187
443
730
662
811
888
849
222
824
424
175
321
354
741
345
694
119
163
387
487
398
374
194
329
800
119
666
666
743
119
6
119
194
119
811
119
501
201
590
878
597
597
186
194
811
597
424
633
811
442
374
287
666
678
413
413
694
692
305
662
194
666
666
398
854
431
694
70
856
629
83
629
856
394
25
526
526
186
670
629
287
653
374
666
132
756
394
394
627
225
413
858
123
9
132
605
374
163
231
666
472
442
200
394
340
392
489
594
584
104
200
398
526
200
819
398
526
688
231
666
431
26
666
9
666
104
104
132
132
726
194
104
194
515
164
174
340
530
174
145
104
174
174
623
515
132
201
201
201
201
201
305
163
837
798
104
104
756
224
623
104
623
104
163
104
350
386
163
219
734
431
287
218
426
392
546
608
105
608
392
104
105
888
104
888
426
392
354
392
354
824
25
104
174
771
305
132
194
133
337
222
723
473
818
132
847
426
355
727
426
374
702
366
133
824
861
511
105
104
292
99
104
511
511
392
295
747
104
846
856
234
74
92
160
392
154
756
160
519
426
104
50
175
349
490
864
490
347
243
804
132
132
426
629
243
224
426
253
426
132
492
489
253
139
426
253
546
301
426
253
253
253
546
253
546
160
287
426
426
756
426
253
430
118
347
105
623
426
623
234
629
856
187
489
457
798
426
661
426
398
661
309
201
514
629
489
637
629
292
629
292
428
426
756
442
426
311
292
311
116
187
187
677
660
292
629
425
105
734
392
874
580
442
311
564
311
564
564
311
313
374
442
743
343
838
132
48
374
374
133
381
609
311
8
374
374
299
311
661
660
187
187
374
731
783
253
432
299
374
661
426
392
311
292
299
374
374
613
374
764
188
886
392
354
727
374
299
299
374
426
864
488
288
639
314
426
426
374
374
84
234
794
594
771
542
200
426
660
708
783
219
473
708
381
187
381
501
381
661
807
607
607
279
200
661
133
132
596
783
693
798
381
381
132
200
200
200
381
381
661
839
661
200
222
200
462
843
730
48
677
48
48
462
677
473
48
481
609
48
48
142
783
608
481
651
481
186
693
48
836
708
708
139
476
426
336
426
133
48
661
133
133
133
661
897
129
654
594
710
654
528
886
869
839
60
598
287
175
662
305
260
530
133
655
133
424
60
133
710
186
24
313
24
734
366
734
734
366
747
133
734
886
734
839
661
895
253
249
839
522
734
171
594
24
734
473
504
48
481
335
335
203
504
260
321
783
335
504
710
359
662
424
522
708
737
135
193
249
629
511
126
747
335
462
105
462
710
252
811
504
133
252
252
700
432
388
432
504
270
504
46
818
504
114
55
186
504
292
710
700
710
462
811
462
142
142
710
146
747
783
812
708
249
812
492
895
462
129
462
646
694
811
162
462
895
397
462
390
462
180
836
146
252
895
818
442
595
381
886
664
129
662
827
662
473
710
530
162
646
783
584
836
411
783
880
539
411
539
488
511
782
530
146
654
504
542
55
631
781
827
411
693
675
693
411
827
511
827
229
403
556
553
619
556
880
782
500
868
880
782
662
146
511
824
536
473
511
556
420
539
319
319
539
70
511
190
897
820
897
139
539
60
836
240
500
250
511
511
536
511
286
400
539
135
457
426
432
318
318
783
546
511
662
240
133
146
489
426
121
139
193
731
783
48
504
549
500
517
855
473
662
460
255
631
424
1
424
897
591
820
473
102
549
803
473
803
675
730
730
591
511
511
730
591
473
897
549
549
489
803
489
727
744
424
532
536
133
280
511
343
411
584
511
115
536
836
536
178
824
536
102
730
836
536
836
584
163
556
218
218
359
783
730
730
511
681
756
756
783
153
591
756
756
280
731
730
536
836
170
163
163
660
670
539
783
783
651
192
675
539
686
734
867
488
536
121
511
536
691
675
511
731
194
194
424
439
835
121
451
511
121
580
61
26
164
194
440
26
426
687
539
756
207
511
856
591
591
536
536
675
675
178
662
665
881
665
731
731
426
881
731
716
178
662
629
76
662
536
200
536
121
536
426
662
662
175
426
406
426
730
426
126
426
426
590
426
100
744
662
610
190
190
178
695
803
687
687
178
76
200
56
426
483
734
359
825
687
687
392
536
825
335
102
536
135
170
536
133
536
536
758
335
424
116
194
803
63
63
1
652
356
63
198
63
590
171
536
18
18
754
63
687
146
234
178
198
603
292
883
198
63
440
824
330
171
224
190
563
178
563
563
63
426
881
590
198
643
440
135
883
824
63
897
63
792
121
250
488
198
198
426
639
488
640
644
63
164
687
488
881
488
881
426
346
488
160
563
590
303
198
481
260
198
619
192
185
225
63
303
303
63
104
716
440
178
28
121
160
63
716
787
303
575
326
198
563
77
77
687
63
728
728
63
300
675
319
63
89
63
18
716
716
716
556
321
716
408
260
851
185
692
488
426
556
754
121
793
192
185
407
770
591
692
121
897
121
719
685
121
63
488
234
144
335
234
773
292
234
684
592
742
776
89
4
716
740
210
556
875
500
440
234
773
481
769
164
481
63
662
827
28
769
848
312
769
756
760
46
875
760
875
875
760
875
426
875
799
556
875
585
605
799
683
683
760
683
312
647
312
175
848
4
639
799
646
799
646
801
676
40
769
321
662
432
185
373
646
234
373
646
185
185
640
646
321
871
185
838
294
116
592
185
373
683
373
373
808
556
585
646
646
721
56
646
365
530
530
646
134
683
219
158
754
178
683
683
749
683
838
178
874
312
312
270
312
287
365
754
359
365
365
754
754
365
399
838
754
287
294
556
365
747
838
178
178
701
662
224
154
118
154
207
178
530
662
400
818
759
818
321
164
710
400
196
397
710
134
710
294
818
4
100
819
178
754
178
4
710
178
491
614
178
118
556
897
770
118
164
662
164
854
440
701
854
440
244
742
244
701
440
734
244
361
710
361
818
818
818
818
710
312
710
710
662
734
662
734
440
710
807
852
589
662
175
440
135
888
792
234
175
662
440
662
584
553
327
888
321
260
321
719
662
740
63
178
234
883
662
754
260
742
640
662
840
608
502
555
438
840
438
40
321
178
530
662
178
440
747
488
135
400
883
411
840
807
785
840
578
578
840
840
321
47
530
771
194
321
194
438
438
260
294
54
578
537
359
662
580
106
260
662
386
445
320
684
662
662
646
321
146
662
272
684
747
747
878
684
438
400
684
283
815
640
400
178
175
175
175
178
640
175
807
178
807
178
175
175
223
175
708
134
423
451
519
403
598
223
598
312
403
438
175
840
527
260
527
684
684
527
223
694
63
178
411
486
708
178
580
105
897
815
219
486
400
374
223
374
374
294
530
486
747
578
694
810
374
321
321
356
810
374
810
694
272
565
187
565
854
374
201
63
734
727
98
356
259
500
374
109
6
109
6
272
756
222
107
374
175
374
580
321
580
33
33
439
332
847
297
684
338
803
589
164
175
438
400
488
666
521
338
134
338
338
664
438
400
734
403
708
265
734
734
244
580
265
580
265
265
734
249
259
439
580
553
683
115
589
878
589
553
292
195
178
195
292
439
259
718
321
683
63
807
883
871
734
259
244
446
292
607
198
198
439
146
374
294
693
338
94
63
719
607
175
435
201
816
664
63
483
223
63
146
194
246
223
63
63
243
63
734
734
246
260
164
178
356
609
63
63
664
195
178
259
423
265
260
260
740
178
267
783
374
124
590
580
604
664
260
287
374
664
504
260
760
631
503
69
549
175
643
374
374
374
266
780
178
747
135
4
519
64
519
374
519
780
690
201
664
175
201
201
819
374
201
664
710
446
374
439
201
549
175
869
131
134
175
131
175
740
376
175
110
74
423
646
312
664
201
769
877
521
201
201
230
780
260
824
175
260
521
521
201
760
640
640
424
580
272
272
56
483
69
316
194
74
89
113
201
201
312
201
321
481
780
640
312
851
260
283
584
584
201
69
780
201
69
336
89
640
48
851
69
69
69
283
69
523
74
400
74
568
646
124
246
646
260
114
851
851
69
445
854
438
292
721
69
851
292
292
643
589
161
589
589
244
204
4
244
654
11
589
646
134
664
664
747
747
589
537
201
580
292
646
178
886
664
274
442
230
463
547
292
400
896
292
613
204
312
546
664
481
848
654
204
662
230
204
292
204
483
204
707
825
646
230
747
2
292
400
204
654
654
292
568
851
568
312
888
106
397
179
678
835
168
438
438
521
654
168
644
654
851
274
581
204
673
217
824
780
513
424
530
530
551
756
664
673
124
124
881
530
780
260
886
374
259
63
224
875
875
530
835
68
135
259
825
259
654
316
312
113
891
287
530
483
881
463
259
338
839
316
581
287
238
287
438
308
513
308
513
513
124
854
452
614
513
614
124
839
881
463
4
761
365
115
68
776
467
463
513
530
115
123
124
807
124
631
642
244
55
55
165
165
696
736
598
483
113
397
467
438
438
260
463
379
301
124
467
61
467
61
499
463
607
74
696
446
168
545
313
696
438
83
652
781
875
187
438
187
124
273
379
273
165
273
338
796
438
438
891
114
486
481
124
481
301
301
839
486
438
486
481
56
187
124
438
438
80
165
165
500
224
481
187
312
438
473
839
807
839
481
803
875
614
664
260
348
114
839
260
273
168
491
170
320
313
579
423
706
481
481
879
64
80
530
438
577
68
377
204
438
187
405
855
292
580
813
814
187
195
508
374
589
662
320
224
749
814
217
814
198
204
489
519
824
420
486
814
814
260
260
489
124
489
555
575
424
579
260
575
579
195
595
41
80
589
875
579
875
260
679
397
591
187
679
792
875
260
513
575
74
854
579
64
187
335
807
854
320
879
348
259
751
259
556
556
260
556
513
377
204
320
875
87
320
260
260
143
513
320
74
513
328
292
129
835
835
187
320
591
609
513
424
320
696
177
292
875
292
177
177
696
506
320
260
807
126
126
22
374
797
383
320
199
292
292
292
548
320
542
486
513
545
513
238
548
835
187
446
14
482
792
466
766
548
180
669
372
548
775
548
768
883
835
372
883
22
562
562
446
756
689
320
731
330
595
428
168
673
609
673
424
835
664
134
424
807
320
840
593
382
593
431
486
372
187
579
372
489
835
372
766
833
611
741
134
244
424
875
815
155
320
392
438
438
276
438
815
579
513
204
438
155
204
875
204
875
249
574
593
820
506
433
177
875
4
204
204
433
204
500
580
433
433
204
473
482
473
204
680
796
591
625
119
33
720
18
13
40
851
870
562
288
607
433
113
266
177
433
318
94
94
94
598
123
680
98
33
482
534
363
771
875
680
815
177
433
177
598
755
807
30
113
113
113
92
807
33
771
837
808
659
33
808
482
41
13
545
545
545
13
433
580
580
589
853
523
294
560
556
607
607
853
68
607
665
875
482
433
312
831
808
139
808
656
607
851
607
610
808
808
482
580
792
591
482
598
68
204
589
808
542
542
676
204
542
580
123
591
204
542
542
428
560
87
587
808
13
204
177
13
70
70
771
204
428
164
771
177
428
342
482
781
792
676
164
796
438
832
84
438
607
13
31
875
239
482
688
542
68
324
68
875
388
164
320
513
92
473
320
320
388
591
204
164
224
70
239
224
696
94
180
195
225
438
224
224
195
218
224
523
451
815
500
204
580
483
542
245
790
400
123
271
36
224
224
354
506
94
204
224
720
484
153
737
792
224
204
6
484
598
893
388
164
224
388
560
591
292
397
397
591
407
696
542
407
170
260
224
204
591
726
204
591
123
292
224
261
484
430
239
407
442
645
440
339
339
771
7
702
89
290
155
440
153
580
153
153
144
204
238
204
484
484
397
7
591
238
591
354
354
204
517
153
115
170
534
500
702
534
224
534
702
424
250
591
526
113
238
113
765
652
720
113
693
407
702
593
290
649
702
815
113
113
534
591
534
534
591
702
591
666
547
669
103
354
701
702
593
702
815
702
815
743
593
702
460
593
669
662
260
6
261
702
638
638
113
113
542
591
736
443
698
441
113
441
693
441
260
290
560
441
591
290
483
339
441
770
301
239
770
441
591
68
52
441
297
248
870
441
699
591
117
261
224
74
887
688
688
887
301
591
309
560
560
507
702
796
519
483
484
560
474
354
11
117
560
560
260
260
225
301
560
123
260
887
483
887
397
239
260
473
103
168
301
560
838
6
91
591
886
103
260
702
441
18
886
782
560
502
560
848
317
156
317
156
259
688
260
260
390
560
156
260
473
6
57
603
261
123
397
261
170
702
26
838
6
260
313
662
6
241
260
688
260
688
123
156
13
156
411
506
224
676
826
371
803
237
803
64
64
688
89
301
301
688
688
144
803
342
144
484
803
144
287
460
688
688
68
669
203
124
669
430
854
484
434
826
242
430
430
307
242
412
123
826
412
730
430
496
460
260
180
710
260
785
710
314
341
259
245
124
792
496
785
260
260
560
430
756
519
555
92
659
70
457
372
260
6
158
560
430
225
123
260
260
430
430
838
834
260
430
547
769
4
754
123
4
430
473
473
513
260
430
123
580
4
496
542
6
4
689
113
6
6
314
626
313
123
815
542
415
415
457
312
513
415
542
472
730
260
604
411
718
411
4
192
662
533
412
434
838
123
513
259
235
513
260
666
626
673
144
144
803
803
235
476
662
354
235
696
354
415
673
136
91
826
673
803
662
156
673
757
689
513
136
831
411
730
260
415
626
809
411
757
757
91
91
646
235
519
38
430
785
354
114
91
27
550
122
225
192
497
192
192
312
192
411
91
831
225
114
701
831
626
782
503
748
430
430
261
497
356
430
699
699
345
345
34
445
664
545
807
440
699
545
809
886
519
838
838
838
27
545
27
68
886
730
57
491
525
525
27
666
807
245
245
631
846
589
250
143
785
139
384
27
522
774
342
27
27
785
422
519
679
646
342
785
522
164
245
189
617
139
139
384
730
545
313
189
189
815
751
754
621
500
774
513
513
757
483
483
483
483
730
156
155
723
545
545
572
653
530
234
545
460
666
886
545
886
545
653
653
342
342
491
545
545
807
580
785
580
342
234
41
609
580
807
877
580
758
702
757
757
516
879
580
96
580
595
827
578
54
537
473
626
580
580
192
192
513
807
807
513
513
203
513
428
167
339
234
765
513
513
374
59
391
560
155
497
497
626
203
96
203
203
882
723
112
155
752
27
473
660
637
188
525
879
114
273
273
621
560
342
667
96
342
473
572
103
752
473
13
13
473
886
886
96
460
133
460
428
156
428
339
351
537
339
646
676
192
720
720
320
815
550
339
848
501
580
580
428
783
661
783
430
428
882
428
96
122
96
513
676
49
428
428
428
485
550
525
550
273
260
481
560
334
497
626
501
751
816
525
49
849
102
188
366
366
661
560
485
485
720
611
188
560
533
560
143
673
673
382
156
768
673
677
533
320
501
882
485
366
831
156
827
328
418
49
273
362
839
366
831
366
183
156
854
320
803
882
855
4
815
550
537
418
550
328
550
545
545
699
699
375
874
483
49
557
229
137
831
832
831
278
619
84
803
667
831
375
166
874
189
874
366
854
831
831
550
661
720
831
98
661
660
831
792
792
831
792
831
366
854
779
831
366
366
792
831
831
619
677
366
366
98
854
699
677
604
854
39
677
631
430
677
533
677
661
86
69
675
544
39
86
854
69
854
604
854
885
226
772
69
112
156
874
604
46
46
768
779
580
11
525
519
606
366
49
685
433
854
685
430
480
779
854
731
854
169
169
169
49
172
121
525
70
371
371
169
854
260
122
856
210
525
631
631
481
768
485
121
672
375
854
607
121
792
604
86
604
604
792
250
278
533
156
121
121
339
121
631
339
121
775
121
371
121
775
706
49
604
480
430
360
886
886
768
339
644
121
440
339
121
34
666
371
440
423
268
550
121
156
834
685
515
803
423
849
440
473
33
339
266
886
388
84
84
428
775
775
189
121
886
428
70
604
428
189
428
339
339
886
519
14
664
699
210
260
440
849
886
881
41
371
73
41
807
525
440
350
106
339
677
854
854
854
854
641
229
49
428
644
34
891
344
854
33
33
815
681
398
360
407
407
75
545
675
545
49
675
447
604
611
63
49
344
604
604
121
294
260
604
339
440
769
769
121
785
440
579
332
260
611
122
785
260
545
801
658
616
339
339
801
525
135
481
599
599
33
675
675
359
662
294
460
294
41
193
774
619
440
785
359
460
33
39
801
210
170
71
256
33
362
664
481
14
135
860
122
401
39
460
481
838
481
445
33
897
635
754
33
33
626
860
734
551
140
469
440
881
440
290
855
652
752
752
117
13
33
176
33
176
469
525
277
88
525
854
856
854
359
838
481
734
632
88
286
854
874
440
734
260
854
832
469
555
752
879
88
838
49
233
287
287
619
533
442
286
567
897
325
440
554
537
856
210
286
11
442
855
378
286
122
122
555
842
156
854
88
210
88
775
256
356
356
661
545
399
515
801
210
52
490
49
432
533
645
44
256
545
442
44
44
356
526
769
611
41
105
441
441
210
88
356
610
515
52
855
88
210
260
832
88
653
121
699
88
662
719
855
699
218
135
610
369
530
831
88
543
345
842
879
210
210
88
389
610
432
610
701
440
210
441
260
860
33
515
69
135
288
7
699
41
743
71
283
420
420
610
816
860
401
492
773
773
26
442
686
515
356
854
134
288
288
288
33
773
378
237
483
795
442
183
442
224
134
699
773
501
33
773
44
773
370
375
442
442
401
442
773
442
442
646
378
543
773
260
370
260
176
646
881
773
610
59
264
420
164
801
106
164
576
773
283
203
792
260
835
27
835
485
854
176
854
290
33
164
441
233
567
719
233
854
733
854
199
645
50
768
233
854
420
645
13
854
543
510
279
879
14
344
420
732
69
344
370
854
403
290
290
260
529
95
69
567
40
344
582
344
172
129
69
854
854
734
562
172
661
399
661
172
172
661
768
399
420
854
725
562
562
869
53
290
880
725
493
725
475
290
706
475
562
221
469
6
854
562
176
854
420
854
357
420
854
752
309
874
370
30
501
44
122
529
734
567
279
854
529
614
69
469
734
732
69
562
290
44
502
245
831
44
880
442
880
256
647
879
122
284
879
604
501
859
562
736
854
529
44
356
44
379
831
379
379
562
859
562
859
562
69
831
897
122
880
881
562
881
44
129
44
44
562
44
64
344
357
64
879
11
279
56
569
854
379
716
381
41
284
854
134
733
98
533
135
545
533
555
662
351
545
399
653
135
129
689
118
209
843
135
855
193
389
612
255
402
218
570
423
44
379
255
570
379
210
766
513
420
210
617
255
570
139
283
501
134
134
501
210
129
881
129
210
283
134
401
441
129
309
33
41
773
732
863
863
255
44
255
56
286
135
135
57
724
662
205
350
379
188
677
529
162
401
350
122
612
677
382
205
382
69
350
386
350
284
118
41
350
284
677
63
677
863
677
423
283
612
870
245
290
869
677
677
677
209
612
122
63
677
677
493
41
501
874
489
677
357
382
382
41
382
63
863
420
677
41
95
725
677
188
677
828
41
382
612
382
63
332
569
350
122
634
122
647
612
41
647
323
634
612
791
387
677
41
382
63
223
41
350
41
699
332
697
379
677
332
640
379
630
854
63
854
854
63
332
379
580
424
238
379
580
379
238
379
41
80
63
677
284
310
634
580
379
677
99
162
310
711
677
828
469
284
382
382
99
94
41
255
657
835
806
432
420
432
611
201
545
611
41
469
545
13
57
69
57
513
382
879
382
290
57
57
425
44
382
223
382
44
382
95
63
382
57
57
95
95
382
382
176
76
662
79
369
357
647
357
432
69
432
255
595
255
529
357
711
502
432
162
366
95
255
76
69
662
367
162
497
747
475
76
497
382
576
611
188
766
432
41
852
3
244
34
697
497
183
475
162
162
382
366
357
147
699
41
366
209
41
475
469
611
41
611
616
167
34
98
41
41
432
379
290
41
98
41
90
766
674
79
722
167
242
167
611
611
603
603
201
366
525
382
525
525
41
49
699
703
883
73
41
320
703
41
320
662
320
8
41
41
320
95
525
703
629
762
1
41
255
550
382
63
382
382
34
350
665
350
41
193
41
350
350
41
475
193
255
389
500
382
193
567
567
356
567
379
41
193
265
747
545
403
545
265
571
382
531
270
95
41
95
662
235
41
596
634
545
41
514
732
76
469
760
373
80
849
754
815
382
134
69
621
143
264
382
255
657
382
382
261
131
596
576
143
62
432
245
432
207
596
483
69
207
207
637
73
73
432
763
701
76
654
11
255
501
207
264
207
272
432
62
79
272
643
767
19
207
162
79
79
706
73
897
697
62
359
763
639
172
172
706
207
639
207
62
2
7
667
382
667
621
320
382
183
382
320
382
501
207
62
853
639
621
17
382
207
488
469
359
314
243
176
531
88
388
711
531
79
749
648
207
817
118
62
90
769
760
665
382
706
255
286
809
607
555
129
809
207
122
662
441
547
441
686
632
320
501
501
629
484
571
581
625
441
620
488
7
501
43
122
501
118
501
118
245
483
889
118
501
122
364
501
118
666
364
676
787
118
389
501
501
889
706
501
484
31
787
207
706
118
501
122
371
793
282
157
118
412
734
412
90
501
4
736
815
488
450
207
41
666
661
207
379
501
179
417
508
508
521
54
207
327
43
676
181
666
666
207
41
661
320
207
661
442
580
61
209
320
41
736
320
661
207
256
320
754
409
245
245
207
432
580
734
387
364
195
381
666
207
41
209
499
348
499
720
207
684
207
286
666
509
545
666
409
387
889
666
635
666
387
314
207
660
79
381
498
666
286
889
719
206
755
79
889
207
889
320
889
79
382
580
406
286
826
506
82
626
803
307
79
307
662
307
414
580
345
768
320
165
118
373
79
373
860
286
7
7
265
662
488
7
417
649
881
307
807
210
286
283
881
173
255
265
803
881
881
409
239
210
79
639
881
498
662
209
785
666
510
382
162
286
286
662
286
406
118
815
432
661
734
494
406
884
40
719
662
245
881
662
162
666
162
209
209
137
393
137
207
207
373
629
248
629
662
738
891
881
881
881
286
207
410
720
691
410
662
488
426
207
629
207
207
393
31
867
744
581
207
629
551
426
309
173
666
516
754
691
510
69
387
666
245
494
676
414
835
629
860
510
685
382
205
18
494
488
769
563
111
673
207
173
382
685
691
54
388
497
698
248
207
835
320
494
248
691
382
205
207
382
205
462
79
867
207
352
205
207
409
409
207
381
826
826
483
585
203
585
49
352
662
543
323
489
662
352
645
207
826
494
367
662
367
496
689
209
207
728
207
360
409
49
585
662
207
496
207
661
238
661
745
666
264
33
290
585
367
585
290
50
662
600
689
149
290
162
728
520
662
209
662
536
367
734
847
255
255
734
662
734
734
662
826
414
414
259
335
410
184
135
184
854
184
330
35
790
734
499
734
854
486
734
96
149
600
790
734
740
790
745
600
748
790
790
884
769
426
24
162
149
753
290
855
256
867
717
666
728
867
699
728
70
637
666
835
551
441
414
754
238
172
657
753
50
787
149
49
856
648
259
135
877
50
488
414
688
852
440
296
50
661
172
666
259
815
157
162
884
162
319
728
556
296
259
456
654
296
854
639
374
281
260
676
296
172
385
856
281
385
795
856
281
612
423
769
676
207
867
679
734
624
835
624
679
426
624
290
50
264
661
40
382
207
434
18
207
406
605
706
207
706
157
207
157
867
238
46
207
688
451
207
207
207
118
547
157
666
259
558
259
172
734
157
243
82
259
804
296
723
207
828
828
56
259
483
259
483
207
828
666
18
207
56
828
259
259
259
319
828
207
40
828
455
455
151
455
455
612
126
55
766
55
209
281
40
795
619
561
209
100
619
290
35
852
666
459
296
619
619
400
410
100
410
126
619
459
619
164
390
619
459
219
207
760
666
455
679
679
774
828
666
666
126
172
612
612
172
172
871
296
84
676
455
208
676
619
168
619
619
86
815
92
723
168
828
296
296
265
432
443
168
443
589
734
455
856
261
265
733
733
296
86
601
86
296
249
883
672
264
561
734
699
260
455
455
786
561
734
455
734
172
260
260
249
455
90
90
551
787
90
281
233
172
601
172
473
172
587
172
271
255
374
90
78
90
271
78
425
131
374
382
243
374
382
374
53
90
374
733
668
314
787
859
787
598
172
666
859
374
131
260
840
374
387
303
374
303
787
119
161
161
760
515
608
188
455
561
737
387
62
387
382
455
188
53
387
387
387
172
172
561
769
387
685
668
766
172
172
162
813
41
41
375
382
41
382
264
375
790
172
119
119
639
172
172
264
260
561
172
711
375
259
40
172
639
53
238
90
172
90
259
200
172
172
734
260
440
561
711
551
292
153
374
103
374
260
561
521
561
172
809
390
221
668
440
561
164
769
521
563
583
374
583
583
390
821
668
260
563
398
345
398
374
551
612
382
662
521
662
374
662
646
574
153
378
153
440
612
164
600
859
646
740
619
374
90
662
662
294
374
662
662
313
287
386
787
662
62
425
852
62
662
374
345
345
662
619
292
661
425
507
162
661
682
200
374
768
734
374
570
288
144
852
440
813
878
86
86
445
703
445
425
791
515
563
859
264
840
374
619
637
840
440
345
662
345
662
570
646
113
515
515
69
292
813
583
162
570
440
612
374
440
662
612
799
425
374
657
657
673
425
385
509
662
662
238
375
523
791
440
734
440
813
374
504
374
807
86
768
440
689
689
799
351
374
248
455
791
374
374
662
248
260
248
248
662
135
662
375
375
662
668
706
547
867
260
807
706
508
867
689
689
145
689
445
852
876
425
375
425
689
260
38
38
38
404
563
69
428
374
807
151
662
583
55
55
55
193
375
232
440
482
482
292
662
706
260
563
689
345
689
637
427
662
807
425
876
689
878
662
78
445
143
482
807
849
202
202
445
100
187
187
445
502
878
689
187
799
673
214
333
757
260
583
599
455
599
455
799
374
292
768
599
202
880
880
502
385
192
143
425
214
482
116
757
880
757
866
214
874
451
432
374
557
445
30
599
259
599
566
504
802
566
214
374
374
369
599
662
425
583
880
778
374
116
844
844
283
345
844
374
283
202
118
202
374
202
374
583
345
583
880
332
551
184
382
319
176
176
502
502
862
502
469
176
374
374
176
374
214
386
270
482
176
374
270
260
385
721
270
883
374
283
260
69
221
588
599
774
374
270
374
270
735
374
523
145
270
374
86
374
270
374
645
374
703
374
502
374
735
374
374
703
86
374
374
645
292
86
209
239
374
883
883
396
164
755
482
883
883
260
568
883
288
68
327
849
555
657
555
555
735
488
123
813
502
705
51
187
841
588
721
504
187
388
366
388
469
685
488
685
260
118
841
612
705
588
803
488
480
488
123
34
877
666
480
666
24
666
569
349
654
593
385
654
24
883
523
459
290
133
757
626
827
652
299
626
299
523
469
652
469
517
523
523
652
662
222
760
579
760
720
283
260
260
488
871
577
804
469
720
366
366
364
364
147
55
100
288
260
288
523
523
100
260
260
523
168
63
517
662
662
427
427
662
505
645
662
817
662
517
662
662
52
260
517
498
260
51
517
783
783
636
588
517
662
737
685
425
588
517
445
445
52
517
52
52
884
292
504
781
502
260
781
705
517
502
641
781
335
817
783
445
662
377
260
802
445
662
588
445
588
588
662
802
327
747
377
365
140
662
469
469
260
469
260
260
662
844
260
835
469
99
225
720
292
68
429
662
292
662
747
662
445
781
662
292
483
662
469
734
854
502
641
783
588
734
523
747
508
335
335
525
854
734
734
787
454
508
504
214
504
73
469
100
523
852
734
335
734
523
734
260
504
734
483
483
100
669
385
385
734
654
100
504
508
734
734
679
149
563
385
260
525
385
260
385
469
260
236
419
288
419
236
825
385
488
199
260
260
260
469
469
58
272
288
523
854
762
335
449
24
51
369
384
207
236
523
734
783
641
734
641
658
24
469
469
24
734
488
596
783
119
384
384
854
483
641
24
483
783
483
374
855
641
260
823
24
636
60
753
783
143
469
385
469
367
783
307
550
469
626
723
307
469
884
551
260
469
469
469
260
825
791
39
307
561
39
367
504
791
483
143
578
330
143
143
143
791
626
807
39
469
791
721
791
192
143
804
143
143
791
708
791
561
143
804
207
760
504
578
143
734
808
808
502
793
793
791
504
793
143
641
469
469
39
39
236
174
469
469
759
367
358
799
504
599
658
236
621
259
808
593
190
469
884
551
791
557
386
24
262
190
143
143
262
282
282
259
251
262
262
793
887
174
887
145
673
260
260
720
429
662
289
521
143
566
521
374
774
374
260
289
374
419
641
408
367
896
374
143
60
289
190
557
835
523
162
199
804
199
647
259
259
826
259
696
259
759
259
759
641
469
359
143
162
641
177
596
260
260
523
168
60
259
259
259
734
190
260
721
260
374
469
262
377
468
861
429
654
377
168
143
260
619
262
660
199
687
143
143
759
143
551
260
199
162
170
143
658
734
243
170
67
143
143
599
262
574
260
580
262
60
262
358
532
740
183
262
469
662
734
443
705
260
734
262
883
262
60
832
521
141
141
199
358
735
747
510
366
510
101
71
101
302
141
366
805
199
366
443
43
590
199
696
715
366
590
852
662
307
896
46
590
590
734
262
236
374
696
451
260
82
260
881
429
691
333
881
469
429
696
101
806
855
39
155
556
183
155
67
199
67
199
67
260
327
199
374
556
199
696
199
734
260
199
199
250
760
71
837
236
461
451
734
199
827
39
199
696
581
169
199
674
551
451
715
199
715
581
581
350
581
15
451
406
52
199
674
674
641
101
451
674
328
674
451
199
632
199
622
734
199
351
662
199
734
837
199
848
207
260
207
199
26
551
444
459
199
15
374
500
510
374
336
330
459
260
459
551
647
596
724
881
306
883
510
883
200
199
647
856
66
662
715
593
593
110
496
688
429
837
432
827
886
374
827
267
154
662
459
662
26
307
307
469
26
662
443
85
180
193
149
745
837
745
766
443
443
85
443
259
718
432
85
701
745
307
832
745
692
307
307
483
259
867
187
745
692
566
662
253
593
437
307
21
253
881
881
481
556
307
307
307
204
110
803
307
662
826
139
374
183
556
886
250
662
110
374
110
881
307
207
803
199
207
869
207
199
640
436
187
832
436
537
262
207
715
183
556
679
556
556
556
551
207
551
483
662
537
869
641
802
483
187
260
721
662
537
481
262
481
216
436
387
662
207
387
715
692
701
387
594
556
260
662
24
869
715
581
314
581
260
443
20
101
662
662
662
443
715
214
42
243
551
715
374
243
24
151
92
260
523
551
279
199
825
260
142
763
199
309
260
763
674
802
260
60
68
551
763
42
207
350
443
24
734
260
530
581
260
581
85
755
802
11
266
260
216
551
551
259
764
101
551
551
466
715
142
715
260
883
387
139
374
721
239
142
715
807
715
636
149
253
596
715
149
126
149
260
835
587
314
715
856
443
259
20
142
715
20
802
99
259
259
745
260
260
802
149
149
163
260
142
259
99
790
868
585
721
715
715
126
510
602
790
658
149
358
374
374
327
658
392
392
658
392
163
163
163
142
830
99
163
99
307
42
528
101
830
781
503
423
503
259
260
99
68
163
510
306
830
886
830
764
260
511
540
825
540
510
510
207
715
872
769
803
745
423
729
616
510
830
572
350
540
675
675
830
306
830
830
628
830
306
745
745
872
510
830
874
830
68
596
390
163
696
388
459
24
745
24
170
866
536
110
60
545
766
528
91
133
662
662
825
745
44
662
761
872
390
142
359
764
826
259
259
557
260
557
596
802
853
826
853
853
259
259
764
380
253
163
662
769
853
306
380
380
306
721
766
621
766
380
199
306
745
822
764
616
616
822
872
662
765
596
380
306
848
764
267
516
802
765
765
853
872
60
60
338
459
338
674
338
596
853
721
750
596
750
60
60
483
142
444
766
483
498
441
306
306
540
826
483
483
390
483
674
380
674
483
674
750
647
483
825
536
674
897
390
390
99
718
390
616
641
718
596
596
826
594
764
745
455
674
765
825
229
721
540
696
376
376
376
535
765
446
204
307
674
647
596
36
787
671
751
609
444
469
333
444
308
787
787
443
596
754
14
444
238
238
596
36
596
36
238
13
238
238
596
596
594
708
446
724
825
808
67
596
67
266
444
808
865
446
596
724
787
724
825
609
92
606
802
606
787
238
297
13
866
602
351
153
688
376
186
787
787
13
866
692
787
128
764
764
13
304
600
724
600
600
13
128
866
825
376
685
662
655
224
636
757
636
128
718
836
437
400
825
825
724
365
600
787
186
787
387
123
787
787
365
708
787
708
390
535
44
376
868
390
259
390
600
729
600
787
307
267
868
617
750
163
600
787
765
765
721
787
687
721
847
446
766
16
600
267
822
866
600
600
787
655
655
787
303
387
721
600
52
565
692
163
163
600
387
429
718
688
688
718
163
163
446
822
787
308
822
655
472
655
24
385
24
429
502
265
187
866
787
223
390
676
676
787
688
688
787
429
429
787
24
502
688
655
374
138
866
766
689
429
502
387
787
721
387
636
655
655
446
502
261
825
797
689
408
263
660
868
261
718
199
359
689
607
527
868
429
359
718
225
359
773
24
688
199
199
636
340
636
199
619
306
636
261
660
660
356
267
51
261
721
721
619
408
199
199
660
408
408
111
279
408
408
24
306
306
619
224
856
211
408
211
436
856
272
286
265
15
313
326
279
359
123
751
364
751
60
720
751
356
340
479
225
24
778
16
225
89
868
883
432
721
261
835
503
60
340
279
503
225
340
364
835
225
225
696
540
835
751
751
503
225
645
645
340
835
225
15
503
448
835
751
835
835
15
835
408
378
392
103
225
448
306
306
857
124
835
92
15
359
364
364
598
484
349
446
835
209
155
225
225
773
480
340
340
671
392
835
3
729
542
306
848
301
306
3
359
352
15
306
459
713
689
92
459
897
359
260
591
597
691
183
29
306
260
307
306
307
398
57
476
540
364
306
307
306
183
359
92
111
61
306
359
359
364
306
122
61
15
89
691
453
340
703
531
192
668
145
773
306
306
773
306
306
773
340
308
225
531
225
484
484
225
225
540
591
43
777
540
777
260
776
777
668
776
668
668
359
692
359
766
671
752
531
776
620
482
307
633
307
359
307
547
260
817
398
484
304
817
448
591
340
484
540
655
829
655
626
265
591
593
307
359
762
540
540
271
484
737
540
448
830
540
448
540
692
540
692
448
359
531
340
43
105
830
801
456
448
408
540
3
858
858
324
364
359
340
3
3
29
729
714
61
448
89
120
414
443
662
540
307
414
279
414
588
391
407
359
591
398
591
846
604
396
359
391
391
409
307
359
192
306
153
153
582
691
414
824
279
505
306
666
398
591
783
340
756
209
359
446
763
359
591
485
848
588
58
141
260
498
655
807
850
101
850
669
850
153
414
414
824
141
199
61
193
340
128
359
359
498
193
359
755
861
540
253
540
183
877
591
597
359
128
690
841
209
841
591
841
540
540
591
591
128
209
783
531
359
260
307
860
746
591
307
391
290
746
746
236
591
746
319
319
746
319
31
31
591
319
746
657
762
746
620
394
247
850
540
398
424
307
540
636
250
488
721
702
250
141
25
306
290
247
736
448
149
366
498
498
366
247
488
250
488
498
207
252
312
705
705
488
641
211
755
260
283
498
868
818
79
79
79
312
818
145
705
762
236
145
807
145
407
407
79
260
407
260
817
359
598
207
598
498
426
566
126
207
540
79
161
802
540
376
865
161
250
181
865
79
79
79
818
161
161
818
818
690
250
250
805
846
802
547
445
525
657
183
79
79
79
181
802
183
802
309
802
651
79
540
79
141
802
391
398
498
359
161
626
708
391
391
391
391
708
598
598
691
498
498
255
391
512
777
634
36
540
420
79
591
52
591
181
304
126
634
802
277
277
662
609
535
746
746
807
620
391
540
271
616
616
713
713
546
705
554
161
865
488
535
512
535
626
511
488
488
554
865
488
765
351
68
488
166
535
604
535
57
93
535
535
802
535
229
591
802
554
802
166
355
802
391
233
93
233
472
411
802
540
784
445
445
540
217
533
365
511
294
511
391
389
260
675
15
689
359
708
304
391
351
1
391
668
36
216
304
445
185
359
359
869
535
882
593
445
304
445
554
157
738
267
591
802
43
116
43
157
409
213
807
157
710
403
207
304
304
725
511
802
774
511
645
304
800
807
219
807
304
157
645
382
691
531
43
43
535
705
535
535
163
807
762
802
535
762
535
31
708
324
799
531
830
865
57
675
590
17
800
578
821
64
324
578
800
600
578
647
803
591
279
1
689
554
382
308
308
578
713
865
498
43
382
554
554
207
554
250
396
531
339
554
29
554
554
29
554
540
554
531
531
554
470
382
802
554
29
29
38
29
498
116
29
116
36
715
858
400
29
802
153
483
554
578
802
566
359
566
82
29
531
359
105
600
867
342
286
93
304
591
637
766
637
832
169
832
662
531
662
540
540
637
5
675
531
708
36
488
36
325
38
607
705
705
604
116
60
325
540
5
540
304
79
5
540
384
473
713
713
657
369
169
80
498
105
319
540
713
280
554
662
554
79
79
183
2
705
36
349
123
705
75
75
265
142
142
351
705
2
705
705
713
651
105
2
765
765
351
765
2
260
637
735
735
2
735
540
540
735
864
864
864
177
327
832
36
657
832
725
325
359
142
325
765
105
580
142
725
735
735
748
735
464
765
748
421
142
580
142
580
142
580
748
580
80
580
580
36
689
36
799
725
816
816
105
366
498
675
366
620
729
611
325
359
662
410
799
154
443
583
583
580
580
182
152
789
540
789
2
832
745
73
660
620
540
789
580
725
662
488
187
498
1
696
662
561
729
464
729
531
546
729
620
689
725
366
832
519
326
105
108
651
765
187
729
729
765
33
527
816
105
729
366
765
816
876
598
729
832
573
388
142
142
187
18
454
181
454
17
765
583
187
598
105
729
546
68
126
573
377
366
377
832
137
876
68
479
688
373
32
358
688
609
359
33
729
748
359
175
657
101
729
183
86
377
688
561
729
358
312
818
18
662
358
359
181
419
583
183
583
811
377
745
561
527
101
358
101
648
101
729
667
108
797
17
729
183
377
827
377
827
729
564
17
377
654
377
479
2
449
108
108
419
654
108
108
674
108
729
325
359
864
703
876
578
359
349
823
573
821
876
356
519
876
864
876
566
715
554
479
359
13
502
675
827
785
326
17
674
821
366
366
359
225
366
662
169
689
876
412
445
325
359
578
85
419
355
696
729
615
673
659
729
777
325
698
359
260
17
366
261
483
52
377
169
662
52
742
312
470
376
376
734
424
366
278
684
424
816
564
729
470
698
734
734
729
696
225
483
34
695
92
475
500
696
225
703
43
734
454
108
483
327
725
478
662
662
662
813
862
14
247
531
105
734
500
599
725
564
498
527
185
279
14
662
659
801
137
14
662
527
247
876
496
356
459
361
659
659
870
527
647
500
500
498
848
644
14
644
659
500
662
208
500
208
876
135
647
725
647
611
696
644
247
696
279
131
327
2
662
2
648
369
261
369
261
746
588
662
167
858
74
347
208
404
74
208
351
564
208
662
662
588
662
17
208
876
208
141
662
876
243
500
304
742
50
18
786
169
829
564
662
243
662
507
588
74
418
674
74
376
418
114
759
811
418
564
527
87
369
418
310
327
573
674
674
428
674
418
888
750
844
455
169
428
829
418
418
786
662
464
662
858
169
578
279
443
843
858
829
754
169
310
858
391
483
164
339
754
167
754
167
578
675
483
440
530
811
364
765
765
573
384
737
310
459
310
246
662
167
673
483
36
611
369
483
483
369
793
876
318
876
793
261
369
869
500
667
611
483
137
483
682
498
682
247
682
662
225
260
428
647
411
411
470
260
647
647
483
737
725
673
737
411
47
411
483
647
350
418
336
336
224
765
522
662
662
876
361
689
411
376
593
578
725
725
725
522
725
225
662
522
483
167
455
18
208
797
17
675
662
643
725
424
815
689
689
647
662
208
178
662
662
390
662
829
384
564
692
564
725
647
647
390
390
560
211
819
17
219
737
647
786
390
819
464
564
425
237
47
644
645
879
690
644
829
208
675
211
648
662
384
257
609
611
149
593
662
609
562
411
208
629
725
208
301
464
648
209
31
583
464
771
790
690
545
110
740
209
209
499
430
662
355
209
430
209
633
47
411
425
209
819
425
209
405
216
608
819
737
314
209
208
47
609
47
690
169
425
211
648
208
765
199
823
208
692
807
647
42
216
42
17
411
735
411
85
813
643
31
647
607
735
260
689
723
723
411
209
723
723
449
355
355
411
183
870
167
47
723
609
607
208
50
50
167
355
401
390
83
167
735
813
50
418
843
342
662
167
167
167
735
735
418
50
50
208
723
171
171
390
692
723
855
607
686
390
823
85
717
717
118
695
369
390
390
208
31
169
237
380
633
742
475
118
618
819
633
633
355
208
849
390
647
662
208
647
713
792
562
662
167
207
647
611
611
475
47
607
47
607
47
571
563
47
475
647
475
449
879
723
31
257
692
85
475
829
85
607
307
307
767
98
598
742
742
85
475
531
692
473
47
717
411
549
149
288
377
269
728
767
366
449
475
476
788
607
98
364
633
364
807
85
349
349
531
658
812
106
855
449
150
411
511
511
390
449
150
607
390
367
668
424
819
563
607
735
629
607
698
607
52
424
411
424
185
607
85
85
86
194
411
641
658
421
199
411
662
342
542
767
150
52
582
307
797
855
140
826
325
797
542
797
325
366
325
488
150
797
662
150
449
206
424
424
22
424
140
336
376
424
767
424
892
660
607
22
22
424
542
424
424
424
22
542
384
408
408
424
9
542
805
658
604
304
235
805
106
801
805
209
50
9
106
106
140
51
349
658
607
98
556
588
779
625
498
748
748
366
655
98
411
140
767
140
505
140
690
340
51
604
604
748
424
792
725
894
505
563
604
140
376
604
498
786
604
825
604
361
167
692
194
140
194
364
361
340
140
827
505
140
607
505
604
505
340
328
299
140
354
361
731
505
667
140
408
408
140
498
377
805
60
52
396
604
813
604
31
411
366
376
767
734
604
811
604
149
604
604
365
365
767
767
365
340
297
604
653
811
166
285
498
705
607
892
646
449
651
585
297
140
367
166
607
687
660
257
607
607
607
181
99
811
106
428
367
692
687
692
260
425
607
627
498
358
563
240
140
428
607
140
607
640
564
140
717
562
692
692
511
14
687
730
684
687
767
767
850
221
425
562
607
513
605
335
399
140
708
140
140
607
850
850
850
868
399
525
850
687
325
767
751
751
390
717
386
607
399
811
767
751
737
354
607
717
797
573
607
876
876
319
383
607
80
675
356
751
400
18
376
849
424
849
424
247
424
797
140
561
482
399
482
582
511
399
621
864
80
482
399
482
531
299
498
519
607
322
260
113
260
113
498
483
309
240
621
876
621
598
598
367
367
113
766
135
150
313
366
500
607
598
399
728
309
811
728
598
728
728
728
150
598
367
849
113
531
225
531
715
116
728
299
299
299
299
299
178
849
135
607
115
849
598
598
299
598
113
29
150
511
9
150
498
113
150
288
149
288
498
367
299
314
598
531
559
367
715
367
18
74
288
607
607
367
113
314
585
651
876
506
559
637
637
40
482
498
687
648
648
785
113
607
731
811
750
703
74
607
768
703
811
377
811
74
828
74
829
168
703
168
750
366
827
98
55
98
703
74
314
18
314
607
621
621
621
768
559
184
559
215
559
7
184
731
350
350
559
811
675
365
30
4
170
113
607
449
651
811
55
113
621
607
607
629
113
604
98
684
607
559
428
424
621
47
47
498
397
498
113
480
424
93
113
564
822
199
449
607
55
607
607
350
295
621
679
233
199
21
354
858
233
498
498
662
498
607
233
498
498
498
607
651
651
651
358
424
498
849
449
607
186
50
682
598
295
604
313
295
526
526
295
295
602
621
498
110
857
849
498
510
755
350
258
849
367
827
115
662
525
481
376
299
376
448
152
127
731
127
41
397
299
253
579
361
152
715
610
299
276
186
596
152
152
584
165
685
598
786
367
542
367
257
579
354
828
165
366
127
657
18
684
738
90
627
397
330
411
562
458
458
367
196
196
579
607
649
649
398
458
686
458
50
199
258
199
621
598
330
330
456
352
347
43
720
398
585
728
330
728
458
728
823
152
209
849
598
715
728
728
715
562
598
50
728
50
391
598
598
424
55
598
727
728
827
350
225
849
827
728
403
604
257
207
598
257
209
152
347
579
579
347
720
849
526
358
598
598
598
367
692
811
598
57
692
564
598
201
276
849
692
18
705
653
653
653
715
512
715
604
780
598
626
113
604
607
827
840
692
186
653
186
809
653
366
720
70
684
399
280
198
621
668
811
811
827
689
377
448
377
347
70
626
347
682
70
627
828
794
366
546
512
391
50
292
107
425
794
425
626
403
403
238
50
349
50
287
50
386
653
687
598
292
627
498
203
498
626
552
30
30
50
203
50
233
41
416
51
261
83
552
14
794
219
794
794
219
827
526
147
41
135
135
135
868
280
280
844
715
725
627
424
823
653
512
280
165
260
14
14
165
715
14
715
794
720
821
512
794
512
794
14
311
661
465
512
526
165
668
531
50
794
93
859
566
512
185
90
276
621
14
512
843
21
653
868
531
720
21
366
720
21
720
843
552
552
621
552
811
571
207
244
617
207
276
287
93
50
653
297
207
422
585
766
189
171
498
297
424
209
498
583
261
498
498
686
794
602
602
391
380
264
526
849
814
849
629
637
476
818
178
238
178
849
629
149
629
256
688
849
720
498
617
122
792
792
122
621
257
621
185
260
185
792
621
498
621
621
538
498
498
448
792
531
186
354
720
498
855
186
531
805
336
619
66
66
849
878
640
878
257
531
307
155
598
311
621
552
311
621
818
621
667
667
637
598
827
818
818
257
552
552
552
552
552
170
257
365
531
786
210
621
68
391
257
552
257
697
684
257
697
214
305
792
287
508
508
519
688
320
688
385
299
826
688
186
621
311
852
512
498
688
498
498
538
538
170
83
50
209
119
667
453
110
264
688
305
459
280
299
512
213
213
852
751
110
83
155
194
786
844
286
110
498
552
194
688
688
688
684
83
688
669
194
20
588
490
552
843
552
667
110
684
684
165
548
110
126
688
667
688
667
688
737
667
737
667
751
667
849
629
424
849
297
498
720
720
538
498
552
821
424
821
538
286
843
694
785
18
257
18
446
546
868
483
44
483
110
768
386
498
287
651
365
287
83
83
287
786
287
694
257
297
199
629
297
380
264
637
694
786
694
257
83
23
498
181
135
519
629
629
83
705
826
768
693
470
376
498
488
18
305
142
297
483
821
598
694
811
715
849
181
598
598
821
811
424
662
811
598
213
621
332
646
287
821
811
811
199
863
213
786
213
213
297
444
261
766
651
651
44
651
821
181
821
786
297
626
199
498
688
424
698
786
786
213
443
424
688
70
720
34
286
688
671
667
552
667
688
626
286
843
626
403
693
705
352
598
23
213
70
792
792
149
737
286
538
662
305
181
470
562
70
848
498
546
546
209
552
305
64
688
119
546
181
786
18
628
209
546
562
598
737
737
18
70
424
181
628
581
814
643
846
18
108
846
708
846
524
640
108
727
708
257
734
891
18
155
257
257
155
181
802
195
802
802
155
380
155
257
651
802
108
651
659
286
424
391
391
391
708
498
155
70
538
562
424
235
235
170
170
653
424
802
424
546
424
546
585
594
307
802
598
878
802
209
209
209
574
307
821
518
802
751
574
802
574
155
206
501
686
199
574
686
286
502
286
841
181
181
209
209
653
286
574
424
132
286
26
674
424
674
424
155
391
48
424
674
286
286
512
512
863
686
863
252
562
686
286
286
825
424
380
562
181
312
619
634
252
480
820
498
581
674
286
870
465
327
170
589
827
138
149
353
723
562
108
307
518
391
518
826
336
138
18
182
465
108
478
119
562
123
424
707
221
379
221
433
72
119
389
827
856
123
138
569
100
518
243
389
122
123
119
538
379
869
119
119
390
390
319
708
606
636
379
465
386
854
704
869
704
511
704
511
511
704
674
106
60
826
44
869
44
297
70
686
511
422
511
511
686
673
786
535
41
115
41
115
518
353
518
34
295
814
57
358
41
869
420
587
115
718
678
307
621
297
686
115
445
673
445
389
358
606
44
606
814
358
60
358
358
420
199
115
108
389
358
507
606
511
115
459
594
511
479
108
869
869
358
826
44
143
243
235
702
670
108
786
196
523
552
686
511
142
465
686
224
154
61
108
864
718
299
752
108
869
609
752
535
752
869
292
108
639
511
224
702
715
387
275
572
372
707
869
639
704
815
704
766
704
535
571
275
326
245
752
535
542
535
535
704
478
210
91
643
633
511
725
538
511
606
142
47
389
142
389
149
704
704
864
224
864
326
636
790
431
224
869
864
224
224
786
25
275
264
142
326
326
235
149
727
275
72
224
142
574
142
348
538
824
869
275
465
245
585
824
441
382
145
694
8
790
790
694
540
296
650
686
568
348
568
643
307
307
307
275
441
694
372
275
307
694
8
275
264
694
694
307
246
694
264
747
307
8
636
686
8
226
298
726
226
674
142
142
142
142
142
142
226
142
450
142
48
142
641
641
535
824
606
765
142
264
694
694
694
214
51
733
674
166
653
558
717
142
694
733
226
765
694
765
498
275
348
694
686
869
511
14
142
726
733
694
14
694
269
677
677
619
694
14
686
686
538
726
667
689
689
869
694
14
142
142
640
653
653
869
694
693
286
694
77
511
766
511
264
511
609
869
511
693
286
51
726
286
312
286
286
511
264
619
258
869
100
186
780
609
869
378
689
689
264
77
77
269
77
694
694
856
694
662
869
93
142
689
356
376
412
511
286
511
511
14
511
386
70
286
268
14
70
824
376
511
386
511
636
714
714
643
268
268
356
714
714
142
841
165
609
165
122
686
714
142
714
686
70
122
122
376
686
142
199
125
125
142
649
142
142
191
245
604
694
268
561
245
142
142
142
312
142
686
511
694
245
662
8
714
481
561
700
268
245
312
561
14
542
518
321
142
596
122
354
674
268
300
714
752
147
80
890
890
609
694
321
797
680
595
604
797
693
609
522
474
474
474
378
260
527
595
890
891
300
860
890
70
890
312
455
890
686
674
686
417
245
70
325
686
14
694
14
686
604
595
674
14
735
110
417
142
286
142
142
650
312
300
686
747
300
218
443
694
527
223
595
735
186
142
1
890
412
41
443
720
890
838
720
720
890
720
735
204
747
735
300
735
142
661
222
417
552
201
747
443
305
312
720
201
883
201
297
439
58
417
149
814
29
443
142
304
424
300
304
720
305
305
122
814
55
376
822
305
305
77
765
297
312
747
747
747
747
305
77
720
814
868
877
747
378
649
720
877
360
877
312
443
762
29
262
262
443
515
142
165
345
312
312
199
762
199
720
195
142
546
164
376
599
890
546
511
199
72
253
511
360
546
890
720
616
511
616
669
881
890
338
669
270
360
890
360
296
887
565
296
674
302
785
890
14
785
294
890
732
766
61
376
47
720
400
72
400
890
130
347
652
548
747
294
643
489
261
286
890
890
6
347
890
347
890
296
261
890
401
130
401
877
41
261
546
130
142
890
130
142
296
142
890
296
287
385
234
890
368
130
669
385
612
142
511
125
1
565
276
565
887
376
488
72
125
629
565
218
890
238
502
827
827
629
14
626
890
890
723
488
194
194
408
130
890
385
450
323
450
565
385
511
408
747
323
323
890
694
91
276
91
890
264
511
154
408
66
408
130
565
890
154
376
890
518
199
890
647
897
549
545
164
507
890
890
21
890
762
626
565
887
626
675
511
626
675
626
511
294
294
70
294
562
207
511
403
565
583
441
625
479
653
102
312
565
562
890
583
583
890
111
416
890
297
501
297
897
297
887
93
501
410
297
518
762
130
294
686
643
742
130
528
48
643
276
46
518
40
562
385
668
624
210
560
297
506
183
183
561
431
294
561
548
561
276
887
638
561
527
638
643
445
250
225
643
294
511
887
638
93
130
585
551
218
561
297
294
856
218
218
585
551
561
299
276
1
561
659
513
551
93
561
561
561
638
12
50
561
297
692
299
376
276
93
585
612
130
566
546
504
297
207
186
561
638
519
513
207
513
619
750
619
546
297
733
733
50
546
497
261
887
261
546
612
546
546
261
546
261
546
276
546
297
887
501
297
93
638
638
675
566
675
686
760
693
276
546
276
546
276
488
859
747
732
612
612
75
546
157
60
694
694
235
594
531
137
827
594
875
827
276
401
875
255
511
300
875
875
673
147
255
747
91
784
694
498
261
187
205
774
626
261
694
638
875
638
827
638
694
840
358
723
694
630
638
694
774
28
28
310
784
77
60
498
140
50
50
611
110
118
50
50
511
649
384
371
562
123
125
498
343
613
384
594
594
694
261
111
414
619
261
261
205
261
8
261
688
261
688
694
415
594
255
8
686
70
627
694
778
261
261
125
668
627
627
695
594
695
851
464
720
239
239
111
561
111
261
255
320
320
320
401
717
496
668
594
700
267
700
694
585
784
194
111
111
111
111
250
496
496
700
673
594
260
711
191
314
125
686
235
594
237
535
496
255
496
22
261
693
423
897
125
594
111
694
561
454
381
561
446
694
320
747
70
875
414
70
261
677
561
561
842
414
629
70
875
194
154
194
875
423
305
194
305
125
873
305
686
140
154
414
235
369
70
700
750
194
629
750
700
496
225
357
225
274
70
357
225
357
747
694
693
552
235
414
568
125
64
414
786
493
648
169
13
673
445
673
414
565
99
693
693
70
77
297
673
297
70
341
70
341
70
357
511
677
694
253
425
276
698
154
585
70
694
825
696
357
420
255
297
695
420
255
255
261
701
779
297
263
779
693
679
169
459
264
36
585
378
297
255
800
166
698
441
552
77
77
496
154
77
679
195
166
82
701
695
487
505
801
775
487
99
343
414
695
851
851
787
877
851
414
800
164
70
487
487
605
605
823
253
253
35
36
343
418
727
35
36
35
154
674
838
35
838
201
297
105
727
851
343
36
851
747
352
846
846
255
846
111
627
883
803
883
23
851
851
414
157
414
35
70
234
70
673
253
732
35
732
879
64
35
698
427
487
578
698
105
698
105
851
662
385
385
225
77
105
404
830
545
55
404
323
662
487
624
323
624
563
846
207
454
779
578
297
624
90
297
531
469
870
487
532
576
35
70
668
70
619
624
469
769
363
346
346
140
140
100
846
351
323
420
846
445
511
82
336
578
381
469
531
654
513
633
297
606
480
157
157
297
629
883
297
157
297
404
363
8
578
464
570
823
464
823
464
869
297
371
529
371
720
559
134
297
283
341
283
341
469
532
283
371
404
649
769
404
689
323
376
769
747
297
157
498
757
529
883
823
883
469
381
371
846
22
488
469
897
627
297
371
235
823
416
488
102
376
64
235
823
633
633
23
668
157
627
627
757
371
255
235
471
674
627
488
72
527
866
665
563
668
297
462
825
762
376
72
72
161
684
830
684
830
684
234
235
234
627
689
627
235
90
461
693
875
547
769
381
381
381
682
234
352
404
404
578
234
693
313
318
762
137
519
627
785
624
624
581
700
297
684
235
404
505
810
810
381
650
391
381
22
719
488
810
70
235
404
10
404
498
578
70
498
629
498
546
391
505
352
650
875
297
137
810
125
297
532
250
875
323
505
434
318
505
320
785
608
532
609
746
505
700
785
700
700
691
559
505
669
335
875
234
505
856
89
650
253
810
689
547
23
204
368
547
263
360
785
263
691
810
689
505
186
505
414
414
563
645
563
689
669
689
105
105
810
505
669
669
609
563
669
682
137
897
578
368
814
669
253
505
505
883
532
516
897
551
897
551
314
642
823
578
570
766
766
297
297
376
480
823
313
173
199
297
199
814
505
505
505
823
637
823
511
766
428
897
824
897
637
620
297
273
637
633
766
511
505
164
297
480
684
376
264
297
810
516
505
563
297
532
766
563
762
727
516
823
8
516
668
257
186
620
343
516
516
516
89
490
94
352
297
297
490
376
810
691
691
257
563
563
257
253
130
563
684
376
257
637
257
257
637
642
849
570
684
688
94
297
186
297
186
619
130
297
257
376
680
619
453
343
637
70
18
548
257
257
257
619
257
619
8
897
8
637
257
578
297
257
297
8
8
620
691
629
563
498
376
257
143
257
725
516
143
477
477
70
505
257
627
257
257
398
398
8
326
676
711
257
627
229
257
343
343
29
22
629
629
257
864
433
257
28
368
629
676
343
643
676
676
625
297
626
70
376
629
565
151
70
511
70
637
544
637
398
326
511
376
70
63
676
398
398
662
595
70
398
676
151
255
559
303
562
352
662
352
398
257
70
94
387
253
257
619
257
464
257
70
195
229
229
464
637
433
343
433
662
398
740
257
619
257
257
105
195
347
619
786
619
619
110
627
65
461
195
195
861
719
461
691
131
691
347
498
347
94
498
595
861
257
740
822
864
387
864
387
740
608
662
455
861
70
595
745
608
385
619
462
442
667
257
94
637
551
11
132
695
774
822
130
33
637
387
662
498
352
87
626
94
453
387
94
526
70
626
401
439
94
94
864
654
637
462
662
438
195
94
509
758
859
693
693
225
221
195
667
70
544
509
341
763
70
341
138
662
763
255
505
343
94
94
595
70
94
94
87
94
861
94
758
758
745
131
87
131
877
264
70
195
368
859
131
130
666
498
662
80
94
89
8
823
719
511
505
505
505
506
505
505
221
18
617
506
511
758
493
94
225
70
619
94
70
94
97
221
94
99
643
99
130
643
130
514
340
643
130
130
861
70
861
49
257
292
760
130
387
511
387
130
859
634
859
94
626
591
94
633
97
94
94
8
633
365
332
94
861
94
493
83
861
591
591
80
94
314
633
94
766
59
94
774
94
94
861
45
552
302
897
368
94
253
94
503
387
503
626
626
626
116
94
158
292
835
94
835
8
399
94
94
399
8
673
8
244
626
193
313
629
161
164
503
758
8
503
94
503
8
343
94
511
94
487
70
784
595
897
511
511
94
511
70
118
131
94
511
503
682
94
94
684
70
70
503
251
617
439
71
71
228
244
387
462
225
695
225
332
662
511
867
897
503
867
503
109
745
897
662
399
70
75
70
70
94
225
70
410
410
410
70
472
52
80
552
100
100
63
861
503
410
503
400
75
45
70
332
511
694
355
410
552
161
410
766
520
544
781
8
75
559
224
208
472
75
345
285
8
8
70
70
130
70
75
469
65
70
867
65
662
222
536
257
70
376
662
625
472
806
861
340
33
850
472
70
201
498
201
498
774
472
888
619
861
358
630
730
811
401
158
70
453
70
407
328
53
694
630
694
630
498
795
694
867
498
53
730
498
21
694
371
627
70
371
867
130
371
498
667
694
825
694
850
694
445
694
381
532
472
694
532
472
240
694
387
532
598
774
861
694
694
79
109
268
158
502
487
341
886
468
673
551
79
694
13
694
502
502
756
100
730
662
394
449
100
130
445
445
886
340
340
109
100
401
401
292
387
189
387
130
387
498
627
371
63
774
112
673
292
673
619
341
100
627
341
627
63
694
93
747
343
380
498
758
340
292
567
387
766
41
387
341
694
694
498
498
340
340
340
201
554
341
100
53
626
387
747
747
407
465
319
736
33
747
747
561
144
376
662
781
60
781
747
407
747
781
498
128
747
218
662
498
626
627
349
506
110
781
304
694
305
130
498
128
626
498
207
177
498
694
65
177
177
627
626
468
698
130
591
224
817
191
617
736
640
71
26
617
63
850
555
387
53
321
285
63
151
498
617
31
498
414
617
414
797
797
626
63
292
797
825
825
441
797
400
618
70
641
797
235
235
498
70
756
400
130
797
526
895
694
414
873
681
63
756
183
177
811
177
845
218
63
63
410
797
797
403
110
787
688
797
266
567
797
738
360
774
895
354
488
218
390
177
70
304
441
441
102
441
26
488
26
91
461
811
136
158
235
304
304
544
796
26
546
266
895
439
488
488
548
488
488
626
694
502
390
694
102
756
177
619
177
439
502
756
461
502
199
177
488
461
837
177
177
837
203
58
441
441
800
695
410
177
177
63
595
695
364
177
177
177
504
177
656
177
136
168
695
883
203
765
177
762
177
341
695
656
700
177
177
70
861
694
177
695
774
58
682
177
557
694
341
177
694
341
177
177
177
332
332
410
60
811
557
539
566
874
867
248
790
567
778
144
144
596
270
877
481
177
567
567
177
63
26
867
144
270
574
218
695
694
323
418
867
418
332
60
498
598
341
283
867
445
332
418
222
738
738
793
793
574
867
228
689
645
352
136
738
177
645
250
109
110
313
330
679
228
203
330
694
341
177
465
490
478
478
774
695
338
849
645
781
694
110
621
682
621
621
583
849
304
555
309
490
319
309
208
684
621
241
338
721
431
309
292
431
431
319
645
270
418
694
655
79
694
332
251
208
684
177
694
797
606
107
158
177
201
867
177
498
488
177
897
201
201
621
201
110
487
694
292
292
694
694
694
478
694
390
645
525
738
508
883
525
468
63
645
63
897
694
304
897
574
213
718
645
304
79
735
304
758
747
747
79
651
79
738
747
758
319
718
352
79
293
293
758
382
488
347
747
747
87
144
849
555
266
319
347
497
391
67
889
158
261
319
261
67
102
79
738
555
30
328
465
519
309
895
293
684
79
79
332
856
867
705
867
621
275
293
606
698
751
6
158
6
110
110
311
579
319
579
319
502
106
110
293
110
106
110
67
606
606
67
110
293
30
747
719
468
229
786
332
110
311
390
405
110
107
292
251
79
405
820
311
751
543
880
405
895
229
473
867
877
644
498
504
102
606
292
292
883
188
79
158
880
158
13
210
13
144
429
304
606
429
229
606
488
606
488
606
488
867
766
383
845
292
606
229
229
401
390
401
401
314
539
525
766
897
229
751
235
784
645
525
80
784
738
390
525
784
415
784
390
80
539
897
87
87
349
144
292
702
508
508
271
229
838
292
838
229
235
235
498
565
565
737
87
248
66
565
229
529
251
565
883
525
595
421
565
390
871
60
326
313
13
565
845
415
204
565
709
158
44
574
44
498
594
498
574
261
106
525
529
845
457
322
838
349
846
258
293
313
313
793
125
717
845
122
536
671
65
336
832
735
565
717
717
717
850
102
32
229
838
897
351
686
199
196
823
121
640
122
633
633
595
599
686
686
573
245
737
656
850
229
351
351
529
70
529
229
599
394
134
292
756
595
877
747
877
599
845
599
383
228
292
452
229
850
228
228
850
595
850
146
289
662
644
457
595
595
134
877
850
850
287
319
313
599
474
599
877
599
599
756
599
599
229
874
874
599
858
337
664
111
111
337
599
111
228
245
189
337
292
39
39
322
274
595
874
111
776
776
228
39
228
490
671
671
228
258
151
657
400
189
189
556
664
526
671
228
292
556
243
574
574
657
543
386
671
211
228
228
644
94
292
1
556
556
779
529
383
65
65
292
131
149
282
292
664
13
131
131
546
664
149
149
664
664
9
303
318
337
229
245
250
250
666
495
337
540
337
543
1
383
201
662
337
540
671
540
337
664
664
337
309
546
540
309
309
889
371
546
595
617
96
526
245
144
660
566
189
163
149
612
131
546
686
546
336
149
60
743
546
543
199
813
662
83
189
546
336
383
644
405
405
478
502
163
347
347
24
877
336
336
24
502
201
171
877
24
336
657
144
446
167
9
595
309
595
189
1
452
24
13
189
565
726
556
189
205
189
314
229
574
287
627
149
556
102
686
627
383
627
686
537
711
338
537
556
556
433
556
660
889
537
589
41
769
383
627
767
556
612
612
612
85
711
574
383
106
877
627
201
730
347
595
556
877
743
351
633
85
711
63
589
167
711
488
400
776
730
41
41
199
767
488
149
149
602
488
889
342
287
711
433
488
66
383
730
561
133
836
341
767
54
341
488
488
394
111
488
488
488
292
54
201
488
684
574
341
488
488
488
731
731
556
274
743
589
245
347
767
233
245
102
684
684
797
191
660
66
400
349
589
63
599
754
553
341
767
341
341
589
66
684
66
400
730
731
731
520
595
799
292
383
583
584
504
504
583
594
229
661
149
595
583
595
583
71
583
767
245
731
731
851
149
502
41
653
383
653
452
368
383
383
502
245
797
114
311
149
662
867
426
836
640
599
748
767
498
703
767
383
311
97
229
229
523
440
839
502
767
481
311
311
502
520
520
41
311
349
502
641
243
313
506
199
287
383
274
32
548
548
379
502
896
422
422
548
422
548
41
533
192
726
502
548
502
192
502
8
502
100
489
548
100
641
109
60
502
200
8
483
488
488
383
97
229
338
63
502
877
109
109
63
641
839
170
686
311
641
14
109
110
701
63
109
896
614
614
606
614
678
67
24
383
666
797
397
606
397
678
736
311
416
502
767
504
372
502
415
662
100
877
546
655
502
63
401
105
645
397
311
311
311
287
229
567
747
747
896
41
286
832
89
877
516
229
397
832
645
832
170
170
832
170
832
839
412
14
645
657
341
657
341
100
669
567
703
516
645
877
401
235
397
401
143
401
412
210
192
199
412
412
565
102
703
700
65
412
412
567
48
825
567
567
406
415
59
567
567
567
365
832
693
59
851
412
247
832
412
736
397
825
703
825
412
832
567
20
100
66
523
184
229
703
184
703
66
271
595
546
825
130
372
546
229
372
546
109
170
703
595
877
525
485
184
595
595
595
595
703
393
548
556
124
546
109
525
100
726
271
498
20
105
546
124
485
657
372
546
229
229
592
184
703
516
662
376
341
498
184
229
127
485
485
271
346
271
243
112
271
229
525
102
657
229
826
271
797
396
184
229
390
271
360
271
345
469
881
111
390
432
703
390
703
654
317
606
686
703
469
614
390
530
8
255
184
432
826
432
726
498
112
416
469
561
657
60
481
14
726
407
184
512
703
662
112
561
866
9
293
661
866
659
516
367
432
698
726
310
112
595
835
229
498
432
726
432
512
377
718
498
636
184
432
866
644
184
390
184
498
392
498
318
233
644
587
422
466
390
190
173
31
377
184
390
196
376
232
432
232
232
192
118
472
232
587
232
416
472
232
233
733
89
100
730
372
372
491
372
310
498
415
472
706
232
851
232
184
422
466
265
767
422
109
233
196
338
232
706
512
706
232
478
747
641
498
232
232
61
310
360
310
190
874
583
512
583
513
232
218
488
338
235
747
232
109
376
196
472
401
232
587
232
318
232
616
232
866
184
184
8
705
587
383
326
441
441
661
583
583
433
383
736
3
485
3
485
383
338
127
587
485
127
232
523
127
511
511
600
383
184
360
488
485
383
485
684
232
360
118
390
61
827
232
488
383
827
232
488
390
184
709
251
232
488
412
485
415
232
767
767
612
583
472
394
866
232
317
232
736
232
232
412
390
827
232
232
827
485
475
232
232
727
433
654
218
61
232
232
431
556
232
218
583
390
556
849
854
245
382
718
394
92
820
390
390
820
811
576
232
372
390
390
351
232
472
472
232
881
390
881
390
669
415
556
811
232
671
390
372
45
587
583
372
149
877
645
32
372
248
76
76
583
229
705
390
232
232
390
390
701
38
69
811
232
390
9
390
257
218
351
709
811
472
842
645
351
811
168
243
811
310
184
93
24
748
390
698
390
390
806
232
76
748
748
748
257
372
372
181
748
556
161
368
106
161
520
499
669
62
115
232
115
69
69
9
232
711
599
261
556
661
184
233
232
106
767
106
504
109
161
499
498
112
726
641
661
149
232
149
232
513
310
357
545
662
166
459
372
390
718
421
310
390
310
390
516
432
124
102
310
232
525
351
452
526
775
25
432
525
310
806
377
8
341
283
351
168
499
479
232
367
232
455
583
583
285
583
70
232
868
233
326
232
660
232
232
764
705
431
614
583
498
233
254
232
254
13
583
806
177
545
718
254
24
415
801
415
718
718
472
232
426
693
498
705
426
614
426
283
97
897
801
801
177
801
432
282
718
718
604
604
897
357
771
458
803
233
526
828
844
383
718
393
797
335
801
801
767
599
196
480
856
432
851
232
335
184
233
45
649
649
426
426
45
649
432
843
718
595
45
45
390
250
309
649
649
452
572
690
432
604
610
701
187
232
842
604
45
232
480
309
232
491
232
480
228
454
604
454
527
153
595
545
595
21
228
772
530
287
857
232
232
837
857
45
857
45
857
45
423
184
279
797
279
167
441
45
795
454
563
454
857
282
835
604
415
527
583
76
167
604
351
767
184
730
701
635
806
806
717
806
425
426
525
551
61
701
191
115
492
400
492
61
235
806
426
235
513
331
806
806
799
669
896
235
192
383
492
423
795
492
331
627
115
236
331
115
115
236
331
191
331
167
89
367
806
8
346
115
115
115
522
89
367
795
606
115
433
89
115
309
13
874
431
828
604
331
13
282
638
701
93
232
175
184
513
795
89
93
717
717
8
296
89
80
825
545
825
8
89
801
97
309
184
8
823
767
823
8
717
513
504
367
723
767
767
767
175
896
767
825
153
245
874
767
723
44
767
175
551
175
73
365
89
89
513
367
801
309
717
8
551
401
401
513
175
99
504
546
664
89
359
513
367
897
717
192
546
546
168
730
193
452
232
45
767
192
89
746
504
89
504
504
89
89
733
89
71
643
575
340
69
723
723
546
504
718
664
687
767
518
767
513
416
456
806
463
437
767
709
643
486
83
513
227
522
675
93
83
83
456
41
456
767
604
285
874
703
441
631
619
703
767
75
518
806
92
806
604
806
72
456
92
456
349
874
285
796
488
861
824
619
404
72
806
349
504
543
493
897
897
513
796
459
806
72
806
846
806
459
493
867
796
645
645
543
459
543
400
848
513
543
459
493
493
456
806
513
806
513
806
456
456
806
493
543
670
806
734
806
8
806
844
806
806
806
9
235
24
400
466
400
466
455
452
513
493
767
504
543
856
274
456
614
407
513
543
796
513
400
543
796
828
657
24
432
400
69
456
115
115
767
456
24
46
806
849
72
456
97
554
46
426
92
404
367
46
746
8
13
799
554
599
46
747
599
806
44
277
282
599
45
866
806
64
456
621
456
426
825
404
806
709
689
689
456
287
621
58
235
92
799
92
46
46
227
97
283
453
799
211
690
83
844
799
92
534
211
97
558
689
788
470
427
83
92
92
799
693
385
614
802
449
799
486
631
349
831
897
422
329
211
115
211
806
799
331
614
58
211
58
806
481
767
806
481
83
46
718
558
58
450
558
797
87
767
212
83
627
487
162
211
694
211
709
711
767
806
450
227
481
711
141
453
613
613
711
58
83
61
8
8
211
8
141
14
312
141
14
670
14
83
453
270
83
870
357
211
788
82
100
896
670
274
8
357
58
884
709
148
148
211
467
323
8
17
481
46
643
74
831
831
122
709
709
831
345
534
148
806
689
685
162
806
629
481
481
831
806
831
481
481
124
526
504
115
631
387
115
412
115
631
17
17
211
771
543
162
806
543
543
660
543
17
17
17
327
543
17
263
17
775
481
788
536
788
788
211
18
18
211
714
525
18
150
116
643
403
211
211
211
367
490
58
481
456
427
681
229
429
426
487
83
416
340
891
18
83
891
358
614
211
186
211
345
211
91
490
55
403
603
83
543
534
18
410
504
280
124
536
410
410
724
3
609
410
846
83
719
40
573
614
186
58
275
83
578
83
83
8
614
150
740
883
124
124
740
93
775
846
740
503
74
238
186
211
243
740
703
740
740
724
614
243
775
703
186
83
703
62
296
806
63
83
83
771
17
740
17
767
690
232
17
824
703
703
528
206
740
528
298
453
3
62
62
412
740
62
62
62
571
703
775
211
298
298
298
298
703
298
62
883
211
227
211
298
62
227
211
496
703
740
109
554
698
298
133
388
666
456
543
28
604
28
28
595
543
543
98
703
604
703
614
703
648
648
698
604
698
612
282
116
149
3
61
149
238
238
725
256
166
453
149
543
218
709
846
5
437
612
708
232
604
604
604
218
604
218
458
702
116
702
116
334
740
703
725
767
274
698
192
21
703
410
740
481
846
604
282
150
455
534
703
703
604
604
887
887
604
740
464
703
192
543
740
703
534
690
481
534
612
534
343
604
740
464
343
218
192
100
124
408
343
343
740
250
740
282
282
583
782
282
211
767
706
740
706
706
703
282
534
534
204
612
149
343
29
543
664
856
149
149
612
612
534
536
846
740
866
740
664
211
238
703
866
740
589
703
329
109
767
412
456
543
664
133
825
124
664
406
456
453
703
765
818
694
543
554
856
167
709
495
703
694
709
453
670
670
370
846
707
250
668
846
359
709
703
529
543
766
703
684
162
684
736
406
173
766
740
314
846
406
846
406
766
766
859
610
736
743
846
709
846
709
304
703
578
743
406
113
304
282
304
300
612
846
612
846
736
740
578
503
120
235
91
304
31
820
133
323
133
218
323
211
612
462
323
323
323
699
9
323
304
124
173
61
14
412
9
334
736
545
410
124
278
877
322
14
14
877
181
846
880
457
491
491
736
412
846
8
109
412
635
296
412
218
566
666
304
491
109
31
591
545
154
694
243
282
314
597
694
597
391
150
897
89
178
282
250
124
322
410
124
283
282
796
124
769
728
282
670
670
154
109
100
511
124
532
629
124
701
95
124
436
883
883
359
282
466
282
282
848
113
282
436
436
25
124
95
95
435
166
282
89
429
124
767
282
113
846
124
113
124
113
113
67
532
211
519
282
282
436
670
719
670
670
670
719
124
539
441
124
441
282
282
70
124
670
124
670
736
526
521
527
133
42
846
124
277
124
543
846
846
710
793
532
552
109
292
670
846
684
587
670
587
587
846
427
304
314
526
346
14
539
846
846
670
597
218
154
602
14
532
897
670
453
846
581
281
670
670
281
703
432
581
846
694
218
543
597
8
323
218
633
109
846
820
581
109
109
661
109
661
725
323
109
610
823
436
168
371
698
736
168
371
168
534
168
359
736
830
387
154
878
109
721
218
466
830
635
846
477
870
432
31
846
466
124
698
180
571
571
124
785
180
543
375
635
651
543
61
31
124
629
501
661
543
820
31
31
440
870
388
6
417
671
543
218
43
124
728
728
440
718
31
288
386
359
880
75
650
543
576
124
168
880
543
778
718
292
6
6
218
124
218
282
758
534
543
650
543
824
543
824
386
97
543
417
168
661
726
124
581
124
216
501
539
661
263
109
846
846
718
218
124
218
318
218
218
870
846
122
148
318
109
181
242
508
591
130
336
239
242
431
751
534
192
137
334
334
166
587
334
203
334
218
318
587
629
686
6
614
775
203
65
168
168
318
335
678
275
122
483
412
280
880
122
280
168
431
318
629
359
413
166
550
726
318
353
508
314
508
842
880
280
16
726
133
61
651
280
651
698
413
263
726
413
334
413
334
318
334
61
708
708
708
318
880
137
506
708
359
880
334
495
736
122
508
292
292
696
880
666
753
880
880
413
508
739
880
315
880
694
661
790
532
790
46
388
46
263
263
880
880
739
201
201
817
201
359
846
602
532
532
63
124
283
181
280
448
532
263
532
58
790
532
532
218
790
707
629
315
532
483
218
880
440
315
739
201
823
109
6
768
612
201
661
201
709
181
472
532
532
760
760
823
870
661
6
456
6
578
6
6
45
456
273
456
665
348
456
456
263
400
267
168
532
283
817
314
6
314
315
732
6
6
687
334
518
403
555
597
283
857
283
456
161
314
314
314
314
456
348
456
726
48
456
157
274
278
711
314
314
483
314
282
554
166
283
247
16
319
553
857
6
264
597
760
358
309
314
373
502
169
779
597
691
691
691
691
597
472
597
166
166
166
348
597
283
283
597
283
597
191
348
578
456
554
348
660
348
660
553
553
660
398
333
811
348
391
391
192
880
264
456
77
573
530
538
573
554
472
448
812
274
168
573
168
348
168
573
817
554
46
348
386
573
703
58
817
274
122
817
817
703
497
58
17
817
235
154
703
201
669
17
599
405
118
817
703
578
113
13
48
578
578
881
497
164
9
6
823
118
825
481
870
870
36
247
168
17
440
387
825
825
578
168
880
168
705
261
760
182
589
319
524
470
823
95
823
817
817
811
113
823
347
870
849
243
87
420
524
515
94
870
17
154
823
456
881
870
208
371
820
870
456
881
881
703
669
116
524
348
277
387
322
208
31
590
13
823
590
578
823
669
703
277
58
673
673
673
673
867
116
296
716
456
456
246
456
359
283
5
846
116
703
410
703
116
116
147
673
590
116
218
590
48
578
578
116
123
708
811
554
258
673
703
218
694
673
468
673
468
578
577
578
673
660
660
348
823
123
578
296
578
225
284
284
669
804
669
274
673
673
669
673
703
274
287
673
673
703
225
703
274
703
703
191
123
115
274
310
310
703
896
703
703
47
578
703
225
225
703
703
680
673
897
283
476
218
175
660
59
283
522
284
522
673
522
360
669
651
811
506
669
225
669
669
669
49
225
371
582
283
735
283
633
881
645
645
59
314
218
319
669
250
424
817
283
673
53
602
673
896
522
121
552
870
742
283
870
13
143
817
756
673
531
673
673
673
380
582
870
673
371
123
458
602
673
6
243
344
344
422
712
673
870
870
673
779
712
307
43
75
409
116
870
673
673
221
82
680
834
834
673
703
870
368
680
680
426
319
673
143
426
687
39
673
651
673
426
578
123
426
89
458
95
95
673
95
633
288
602
740
633
426
666
163
673
412
876
368
633
368
578
633
633
673
510
426
310
82
673
5
673
218
5
386
660
513
513
673
673
143
412
578
426
578
386
740
412
740
673
412
426
897
673
168
168
205
292
513
121
247
703
247
694
218
335
218
577
577
319
319
669
334
425
410
552
172
98
218
247
669
740
669
629
274
292
292
578
723
867
578
218
218
247
867
455
708
521
595
70
664
848
292
296
307
870
518
121
310
86
247
703
100
122
372
673
218
578
729
372
162
94
86
121
162
86
162
86
162
147
292
673
673
334
522
391
578
42
412
359
691
412
578
842
694
43
485
811
578
359
166
160
518
485
247
518
595
218
371
703
354
292
578
732
732
292
578
292
292
116
409
371
412
379
371
348
274
292
320
609
147
292
225
732
703
673
703
122
334
698
121
464
464
703
703
745
732
425
547
292
426
547
121
458
121
728
745
292
606
485
24
162
745
811
255
137
121
745
703
384
166
334
745
162
426
703
134
456
162
162
456
703
134
703
162
162
703
292
121
849
811
458
458
458
458
137
227
200
485
811
811
458
137
201
425
201
426
876
518
371
137
710
86
700
137
811
485
334
292
710
547
681
710
690
834
745
745
121
255
745
854
606
464
292
745
521
703
531
218
485
548
703
292
659
867
703
745
380
703
380
820
334
589
820
659
589
820
659
834
659
834
710
539
854
336
854
485
882
882
519
464
698
409
728
371
290
659
659
290
659
402
820
268
503
703
218
694
86
485
485
703
99
590
820
427
703
691
485
300
703
691
121
703
703
747
854
652
854
218
218
464
335
756
393
296
212
30
202
605
602
566
203
498
42
406
703
8
86
218
213
703
218
218
134
602
86
441
86
506
120
134
412
32
32
703
24
703
659
218
218
425
24
24
120
897
485
218
6
132
703
425
232
425
24
24
24
584
24
464
485
334
334
653
653
854
33
318
218
32
218
854
854
653
842
425
703
653
32
842
653
457
703
883
745
787
723
318
775
425
425
202
876
207
876
723
476
334
204
802
659
703
334
661
817
218
247
704
566
610
247
653
319
226
653
403
498
498
414
876
403
120
309
876
414
414
659
120
247
211
536
218
218
77
247
119
409
218
670
218
218
854
653
247
566
745
30
247
130
606
380
703
448
682
101
49
503
599
222
368
448
606
606
120
247
285
285
599
602
627
414
285
682
396
511
859
464
627
854
682
602
682
409
379
380
515
218
588
781
703
376
536
485
682
110
536
110
745
16
448
745
371
682
280
344
52
682
314
854
218
218
125
515
682
314
682
314
682
745
577
218
700
834
16
682
594
122
122
682
396
10
441
745
441
681
703
703
560
867
218
682
125
682
344
682
283
682
515
788
682
682
682
681
681
788
125
682
90
314
633
599
389
727
681
86
370
83
703
86
125
867
867
708
588
859
703
542
456
114
703
703
788
125
633
52
52
867
310
491
442
703
375
268
116
718
373
458
681
334
375
424
424
424
427
380
456
380
515
202
370
710
675
218
268
710
491
694
694
11
375
424
448
766
296
52
462
675
649
649
371
835
710
84
485
694
660
710
147
487
710
710
87
694
87
429
310
627
873
649
649
893
893
360
309
87
572
572
694
87
87
21
660
578
858
649
649
638
606
429
143
87
638
485
164
414
873
324
771
8
485
703
602
48
246
119
98
703
98
492
858
563
8
143
86
48
57
566
57
48
649
218
143
649
271
52
858
125
125
703
867
229
296
296
116
296
442
290
694
429
417
429
429
125
429
858
80
143
566
649
429
882
572
606
703
324
124
572
499
324
572
62
694
202
166
62
271
861
563
694
347
247
485
563
395
429
485
429
247
703
429
118
536
218
396
577
577
110
290
861
247
200
290
861
110
110
800
800
646
110
555
16
16
368
703
861
260
861
800
334
218
218
80
218
490
800
485
417
417
876
16
515
317
162
408
247
703
257
16
678
40
456
703
703
368
16
789
229
52
127
314
324
590
247
703
464
703
485
703
464
247
653
247
590
375
408
16
16
653
707
590
16
235
162
247
590
40
229
247
458
458
458
458
247
16
417
417
255
16
16
8
450
646
703
703
147
703
766
703
499
429
247
57
271
799
57
342
514
21
466
427
118
499
851
668
851
851
429
774
405
429
536
429
132
373
859
257
373
536
229
405
427
481
229
17
63
577
162
57
57
859
290
373
130
162
162
577
745
577
481
63
195
218
664
292
232
232
368
232
218
602
204
405
119
218
762
360
373
296
432
612
373
834
664
834
664
115
86
229
115
229
115
232
232
204
710
204
485
462
260
644
462
569
462
63
694
204
63
229
191
431
232
125
612
232
229
555
427
290
183
63
365
728
40
229
791
211
462
232
462
462
229
874
626
229
229
874
811
115
115
462
229
229
211
462
229
324
874
859
696
710
373
569
8
417
417
94
874
52
417
856
874
125
211
875
232
52
211
888
225
660
874
607
115
8
707
270
8
167
453
707
331
735
8
232
629
232
52
324
679
8
80
8
8
205
8
80
31
8
515
229
762
762
229
80
232
271
271
703
271
232
250
344
197
229
147
324
232
324
115
707
115
8
232
229
366
275
185
588
324
79
80
52
79
427
834
888
881
726
176
8
626
232
301
80
626
232
232
626
79
883
80
61
79
31
261
8
458
211
462
599
116
694
771
369
694
859
859
280
694
694
130
626
250
626
324
324
183
232
130
707
76
52
115
52
859
461
232
232
491
462
229
694
714
462
762
536
824
644
830
566
727
723
80
406
324
887
499
694
242
55
694
694
247
599
555
703
799
499
626
694
229
229
211
55
660
211
147
703
660
181
456
181
63
694
694
703
16
82
830
211
261
660
194
194
422
422
874
769
324
660
499
811
511
626
781
654
782
765
703
250
31
607
607
427
438
211
607
703
368
240
348
441
790
46
499
660
181
434
661
52
626
348
456
896
660
703
781
715
163
163
250
392
74
703
392
211
456
521
116
229
211
703
406
703
74
521
867
406
607
368
703
714
521
714
607
368
496
406
536
477
521
456
610
16
456
610
660
610
521
872
63
521
167
660
439
31
439
606
694
439
521
98
98
86
521
781
63
660
211
439
324
439
456
439
229
115
401
456
203
456
694
18
391
25
292
439
606
654
521
807
439
456
652
419
115
98
419
652
730
859
694
438
521
31
111
431
366
366
652
824
67
703
366
162
606
615
859
261
224
261
468
240
67
771
434
771
654
242
434
290
314
162
881
872
232
456
654
396
654
654
485
485
260
232
232
260
874
874
749
652
626
116
497
232
434
649
475
485
456
654
572
115
485
803
521
292
755
75
755
477
521
872
816
166
875
875
232
21
232
115
521
419
232
419
694
115
115
456
227
140
456
749
749
456
749
292
31
31
456
749
703
499
835
694
351
232
419
455
499
521
537
242
485
755
246
788
57
755
111
521
521
246
246
211
855
521
614
246
96
72
138
477
477
521
232
703
537
573
326
521
442
324
292
324
499
588
855
269
143
439
67
588
588
242
313
143
252
252
143
235
331
859
82
79
588
439
455
16
780
780
162
246
218
246
588
116
694
884
417
694
884
218
602
201
477
57
477
758
417
615
387
296
93
780
145
521
292
250
292
536
400
229
216
521
481
229
211
521
400
211
649
502
851
755
268
173
884
521
32
521
163
703
491
780
91
252
296
829
38
434
145
703
252
530
441
780
696
780
649
780
521
434
455
351
521
627
232
457
668
649
173
428
434
232
554
500
680
136
482
428
428
623
788
884
59
708
884
271
60
455
183
229
884
670
884
434
619
789
343
749
343
703
122
789
232
292
216
580
694
694
216
580
694
797
521
824
122
242
245
708
434
614
696
434
364
434
806
797
780
797
590
434
694
884
364
292
364
668
799
434
292
439
115
470
797
774
670
391
774
57
364
725
434
482
434
130
511
60
136
453
725
232
232
502
109
263
547
569
61
428
569
61
34
434
652
441
771
826
589
589
614
160
832
434
434
725
749
391
568
652
34
602
275
571
140
571
652
413
644
218
644
672
568
672
774
232
366
232
694
36
694
694
774
684
64
218
428
434
672
569
569
678
130
694
498
205
609
644
582
694
136
64
205
252
252
577
632
175
428
482
252
74
816
577
602
229
369
797
577
797
511
218
252
15
278
218
278
242
661
883
575
252
242
577
491
577
278
218
438
694
34
380
218
364
34
884
680
400
380
34
491
246
482
775
82
218
694
86
427
278
577
710
694
601
278
694
97
278
710
64
644
278
15
854
694
498
854
694
774
278
854
82
380
582
453
780
705
694
380
707
786
672
63
582
797
601
860
672
694
482
229
797
474
474
278
414
136
854
644
199
496
758
295
218
498
278
491
474
359
218
351
203
761
218
789
242
218
854
383
218
774
672
278
570
627
496
229
710
278
627
491
577
511
828
474
577
491
365
229
797
93
714
694
491
491
491
627
130
210
824
716
69
218
491
491
453
351
216
716
627
554
380
278
363
207
218
351
400
854
491
218
824
652
363
710
694
710
829
854
694
268
694
811
400
438
245
245
603
102
694
160
160
160
797
244
694
244
244
46
244
244
789
789
851
491
268
720
669
694
425
425
603
400
824
491
242
694
860
278
384
469
469
207
554
540
342
244
400
694
135
40
680
234
662
694
366
789
278
694
691
694
824
619
691
838
694
789
794
691
540
218
691
691
691
218
40
632
40
680
758
218
218
588
74
74
278
578
458
458
758
660
46
359
8
218
386
455
680
342
218
229
314
245
860
319
881
794
806
315
828
694
660
694
406
694
128
716
392
74
789
709
67
789
694
102
588
578
863
570
455
789
455
570
570
570
229
588
690
680
122
863
694
854
680
691
694
691
245
229
455
229
245
438
359
789
229
789
540
229
652
366
652
314
789
438
4
245
404
789
438
854
229
644
245
245
863
245
181
278
278
774
278
694
638
742
758
490
130
445
356
400
694
829
356
218
774
307
774
218
774
780
774
245
218
218
756
774
181
229
203
203
351
874
218
874
383
610
578
245
229
315
218
824
359
25
102
216
55
610
71
610
253
218
756
218
267
218
854
218
603
218
682
244
578
438
383
610
115
758
758
588
780
829
368
528
528
368
106
312
55
384
218
767
451
582
669
758
528
573
573
669
451
207
356
383
232
451
55
342
55
451
31
505
536
338
859
315
382
457
859
859
55
573
577
315
242
130
758
578
218
368
203
232
218
218
130
684
872
570
859
570
207
854
232
218
368
794
218
528
218
401
218
97
356
97
485
803
342
807
835
356
218
570
356
368
130
854
218
154
835
203
203
384
85
468
85
203
854
8
8
468
67
304
681
351
218
563
653
368
335
133
61
368
55
158
55
207
85
384
353
338
358
368
622
358
280
758
457
244
694
803
85
475
749
368
679
679
384
199
342
245
368
229
368
70
336
356
438
438
578
187
368
260
244
260
61
694
704
694
207
704
684
457
682
457
407
93
356
244
207
578
485
366
485
694
203
578
207
93
203
203
93
356
528
799
203
528
368
753
206
627
700
404
404
111
359
404
578
445
271
87
404
404
207
679
679
404
679
212
651
115
694
772
212
772
680
404
830
404
438
362
694
610
694
362
438
203
464
203
485
778
464
203
485
749
44
499
160
622
574
438
438
570
199
172
193
55
485
464
336
278
261
55
43
622
753
622
438
438
632
622
236
160
679
368
368
383
368
622
97
368
397
115
444
464
115
199
383
483
146
689
368
694
146
70
678
765
21
743
356
438
743
438
638
485
694
527
578
800
485
464
570
485
695
566
769
563
578
590
173
173
679
709
464
146
410
438
384
485
173
485
244
578
578
753
452
410
368
368
798
875
485
384
694
475
694
475
358
21
561
728
157
485
161
410
194
410
691
368
368
173
173
438
445
700
438
445
438
694
864
485
728
410
578
410
728
438
438
14
160
14
578
410
404
404
728
410
728
316
438
316
728
810
574
574
404
724
438
724
128
368
528
193
316
368
316
316
747
797
410
438
574
160
319
724
424
424
99
256
410
368
410
10
316
112
410
684
362
654
407
410
410
78
570
570
295
454
464
40
438
40
113
40
438
40
799
337
115
485
404
173
404
424
679
679
485
115
368
112
317
528
855
317
404
317
317
410
780
610
528
375
761
528
528
680
855
680
404
680
806
806
855
704
404
799
333
337
410
570
680
694
528
756
410
384
384
368
410
528
368
704
128
708
679
679
404
806
193
806
578
806
806
694
384
578
806
245
710
438
710
404
438
778
744
694
428
424
864
728
172
679
193
874
201
694
112
587
694
353
128
861
9
851
679
485
694
874
353
353
295
428
771
292
391
485
480
680
508
717
663
694
103
485
103
485
103
438
485
694
50
694
438
292
438
268
268
312
244
892
446
485
450
151
483
221
