1000 2725
1 2
1 3
1 4
1 5
4 5
1 6
4 6
5 6
3 7
3 8
7 8
3 9
7 9
8 9
3 10
7 10
8 10
9 10
7 11
7 12
11 12
7 13
11 13
12 13
7 14
11 14
12 14
13 14
7 15
11 15
12 15
13 15
14 15
7 16
11 16
12 16
13 16
14 16
15 16
3 17
3 18
17 18
3 19
17 19
18 19
3 20
17 20
18 20
19 20
3 21
17 21
18 21
19 21
20 21
3 22
17 22
18 22
19 22
20 22
21 22
20 23
20 24
23 24
20 25
23 25
24 25
19 26
19 27
26 27
17 28
26 29
26 30
29 30
26 31
29 31
30 31
26 32
29 32
30 32
31 32
9 33
9 34
33 34
19 35
7 36
7 37
36 37
7 38
36 38
37 38
7 39
36 39
37 39
38 39
7 40
36 40
37 40
38 40
39 40
39 41
39 42
41 42
39 43
41 43
42 43
5 44
5 45
44 45
5 46
44 46
45 46
5 47
44 47
45 47
46 47
5 48
44 48
45 48
46 48
47 48
5 49
44 49
45 49
46 49
47 49
48 49
21 50
21 51
50 51
11 52
11 53
52 53
11 54
52 54
53 54
53 55
53 56
55 56
41 57
41 58
57 58
41 59
57 59
58 59
50 60
50 61
60 61
50 62
60 62
61 62
50 63
60 63
61 63
62 63
50 64
60 64
61 64
62 64
63 64
57 65
57 66
65 66
57 67
65 67
66 67
57 68
65 68
66 68
67 68
57 69
65 69
66 69
67 69
68 69
57 70
65 70
66 70
67 70
68 70
69 70
68 71
68 72
71 72
68 73
71 73
72 73
68 74
71 74
72 74
73 74
68 75
71 75
72 75
73 75
74 75
55 76
55 77
76 77
55 78
76 78
77 78
55 79
76 79
77 79
78 79
55 80
76 80
77 80
78 80
79 80
55 81
76 81
77 81
78 81
79 81
80 81
57 82
57 83
82 83
19 84
19 85
84 85
19 86
84 86
85 86
57 87
57 88
87 88
57 89
87 89
88 89
16 90
16 91
90 91
43 92
43 93
92 93
43 94
92 94
93 94
82 95
82 96
95 96
82 97
95 97
96 97
82 98
95 98
96 98
97 98
82 99
95 99
96 99
97 99
98 99
82 100
95 100
96 100
97 100
98 100
99 100
37 101
37 102
101 102
37 103
101 103
102 103
37 104
101 104
102 104
103 104
37 105
101 105
102 105
103 105
104 105
37 106
101 106
102 106
103 106
104 106
105 106
7 107
7 108
107 108
56 109
87 110
87 111
110 111
87 112
110 112
111 112
87 113
110 113
111 113
112 113
40 114
40 115
114 115
40 116
114 116
115 116
40 117
114 117
115 117
116 117
40 118
114 118
115 118
116 118
117 118
40 119
114 119
115 119
116 119
117 119
118 119
107 120
107 121
120 121
107 122
120 122
121 122
107 123
120 123
121 123
122 123
107 124
120 124
121 124
122 124
123 124
84 125
84 126
125 126
84 127
125 127
126 127
84 128
125 128
126 128
127 128
84 129
125 129
126 129
127 129
128 129
84 130
125 130
126 130
127 130
128 130
129 130
8 131
8 132
131 132
8 133
131 133
132 133
8 134
131 134
132 134
133 134
8 135
131 135
132 135
133 135
134 135
134 136
33 137
33 138
137 138
33 139
137 139
138 139
33 140
137 140
138 140
139 140
33 141
137 141
138 141
139 141
140 141
118 142
118 143
142 143
118 144
142 144
143 144
118 145
142 145
143 145
144 145
118 146
142 146
143 146
144 146
145 146
118 147
142 147
143 147
144 147
145 147
146 147
8 148
8 149
148 149
8 150
148 150
149 150
8 151
148 151
149 151
150 151
8 152
148 152
149 152
150 152
151 152
42 153
42 154
153 154
42 155
153 155
154 155
127 156
127 157
156 157
127 158
156 158
157 158
54 159
54 160
159 160
54 161
159 161
160 161
50 162
126 163
126 164
163 164
126 165
163 165
164 165
126 166
163 166
164 166
165 166
126 167
163 167
164 167
165 167
166 167
126 168
163 168
164 168
165 168
166 168
167 168
94 169
94 170
169 170
94 171
169 171
170 171
94 172
169 172
170 172
171 172
94 173
169 173
170 173
171 173
172 173
31 174
46 175
46 176
175 176
46 177
175 177
176 177
46 178
175 178
176 178
177 178
78 179
78 180
179 180
78 181
179 181
180 181
78 182
179 182
180 182
181 182
78 183
179 183
180 183
181 183
182 183
78 184
179 184
180 184
181 184
182 184
183 184
175 185
175 186
185 186
175 187
185 187
186 187
175 188
185 188
186 188
187 188
175 189
185 189
186 189
187 189
188 189
175 190
185 190
186 190
187 190
188 190
189 190
22 191
116 192
116 193
192 193
116 194
192 194
193 194
116 195
192 195
193 195
194 195
78 196
78 197
196 197
41 198
168 199
168 200
199 200
168 201
199 201
200 201
168 202
199 202
200 202
201 202
168 203
199 203
200 203
201 203
202 203
150 204
150 205
204 205
150 206
204 206
205 206
150 207
204 207
205 207
206 207
150 208
204 208
205 208
206 208
207 208
150 209
204 209
205 209
206 209
207 209
208 209
194 210
194 211
210 211
194 212
210 212
211 212
114 213
114 214
213 214
62 215
62 216
215 216
62 217
215 217
216 217
62 218
215 218
216 218
217 218
62 219
215 219
216 219
217 219
218 219
197 220
197 221
220 221
197 222
220 222
221 222
197 223
220 223
221 223
222 223
46 224
46 225
224 225
46 226
224 226
225 226
46 227
224 227
225 227
226 227
46 228
224 228
225 228
226 228
227 228
195 229
195 230
229 230
37 231
37 232
231 232
37 233
231 233
232 233
37 234
231 234
232 234
233 234
37 235
231 235
232 235
233 235
234 235
37 236
231 236
232 236
233 236
234 236
235 236
200 237
175 238
175 239
238 239
175 240
238 240
239 240
175 241
238 241
239 241
240 241
218 242
218 243
242 243
218 244
242 244
243 244
218 245
242 245
243 245
244 245
218 246
242 246
243 246
244 246
245 246
218 247
242 247
243 247
244 247
245 247
246 247
162 248
162 249
248 249
162 250
248 250
249 250
162 251
248 251
249 251
250 251
145 252
145 253
252 253
145 254
252 254
253 254
61 255
61 256
255 256
61 257
255 257
256 257
61 258
255 258
256 258
257 258
61 259
255 259
256 259
257 259
258 259
93 260
93 261
260 261
93 262
260 262
261 262
196 263
196 264
263 264
196 265
263 265
264 265
196 266
263 266
264 266
265 266
247 267
247 268
267 268
41 269
41 270
269 270
48 271
48 272
271 272
213 273
48 274
48 275
274 275
142 276
142 277
276 277
142 278
276 278
277 278
142 279
276 279
277 279
278 279
142 280
276 280
277 280
278 280
279 280
142 281
276 281
277 281
278 281
279 281
280 281
225 282
225 283
282 283
225 284
282 284
283 284
225 285
282 285
283 285
284 285
225 286
282 286
283 286
284 286
285 286
225 287
282 287
283 287
284 287
285 287
286 287
272 288
272 289
288 289
272 290
288 290
289 290
272 291
288 291
289 291
290 291
272 292
288 292
289 292
290 292
291 292
272 293
288 293
289 293
290 293
291 293
292 293
91 294
91 295
294 295
91 296
294 296
295 296
158 297
16 298
16 299
298 299
16 300
298 300
299 300
249 301
112 302
112 303
302 303
112 304
302 304
303 304
112 305
302 305
303 305
304 305
112 306
302 306
303 306
304 306
305 306
112 307
302 307
303 307
304 307
305 307
306 307
243 308
243 309
308 309
275 310
275 311
310 311
275 312
310 312
311 312
275 313
310 313
311 313
312 313
275 314
310 314
311 314
312 314
313 314
275 315
310 315
311 315
312 315
313 315
314 315
73 316
73 317
316 317
271 318
271 319
318 319
271 320
318 320
319 320
150 321
150 322
321 322
6 323
6 324
323 324
6 325
323 325
324 325
6 326
323 326
324 326
325 326
6 327
323 327
324 327
325 327
326 327
6 328
323 328
324 328
325 328
326 328
327 328
148 329
148 330
329 330
68 331
68 332
331 332
303 333
303 334
333 334
303 335
333 335
334 335
115 336
265 337
265 338
337 338
265 339
337 339
338 339
265 340
337 340
338 340
339 340
147 341
147 342
341 342
147 343
341 343
342 343
147 344
341 344
342 344
343 344
147 345
341 345
342 345
343 345
344 345
32 346
32 347
346 347
32 348
346 348
347 348
32 349
346 349
347 349
348 349
32 350
346 350
347 350
348 350
349 350
32 351
346 351
347 351
348 351
349 351
350 351
137 352
137 353
352 353
137 354
352 354
353 354
137 355
352 355
353 355
354 355
137 356
352 356
353 356
354 356
355 356
137 357
352 357
353 357
354 357
355 357
356 357
282 358
282 359
358 359
190 360
190 361
360 361
359 362
359 363
362 363
359 364
362 364
363 364
359 365
362 365
363 365
364 365
359 366
362 366
363 366
364 366
365 366
12 367
12 368
367 368
12 369
367 369
368 369
12 370
367 370
368 370
369 370
12 371
367 371
368 371
369 371
370 371
12 372
367 372
368 372
369 372
370 372
371 372
288 373
288 374
373 374
337 375
337 376
375 376
337 377
375 377
376 377
337 378
375 378
376 378
377 378
337 379
375 379
376 379
377 379
378 379
337 380
375 380
376 380
377 380
378 380
379 380
320 381
320 382
381 382
75 383
75 384
383 384
75 385
383 385
384 385
75 386
383 386
384 386
385 386
75 387
383 387
384 387
385 387
386 387
75 388
383 388
384 388
385 388
386 388
387 388
21 389
21 390
389 390
21 391
389 391
390 391
21 392
389 392
390 392
391 392
21 393
389 393
390 393
391 393
392 393
197 394
197 395
394 395
197 396
394 396
395 396
197 397
394 397
395 397
396 397
95 398
95 399
398 399
95 400
398 400
399 400
95 401
398 401
399 401
400 401
95 402
398 402
399 402
400 402
401 402
95 403
398 403
399 403
400 403
401 403
402 403
352 404
352 405
404 405
352 406
404 406
405 406
352 407
404 407
405 407
406 407
79 408
79 409
408 409
79 410
408 410
409 410
79 411
408 411
409 411
410 411
79 412
408 412
409 412
410 412
411 412
79 413
408 413
409 413
410 413
411 413
412 413
120 414
120 415
414 415
120 416
414 416
415 416
120 417
414 417
415 417
416 417
120 418
414 418
415 418
416 418
417 418
315 419
315 420
419 420
315 421
419 421
420 421
315 422
419 422
420 422
421 422
315 423
419 423
420 423
421 423
422 423
315 424
419 424
420 424
421 424
422 424
423 424
215 425
215 426
425 426
75 427
75 428
427 428
75 429
427 429
428 429
75 430
427 430
428 430
429 430
75 431
427 431
428 431
429 431
430 431
75 432
427 432
428 432
429 432
430 432
431 432
388 433
388 434
433 434
21 435
21 436
435 436
21 437
435 437
436 437
226 438
226 439
438 439
334 440
334 441
440 441
334 442
440 442
441 442
334 443
440 443
441 443
442 443
334 444
440 444
441 444
442 444
443 444
334 445
440 445
441 445
442 445
443 445
444 445
355 446
355 447
446 447
355 448
446 448
447 448
355 449
446 449
447 449
448 449
355 450
446 450
447 450
448 450
449 450
355 451
446 451
447 451
448 451
449 451
450 451
352 452
352 453
452 453
352 454
452 454
453 454
352 455
452 455
453 455
454 455
338 456
338 457
456 457
88 458
88 459
458 459
329 460
329 461
460 461
329 462
460 462
461 462
329 463
460 463
461 463
462 463
329 464
460 464
461 464
462 464
463 464
329 465
460 465
461 465
462 465
463 465
464 465
127 466
127 467
466 467
127 468
466 468
467 468
120 469
120 470
469 470
120 471
469 471
470 471
120 472
469 472
470 472
471 472
120 473
469 473
470 473
471 473
472 473
255 474
255 475
474 475
216 476
216 477
476 477
216 478
476 478
477 478
308 479
308 480
479 480
308 481
479 481
480 481
308 482
479 482
480 482
481 482
459 483
161 484
161 485
484 485
161 486
484 486
485 486
161 487
484 487
485 487
486 487
244 488
244 489
488 489
244 490
488 490
489 490
244 491
488 491
489 491
490 491
364 492
364 493
492 493
364 494
492 494
493 494
364 495
492 495
493 495
494 495
364 496
492 496
493 496
494 496
495 496
364 497
492 497
493 497
494 497
495 497
496 497
297 498
297 499
498 499
297 500
498 500
499 500
297 501
498 501
499 501
500 501
297 502
498 502
499 502
500 502
501 502
297 503
498 503
499 503
500 503
501 503
502 503
409 504
409 505
504 505
409 506
504 506
505 506
409 507
504 507
505 507
506 507
19 508
19 509
508 509
19 510
508 510
509 510
19 511
508 511
509 511
510 511
233 512
233 513
512 513
233 514
512 514
513 514
233 515
512 515
513 515
514 515
233 516
512 516
513 516
514 516
515 516
233 517
512 517
513 517
514 517
515 517
516 517
479 518
316 519
316 520
519 520
316 521
519 521
520 521
316 522
519 522
520 522
521 522
136 523
136 524
523 524
136 525
523 525
524 525
136 526
523 526
524 526
525 526
136 527
523 527
524 527
525 527
526 527
181 528
266 529
266 530
529 530
266 531
529 531
530 531
165 532
165 533
532 533
165 534
532 534
533 534
165 535
532 535
533 535
534 535
165 536
532 536
533 536
534 536
535 536
10 537
10 538
537 538
113 539
486 540
486 541
540 541
486 542
540 542
541 542
486 543
540 543
541 543
542 543
486 544
540 544
541 544
542 544
543 544
486 545
540 545
541 545
542 545
543 545
544 545
348 546
348 547
546 547
348 548
546 548
547 548
348 549
546 549
547 549
548 549
348 550
546 550
547 550
548 550
549 550
348 551
546 551
547 551
548 551
549 551
550 551
147 552
147 553
552 553
147 554
552 554
553 554
74 555
74 556
555 556
74 557
555 557
556 557
74 558
555 558
556 558
557 558
353 559
353 560
559 560
353 561
559 561
560 561
414 562
414 563
562 563
414 564
562 564
563 564
69 565
69 566
565 566
69 567
565 567
566 567
72 568
80 569
356 570
356 571
570 571
356 572
570 572
571 572
165 573
165 574
573 574
165 575
573 575
574 575
165 576
573 576
574 576
575 576
165 577
573 577
574 577
575 577
576 577
140 578
551 579
551 580
579 580
551 581
579 581
580 581
137 582
137 583
582 583
306 584
306 585
584 585
187 586
187 587
586 587
244 588
244 589
588 589
244 590
588 590
589 590
244 591
588 591
589 591
590 591
244 592
588 592
589 592
590 592
591 592
71 593
491 594
491 595
594 595
491 596
594 596
595 596
491 597
594 597
595 597
596 597
491 598
594 598
595 598
596 598
597 598
197 599
197 600
599 600
197 601
599 601
600 601
197 602
599 602
600 602
601 602
163 603
163 604
603 604
163 605
603 605
604 605
163 606
603 606
604 606
605 606
163 607
603 607
604 607
605 607
606 607
163 608
603 608
604 608
605 608
606 608
607 608
547 609
547 610
609 610
547 611
609 611
610 611
547 612
609 612
610 612
611 612
518 613
518 614
613 614
518 615
613 615
614 615
518 616
613 616
614 616
615 616
518 617
613 617
614 617
615 617
616 617
272 618
272 619
618 619
272 620
618 620
619 620
295 621
295 622
621 622
295 623
621 623
622 623
281 624
281 625
624 625
281 626
624 626
625 626
281 627
624 627
625 627
626 627
557 628
557 629
628 629
557 630
628 630
629 630
557 631
628 631
629 631
630 631
557 632
628 632
629 632
630 632
631 632
557 633
628 633
629 633
630 633
631 633
632 633
470 634
470 635
634 635
470 636
634 636
635 636
470 637
634 637
635 637
636 637
74 638
74 639
638 639
74 640
638 640
639 640
74 641
638 641
639 641
640 641
74 642
638 642
639 642
640 642
641 642
74 643
638 643
639 643
640 643
641 643
642 643
438 644
438 645
644 645
438 646
644 646
645 646
327 647
327 648
647 648
327 649
647 649
648 649
327 650
647 650
648 650
649 650
327 651
647 651
648 651
649 651
650 651
477 652
477 653
652 653
477 654
652 654
653 654
477 655
652 655
653 655
654 655
477 656
652 656
653 656
654 656
655 656
202 657
202 658
657 658
202 659
657 659
658 659
202 660
657 660
658 660
659 660
86 661
173 662
173 663
662 663
173 664
662 664
663 664
173 665
662 665
663 665
664 665
173 666
662 666
663 666
664 666
665 666
629 667
629 668
667 668
629 669
667 669
668 669
629 670
667 670
668 670
669 670
629 671
667 671
668 671
669 671
670 671
629 672
667 672
668 672
669 672
670 672
671 672
207 673
354 674
354 675
674 675
354 676
674 676
675 676
354 677
674 677
675 677
676 677
354 678
674 678
675 678
676 678
677 678
661 679
661 680
679 680
661 681
679 681
680 681
386 682
5 683
5 684
683 684
5 685
683 685
684 685
5 686
683 686
684 686
685 686
5 687
683 687
684 687
685 687
686 687
5 688
683 688
684 688
685 688
686 688
687 688
205 689
205 690
689 690
597 691
597 692
691 692
597 693
691 693
692 693
597 694
691 694
692 694
693 694
570 695
570 696
695 696
570 697
695 697
696 697
570 698
695 698
696 698
697 698
366 699
366 700
699 700
366 701
699 701
700 701
366 702
699 702
700 702
701 702
366 703
699 703
700 703
701 703
702 703
165 704
165 705
704 705
165 706
704 706
705 706
165 707
704 707
705 707
706 707
165 708
704 708
705 708
706 708
707 708
165 709
704 709
705 709
706 709
707 709
708 709
242 710
242 711
710 711
701 712
701 713
712 713
701 714
712 714
713 714
701 715
712 715
713 715
714 715
121 716
121 717
716 717
121 718
716 718
717 718
121 719
716 719
717 719
718 719
121 720
716 720
717 720
718 720
719 720
121 721
716 721
717 721
718 721
719 721
720 721
166 722
166 723
722 723
166 724
722 724
723 724
166 725
722 725
723 725
724 725
241 726
241 727
726 727
241 728
726 728
727 728
241 729
726 729
727 729
728 729
241 730
726 730
727 730
728 730
729 730
85 731
85 732
731 732
85 733
731 733
732 733
85 734
731 734
732 734
733 734
85 735
731 735
732 735
733 735
734 735
85 736
731 736
732 736
733 736
734 736
735 736
270 737
270 738
737 738
270 739
737 739
738 739
270 740
737 740
738 740
739 740
490 741
442 742
442 743
742 743
442 744
742 744
743 744
442 745
742 745
743 745
744 745
442 746
742 746
743 746
744 746
745 746
656 747
656 748
747 748
449 749
699 750
699 751
750 751
89 752
89 753
752 753
89 754
752 754
753 754
89 755
752 755
753 755
754 755
89 756
752 756
753 756
754 756
755 756
226 757
226 758
757 758
565 759
565 760
759 760
42 761
42 762
761 762
42 763
761 763
762 763
42 764
761 764
762 764
763 764
42 765
761 765
762 765
763 765
764 765
416 766
416 767
766 767
416 768
766 768
767 768
750 769
750 770
769 770
750 771
769 771
770 771
750 772
769 772
770 772
771 772
724 773
724 774
773 774
724 775
773 775
774 775
724 776
773 776
774 776
775 776
666 777
666 778
777 778
666 779
777 779
778 779
666 780
777 780
778 780
779 780
691 781
691 782
781 782
327 783
327 784
783 784
327 785
783 785
784 785
327 786
783 786
784 786
785 786
38 787
38 788
787 788
38 789
787 789
788 789
38 790
787 790
788 790
789 790
38 791
787 791
788 791
789 791
790 791
140 792
140 793
792 793
140 794
792 794
793 794
140 795
792 795
793 795
794 795
140 796
792 796
793 796
794 796
795 796
140 797
792 797
793 797
794 797
795 797
796 797
752 798
277 799
277 800
799 800
277 801
799 801
800 801
277 802
799 802
800 802
801 802
277 803
799 803
800 803
801 803
802 803
277 804
799 804
800 804
801 804
802 804
803 804
655 805
655 806
805 806
375 807
375 808
807 808
375 809
807 809
808 809
375 810
807 810
808 810
809 810
375 811
807 811
808 811
809 811
810 811
300 812
300 813
812 813
300 814
812 814
813 814
756 815
756 816
815 816
748 817
748 818
817 818
748 819
817 819
818 819
657 820
657 821
820 821
657 822
820 822
821 822
193 823
193 824
823 824
193 825
823 825
824 825
193 826
823 826
824 826
825 826
193 827
823 827
824 827
825 827
826 827
393 828
393 829
828 829
393 830
828 830
829 830
334 831
334 832
831 832
334 833
831 833
832 833
334 834
831 834
832 834
833 834
334 835
831 835
832 835
833 835
834 835
334 836
831 836
832 836
833 836
834 836
835 836
111 837
111 838
837 838
111 839
837 839
838 839
111 840
837 840
838 840
839 840
111 841
837 841
838 841
839 841
840 841
111 842
837 842
838 842
839 842
840 842
841 842
368 843
368 844
843 844
368 845
843 845
844 845
368 846
843 846
844 846
845 846
786 847
786 848
847 848
189 849
189 850
849 850
189 851
849 851
850 851
129 852
129 853
852 853
129 854
852 854
853 854
129 855
852 855
853 855
854 855
579 856
579 857
856 857
579 858
856 858
857 858
579 859
856 859
857 859
858 859
579 860
856 860
857 860
858 860
859 860
579 861
856 861
857 861
858 861
859 861
860 861
563 862
563 863
862 863
319 864
85 865
85 866
865 866
85 867
865 867
866 867
85 868
865 868
866 868
867 868
85 869
865 869
866 869
867 869
868 869
85 870
865 870
866 870
867 870
868 870
869 870
119 871
119 872
871 872
119 873
871 873
872 873
119 874
871 874
872 874
873 874
119 875
871 875
872 875
873 875
874 875
119 876
871 876
872 876
873 876
874 876
875 876
756 877
756 878
877 878
756 879
877 879
878 879
390 880
390 881
880 881
41 882
41 883
882 883
671 884
236 885
236 886
885 886
668 887
668 888
887 888
668 889
887 889
888 889
335 890
335 891
890 891
335 892
890 892
891 892
888 893
888 894
893 894
888 895
893 895
894 895
282 896
282 897
896 897
282 898
896 898
897 898
282 899
896 899
897 899
898 899
137 900
137 901
900 901
137 902
900 902
901 902
137 903
900 903
901 903
902 903
137 904
900 904
901 904
902 904
903 904
137 905
900 905
901 905
902 905
903 905
904 905
122 906
122 907
906 907
122 908
906 908
907 908
122 909
906 909
907 909
908 909
201 910
201 911
910 911
563 912
563 913
912 913
563 914
912 914
913 914
563 915
912 915
913 915
914 915
563 916
912 916
913 916
914 916
915 916
592 917
592 918
917 918
592 919
917 919
918 919
592 920
917 920
918 920
919 920
903 921
552 922
552 923
922 923
552 924
922 924
923 924
552 925
922 925
923 925
924 925
552 926
922 926
923 926
924 926
925 926
552 927
922 927
923 927
924 927
925 927
926 927
476 928
476 929
928 929
92 930
92 931
930 931
92 932
930 932
931 932
92 933
930 933
931 933
932 933
331 934
331 935
934 935
331 936
934 936
935 936
331 937
934 937
935 937
936 937
331 938
934 938
935 938
936 938
937 938
331 939
934 939
935 939
936 939
937 939
938 939
395 940
36 941
36 942
941 942
680 943
680 944
943 944
680 945
943 945
944 945
252 946
252 947
946 947
676 948
676 949
948 949
676 950
948 950
949 950
248 951
248 952
951 952
248 953
951 953
952 953
248 954
951 954
952 954
953 954
248 955
951 955
952 955
953 955
954 955
300 956
300 957
956 957
300 958
956 958
957 958
300 959
956 959
957 959
958 959
664 960
664 961
960 961
664 962
960 962
961 962
664 963
960 963
961 963
962 963
664 964
960 964
961 964
962 964
963 964
35 965
35 966
965 966
35 967
965 967
966 967
35 968
965 968
966 968
967 968
35 969
965 969
966 969
967 969
968 969
35 970
965 970
966 970
967 970
968 970
969 970
410 971
410 972
971 972
410 973
971 973
972 973
410 974
971 974
972 974
973 974
410 975
971 975
972 975
973 975
974 975
410 976
971 976
972 976
973 976
974 976
975 976
802 977
802 978
977 978
473 979
473 980
979 980
473 981
979 981
980 981
473 982
979 982
980 982
981 982
4 983
4 984
983 984
4 985
983 985
984 985
4 986
983 986
984 986
985 986
4 987
983 987
984 987
985 987
986 987
170 988
343 989
343 990
989 990
343 991
989 991
990 991
343 992
989 992
990 992
991 992
343 993
989 993
990 993
991 993
992 993
581 994
581 995
994 995
581 996
994 996
995 996
530 997
530 998
997 998
674 999
674 1000
999 1000
