1000 2686
927 757
578 603
985 186
404 524
995 50
107 96
189 198
567 865
118 255
599 642
218 451
549 6
53 160
914 449
559 626
274 276
459 507
345 642
890 266
567 385
673 445
471 952
148 47
678 176
365 681
264 888
260 681
94 865
992 802
479 21
606 399
446 721
214 664
129 312
729 990
66 35
905 319
707 14
599 55
910 831
738 351
721 373
258 844
512 568
494 173
767 954
967 484
108 235
40 720
820 247
738 645
950 582
263 554
894 329
302 521
370 20
307 284
793 841
626 601
647 570
515 25
835 50
204 839
866 746
726 764
896 76
209 984
418 565
425 670
293 72
588 22
89 383
641 76
651 166
874 765
879 568
584 670
145 104
262 515
485 902
166 318
282 178
379 633
61 613
982 276
545 218
912 53
474 875
467 980
691 31
18 321
878 807
664 164
501 540
961 554
219 434
915 231
703 849
807 600
165 417
608 190
906 148
568 141
432 439
838 782
984 688
413 420
50 729
561 900
939 838
121 957
386 925
350 377
47 571
800 116
303 417
324 395
430 133
597 611
32 11
494 259
912 704
569 944
832 721
779 939
343 576
119 990
746 845
399 203
145 854
324 397
964 81
687 104
556 796
588 729
331 438
448 886
9 880
275 613
625 310
985 822
88 606
897 793
662 955
734 559
123 320
765 663
800 675
561 68
777 115
951 640
669 497
843 576
886 800
874 663
7 151
52 598
794 254
661 205
301 100
946 746
250 850
950 287
425 760
168 712
453 970
280 226
500 647
904 258
821 196
311 238
440 475
51 147
497 762
574 646
111 83
839 923
468 217
162 878
890 785
521 905
627 402
309 172
741 681
247 734
966 405
988 852
128 843
190 432
360 852
773 277
580 760
789 181
754 777
529 583
129 565
44 752
316 795
297 365
606 703
276 727
545 954
733 882
154 976
755 379
63 952
297 681
587 180
294 337
758 896
765 418
643 610
636 829
419 305
643 847
802 38
405 924
672 43
348 205
263 778
996 534
81 429
935 845
375 360
630 673
875 262
737 342
130 687
109 110
757 50
599 377
699 463
582 226
954 837
526 618
447 449
787 936
496 243
555 59
304 229
416 917
134 902
919 819
974 540
678 406
527 943
882 246
151 540
104 130
40 703
559 347
22 729
714 761
201 999
278 870
995 364
40 891
484 7
256 26
354 326
953 605
770 603
413 782
994 746
205 828
890 538
37 66
150 294
591 590
650 949
258 921
144 834
338 753
202 373
376 370
86 67
727 482
371 82
636 130
957 381
340 206
512 819
840 501
8 39
8 452
356 713
717 826
739 240
313 760
136 950
104 611
124 619
629 944
548 704
260 342
833 445
17 962
583 607
136 690
173 259
876 870
700 565
730 20
887 421
530 986
171 914
221 982
589 73
343 596
264 671
375 770
53 105
230 808
383 608
947 821
21 756
640 272
809 24
476 560
193 469
454 446
367 99
40 142
515 735
829 393
260 267
126 207
160 704
664 914
904 844
944 333
820 665
243 659
352 17
559 422
954 218
21 545
256 166
252 890
788 435
477 994
221 462
797 910
325 676
56 600
947 245
711 835
399 402
714 940
542 366
907 80
367 479
38 232
55 330
109 686
704 53
363 273
129 39
149 285
79 875
877 652
30 569
79 262
677 524
566 761
84 174
237 526
218 949
3 373
970 336
783 834
36 514
675 932
538 956
793 568
237 618
153 336
540 464
824 842
962 704
425 584
302 469
482 902
39 418
933 319
510 978
956 751
689 376
294 55
330 294
790 77
76 8
489 389
71 794
175 336
879 999
350 32
678 721
500 44
953 260
860 225
54 761
441 253
269 824
288 8
516 308
925 886
683 34
811 993
26 67
747 356
446 232
302 933
650 131
727 221
538 966
924 396
355 880
185 438
303 536
717 849
179 185
780 428
19 916
346 321
6 256
534 545
938 452
649 510
83 812
608 89
169 710
117 21
360 161
53 148
701 318
54 258
360 770
40 606
987 424
200 766
888 830
486 548
103 469
366 518
66 843
847 843
10 495
510 734
218 837
659 801
488 23
382 71
861 294
736 74
337 325
23 638
900 634
85 374
357 723
984 132
386 448
970 552
188 649
440 784
85 227
224 236
837 307
121 740
502 408
934 52
359 633
242 396
320 749
211 851
91 50
279 785
260 354
970 783
909 306
635 589
410 166
655 60
334 855
162 734
768 102
635 73
785 252
122 86
174 65
396 94
520 30
608 183
188 394
961 863
716 932
726 578
639 662
515 97
469 384
462 655
727 982
30 944
739 682
46 469
787 433
407 517
253 415
810 439
722 343
519 973
886 697
373 884
326 372
392 699
883 698
48 637
69 937
596 918
373 446
966 396
159 110
579 292
968 670
885 333
52 792
759 402
856 460
265 703
715 18
918 722
621 651
504 476
55 652
600 162
540 840
460 100
946 620
297 348
145 63
318 110
741 557
203 759
635 161
222 283
204 923
559 510
370 930
724 376
50 49
576 596
752 146
718 455
731 923
955 369
341 355
87 101
596 722
265 40
647 964
784 873
243 801
482 335
344 137
135 40
927 285
631 199
538 396
952 854
706 276
954 21
147 334
753 43
265 699
159 686
994 647
667 685
966 493
813 166
953 867
982 902
117 451
574 965
464 90
851 380
772 775
197 741
189 857
464 608
290 673
460 347
709 718
965 721
365 260
304 789
152 565
913 151
666 337
857 198
928 90
354 372
616 567
749 970
430 14
865 966
616 385
572 897
546 727
409 375
872 14
732 25
298 60
744 982
194 44
450 563
934 420
451 468
671 866
359 379
107 251
827 332
355 783
852 881
923 64
934 568
453 355
347 639
314 261
926 149
271 840
358 650
863 263
158 353
461 198
409 72
484 75
227 687
742 924
799 525
974 501
684 513
98 983
547 675
944 446
875 503
293 409
982 718
329 328
512 934
365 942
872 707
712 41
27 418
564 772
168 41
469 515
879 201
571 53
886 936
446 992
371 419
835 16
519 167
253 267
310 469
164 423
332 491
900 370
150 861
304 594
87 105
44 795
260 297
469 625
746 44
866 888
629 446
43 338
744 492
687 374
548 575
71 61
994 194
128 847
930 376
79 474
262 310
823 328
620 845
200 344
717 703
426 1000
948 910
945 973
181 825
507 682
803 717
228 214
511 653
536 315
103 193
166 110
746 194
673 515
843 104
90 248
479 954
988 121
521 933
975 208
346 18
375 72
487 511
132 786
423 914
701 522
758 76
105 962
686 110
104 70
484 151
544 251
190 359
692 760
889 566
89 183
904 54
920 570
898 871
849 803
545 837
260 737
581 398
2 256
465 105
267 441
328 573
323 616
897 473
301 62
529 260
665 734
436 136
158 299
615 727
8 641
314 893
648 476
515 625
255 312
483 396
541 144
899 881
165 506
129 249
442 852
212 719
948 936
176 832
37 963
443 217
905 302
127 821
313 490
226 528
33 666
466 641
423 224
514 709
775 564
883 106
278 876
586 913
668 366
972 57
615 546
481 914
638 488
491 7
6 440
953 269
352 292
629 721
959 751
768 216
902 114
916 993
19 993
587 825
823 329
595 687
498 104
918 343
71 254
518 542
887 745
669 333
492 13
451 479
727 908
117 545
580 894
860 495
827 491
500 570
733 924
96 544
510 626
1000 76
644 525
120 490
261 376
390 163
32 599
664 791
351 528
980 444
512 919
233 87
433 667
531 954
169 403
568 420
527 250
303 624
245 761
84 704
161 770
39 96
554 425
794 382
239 624
679 819
423 322
40 392
765 27
734 100
681 269
120 692
757 835
197 681
84 113
683 372
287 528
128 576
893 930
399 392
248 928
539 483
34 354
57 953
126 522
44 146
323 385
50 525
893 713
565 8
272 856
989 123
476 128
265 463
570 535
490 692
531 98
294 599
699 40
297 354
482 276
747 499
970 153
998 165
876 5
622 363
294 78
284 637
833 630
708 815
726 770
721 333
914 164
463 40
682 914
281 260
397 395
613 245
851 4
219 390
5 93
226 287
334 55
908 546
836 195
782 851
419 82
862 643
568 201
350 11
760 490
901 562
493 388
633 997
127 196
202 774
106 454
178 400
120 760
97 625
960 667
39 641
19 811
645 351
310 427
399 627
988 740
725 370
333 762
956 959
652 92
292 17
148 571
972 605
563 664
894 328
584 968
946 935
621 166
673 262
116 324
458 112
311 367
770 442
102 164
473 793
316 752
721 944
617 244
703 392
310 673
58 770
988 375
332 456
851 413
525 757
44 866
718 727
983 531
647 866
613 158
532 996
543 871
999 568
613 181
302 625
625 262
763 413
848 989
336 654
868 138
193 384
886 303
157 478
418 129
515 302
354 529
391 652
269 308
128 687
100 77
997 755
802 446
714 566
953 354
764 603
265 606
761 613
199 634
265 976
221 744
179 331
586 696
847 104
545 210
990 50
724 689
782 903
355 684
436 950
563 389
117 850
577 525
699 399
1 289
558 428
710 256
460 734
858 411
4 295
565 39
841 572
278 93
863 778
873 440
570 361
179 143
552 453
124 401
767 98
948 797
454 883
537 735
504 648
846 783
135 142
161 73
512 413
198 750
802 232
784 475
3 884
624 184
446 333
317 922
731 839
368 994
934 413
368 74
465 53
901 365
164 216
536 421
619 287
117 250
156 439
786 688
698 454
782 793
245 127
885 497
309 21
311 479
869 799
868 198
61 870
403 256
607 529
817 528
97 673
994 74
677 405
477 74
237 378
642 652
554 707
699 235
97 753
196 245
695 586
842 516
65 84
163 219
623 388
728 492
459 240
460 951
392 458
966 890
559 317
890 405
379 997
357 265
6 937
955 639
897 841
440 110
87 895
427 259
299 275
912 105
823 573
579 352
563 164
590 340
664 449
277 914
704 105
94 924
302 262
760 198
842 308
800 303
780 447
789 61
861 771
543 561
396 539
843 37
143 731
834 846
94 405
359 540
555 424
520 944
948 831
485 114
838 779
537 732
979 626
491 456
792 598
423 664
894 198
34 372
49 91
731 204
789 613
163 434
724 818
452 288
100 347
533 134
440 166
811 355
280 971
958 883
565 241
931 486
774 373
168 582
68 871
528 582
949 358
865 538
656 901
777 442
868 760
355 749
286 836
284 837
576 847
844 921
510 162
279 890
843 35
375 139
612 8
51 55
314 268
561 930
820 658
988 770
488 791
548 160
227 595
552 783
46 193
982 234
111 500
912 378
292 962
145 847
190 810
471 63
465 160
721 454
487 653
23 339
358 218
435 967
323 567
904 921
924 882
756 177
896 1000
318 440
546 674
420 793
165 806
936 797
697 386
912 237
682 240
628 396
570 44
950 215
763 444
6 166
323 865
95 376
805 291
244 588
545 479
835 400
894 868
888 671
284 48
591 194
416 852
727 902
851 295
635 969
50 364
296 180
505 928
538 959
388 140
885 762
835 990
629 212
381 988
287 731
608 7
188 978
702 24
707 894
964 480
154 357
62 790
188 510
9 513
580 390
31 330
493 623
179 438
368 477
695 151
222 268
475 29
465 704
995 91
936 536
241 700
787 536
409 139
685 787
647 480
28 214
891 720
614 487
267 415
76 129
886 417
297 529
893 747
417 998
552 749
550 226
551 335
208 212
49 995
793 851
725 730
860 10
442 161
968 425
537 515
113 174
791 914
826 803
356 893
421 745
790 301
820 734
886 386
432 156
906 47
936 303
719 629
919 472
360 509
592 862
641 565
506 998
610 862
971 550
117 218
736 477
758 426
671 830
786 984
13 977
505 90
139 293
157 249
503 474
890 94
705 322
134 114
236 705
203 627
396 890
744 13
606 699
834 541
410 256
436 690
786 525
724 95
430 872
174 704
731 950
485 533
593 283
25 735
895 105
250 943
942 562
814 652
660 500
815 408
118 129
613 299
769 937
220 520
137 766
646 965
338 97
630 290
642 294
636 393
482 551
706 274
4 211
791 339
149 757
953 529
606 822
907 360
181 245
516 824
130 843
346 715
397 116
869 644
401 619
273 622
214 602
782 939
119 553
181 180
943 117
532 545
450 489
974 271
319 521
890 924
462 60
303 859
684 880
848 749
956 349
642 330
511 614
715 625
538 94
754 442
909 231
209 132
847 130
742 246
746 570
170 478
257 584
580 868
357 976
944 220
464 359
869 525
484 359
152 743
941 932
970 811
524 12
926 285
235 609
198 707
172 177
222 314
97 672
229 594
870 613
306 420
729 711
870 5
563 449
130 694
928 464
866 994
729 244
788 484
341 552
867 972
703 399
719 208
321 625
814 877
725 20
843 145
338 672
869 577
187 931
821 245
766 344
607 986
966 924
345 772
208 629
934 792
990 786
738 817
894 823
538 751
194 206
95 818
42 563
163 580
228 28
503 262
849 826
381 740
978 394
880 513
553 155
973 167
65 113
31 407
318 6
685 433
773 171
18 625
261 893
322 236
895 233
658 734
348 828
186 88
420 909
81 480
390 434
286 731
58 243
580 219
906 53
365 656
276 221
15 197
960 685
310 259
706 289
895 101
608 693
626 100
444 467
139 72
58 496
968 257
962 53
512 793
184 239
782 779
65 704
149 927
298 655
664 682
818 689
410 110
693 183
167 125
773 481
639 369
463 668
512 851
96 251
906 571
775 345
421 315
945 125
731 528
418 641
355 552
31 517
987 465
537 25
123 848
7 359
451 270
314 593
632 234
255 816
7 464
898 543
389 42
398 261
759 399
641 808
192 280
92 877
910 936
761 789
359 608
154 723
459 682
417 675
965 333
404 12
341 783
957 988
592 643
568 851
612 288
320 989
965 454
370 261
791 563
104 128
996 210
774 884
266 252
191 609
108 609
405 396
889 940
181 761
442 360
525 990
657 535
80 360
517 691
786 711
996 545
130 576
555 465
687 843
806 417
618 378
288 938
983 954
164 791
449 780
265 154
88 985
761 61
744 977
261 900
696 695
368 736
21 218
977 492
342 281
440 410
307 637
618 912
276 744
26 440
224 705
400 16
361 920
736 994
301 77
855 51
279 252
718 276
629 965
656 562
570 994
225 930
681 557
595 85
482 718
229 789
868 809
432 810
670 257
944 373
488 339
726 603
781 80
117 954
569 220
604 392
297 269
164 682
510 347
98 954
568 782
783 144
554 580
150 78
811 916
281 737
592 610
589 969
318 126
866 570
746 500
870 789
626 460
231 306
441 415
886 675
152 700
654 153
449 423
192 226
711 137
456 7
274 289
558 449
186 606
309 756
573 894
778 554
882 742
46 103
930 261
47 53
242 483
529 530
556 261
303 239
892 458
659 58
548 962
413 980
557 197
782 512
718 514
2 169
453 749
837 451
512 420
140 966
130 393
810 156
922 559
786 757
298 221
473 572
175 654
340 194
68 543
793 934
652 294
863 554
725 362
708 160
958 106
587 181
367 238
178 835
655 221
97 43
349 959
472 512
751 349
902 221
988 360
979 601
945 599
375 161
286 523
592 847
787 667
613 54
993 470
967 788
879 141
218 479
886 787
768 164
93 876
680 813
682 449
302 97
405 404
594 804
924 538
866 500
303 787
105 233
929 712
786 835
661 828
123 749
563 914
535 920
734 626
866 264
234 858
115 442
800 417
530 607
558 780
8 418
327 164
541 783
78 861
832 678
615 674
811 783
900 199
58 442
133 872
293 375
852 375
958 698
659 496
382 254
624 859
291 601
156 190
127 947
312 118
512 679
675 716
843 963
728 977
23 791
943 850
468 270
59 987
808 466
647 81
184 303
28 664
621 680
297 828
314 900
528 738
241 152
143 438
757 926
177 21
812 111
881 917
899 852
602 228
945 519
992 38
86 26
951 856
216 327
239 859
787 417
76 565
994 500
341 749
573 329
988 161
585 646
900 376
732 735
322 224
205 297
912 160
414 559
454 944
676 666
369 662
791 449
961 263
648 560
934 748
262 97
630 445
808 457
112 892
330 599
113 704
980 763
423 236
68 898
417 536
157 170
244 22
951 272
986 529
544 39
425 580
190 439
449 428
966 388
707 430
451 443
531 767
60 221
597 104
528 645
463 542
340 591
811 470
255 129
186 822
744 718
874 27
574 585
865 405
249 478
786 729
302 673
731 226
729 835
576 722
662 347
687 847
640 460
383 693
151 464
769 69
771 78
249 641
791 423
167 945
318 522
827 456
934 782
913 695
134 485
330 517
925 448
638 791
182 115
478 981
764 578
469 97
116 395
12 677
701 126
181 54
235 191
431 124
776 991
337 642
781 509
482 982
484 464
414 317
146 795
945 55
800 787
441 260
180 825
398 796
347 734
138 24
93 870
170 249
251 39
975 719
107 544
798 363
403 2
28 602
892 392
406 176
76 39
325 666
990 757
376 818
893 900
746 935
147 855
337 599
991 335
727 674
656 942
175 970
391 814
962 579
836 523
331 143
636 694
446 965
56 162
198 580
117 479
50 786
853 646
303 675
457 641
34 326
264 830
392 463
408 708
953 365
532 210
865 924
353 299
647 194
189 750
26 122
101 105
33 676
128 504
746 647
143 185
306 915
623 966
552 798
211 380
310 173
182 442
450 42
225 10
657 361
561 261
853 585
95 689
554 760
868 702
48 837
865 396
654 970
70 498
30 220
744 482
495 225
494 310
945 330
916 470
774 3
286 582
813 651
334 51
723 976
472 679
874 418
341 453
868 425
700 743
772 642
841 473
276 902
377 32
331 185
211 295
462 298
129 816
313 692
831 936
339 638
417 936
150 771
551 776
164 449
269 260
269 842
248 464
463 606
233 101
130 145
789 54
36 718
356 499
398 556
502 708
160 105
44 647
302 319
373 965
617 22
479 837
269 516
991 551
33 337
582 287
499 713
9 684
652 945
8 129
800 536
192 971
518 668
46 384
160 502
422 317
99 479
905 933
743 241
347 955
665 658
392 606
420 782
274 1
935 620
181 296
35 963
711 200
974 840
105 548
454 958
378 526
183 383
344 711
61 181
854 471
642 775
466 457
222 593
425 257
965 853
145 128
377 11
268 283
7 332
991 482
857 750
805 601
599 11
548 53
509 80
525 835
100 790
563 489
418 76
453 783
912 962
122 67
231 420
194 500
145 952
792 748
391 877
100 62
936 800
364 49
277 171
475 873
612 938
272 460
249 981
143 287
195 223
451 954
833 673
467 763
465 962
58 988
282 16
506 806
581 796
271 501
145 471
140 493
190 540
893 561
207 701
574 853
761 870
166 680
795 752
755 359
207 318
616 865
246 733
743 565
215 436
447 558
687 85
297 953
414 922
707 760
529 681
561 898
847 610
680 651
115 754
889 761
829 130
245 789
599 652
769 549
271 540
694 393
969 73
728 744
789 804
171 481
455 36
463 366
479 238
597 70
742 733
83 500
419 410
350 599
688 209
556 581
365 562
642 945
391 92
151 608
253 260
153 175
859 184
463 399
333 629
484 435
145 687
161 589
857 461
133 707
729 757
714 889
682 423
431 401
676 337
552 273
311 99
748 598
965 944
209 786
373 629
287 431
52 748
868 554
652 330
899 917
425 198
371 305
4 380
852 917
353 613
442 375
221 482
102 327
6 410
940 566
505 464
138 702
373 333
395 800
411 632
182 777
410 82
6 26
245 61
337 652
429 480
400 282
345 564
945 337
679 919
59 424
295 380
286 950
628 483
731 582
587 296
836 223
838 903
878 56
277 481
946 845
304 804
305 82
413 568
553 990
265 399
539 242
413 467
942 901
75 788
750 461
588 617
370 314
511 94
878 600
540 7
422 922
440 29
45 686
310 515
729 525
151 696
855 55
833 290
247 665
15 741
460 510
675 787
754 182
553 300
425 707
757 285
100 162
410 305
711 990
427 173
190 484
807 162
920 657
642 55
529 365
817 645
387 26
144 846
249 418
848 320
410 318
57 867
605 57
266 785
971 226
172 756
352 962
335 776
318 26
800 397
360 58
893 376
927 926
119 155
970 355
549 69
611 70
376 561
1000 758
721 176
290 445
302 310
981 170
6 69
228 664
374 227
981 157
602 664
870 245
275 158
256 440
420 915
262 474
36 709
381 121
206 590
936 675
975 629
973 125
276 1
576 918
192 550
294 771
870 54
552 363
482 776
469 262
3 202
582 143
697 448
455 514
825 296
699 191
580 707
261 796
354 683
41 582
160 962
559 460
223 286
637 837
384 103
749 989
688 132
353 275
557 15
963 66
256 110
137 200
970 341
191 108
201 141
408 160
104 576
631 634
595 374
458 604
711 757
554 198
177 309
547 941
653 94
850 527
929 582
541 846
691 330
435 75
62 77
799 577
300 119
868 24
703 463
749 811
902 533
348 661
978 649
162 347
647 429
812 660
79 503
649 394
422 414
784 29
653 614
947 196
852 161
143 286
54 245
672 753
860 930
114 533
470 19
370 893
629 454
249 565
502 815
33 325
929 168
56 807
318 256
969 161
260 415
847 862
538 349
261 581
563 423
371 410
246 924
822 88
730 370
2 710
221 718
520 569
194 866
135 720
626 291
442 988
316 146
586 151
887 536
532 534
495 930
598 934
779 903
987 555
663 27
896 426
707 868
425 894
453 811
950 528
931 575
120 313
681 953
315 887
117 527
370 561
45 159
605 867
151 359
519 125
739 507
611 498
58 161
932 547
508 634
266 279
831 797
172 21
720 142
793 413
61 382
908 615
446 38
190 7
745 315
230 466
187 486
411 234
975 212
783 749
147 55
893 499
468 443
500 812
830 866
486 575
195 286
117 837
902 718
798 273
63 854
938 8
162 626
744 727
247 658
619 431
450 389
801 496
998 806
526 912
992 232
61 794
118 816
416 881
583 530
982 411
294 945
547 716
7 827
64 731
316 44
950 226
960 787
965 585
216 102
711 50
354 269
136 215
536 675
143 226
900 508
798 622
508 631
143 950
280 550
76 249
681 354
504 560
552 811
287 124
447 428
809 138
764 770
362 730
181 870
809 702
129 641
712 582
674 908
803 703
362 20
606 985
729 617
451 545
768 327
454 373
826 703
26 410
427 494
10 930
484 540
811 341
800 324
979 291
711 766
837 21
739 459
817 351
576 145
429 964
487 94
194 590
460 162
561 314
705 423
608 484
58 852
508 199
337 55
628 242
683 326
890 865
539 628
330 337
814 92
392 265
406 721
254 61
452 612
41 929
314 283
907 781
402 203
536 745
570 194
6 110
941 716
131 218
270 217
931 548
451 217
369 347
819 472
710 403
141 999
505 248
815 160
593 268
682 563
884 202
746 620
1 706
110 45
111 660
76 426
413 444
106 698
699 609
405 524
434 580
35 37
561 871
26 166
982 632
682 791
661 297
693 89
416 899
844 54
195 523
623 140
604 892
215 690
401 287
286 287
979 805
128 130
360 781
44 994
75 967
723 265
594 789
110 26
549 937
939 903
559 100
941 675
642 564
510 394
930 314
986 583
554 894
346 625
109 159
540 608
703 699
355 9
709 455
804 229
663 418
289 276
45 109
740 957
151 190
744 902
572 793
406 832
538 405
507 240
885 669
64 839
518 463
732 515
269 365
100 510
330 407
249 8
417 506
648 128
362 370
223 523
42 489
187 575
97 310
218 650
644 577
829 694
912 548
660 83
805 626
308 824
559 162
256 169
673 469
760 894
12 405
525 711
333 497
669 762
17 579
644 799
990 300
769 6
747 713
907 509
464 190
314 376
189 461
48 307
107 39
238 99
40 399
940 761
773 914
407 691
900 631
67 387
552 622
913 696
131 949
230 641
226 286
900 930
387 86
687 576
909 915
321 715
278 5
755 633
513 355
816 312
249 39
891 142
13 728
925 697
982 858
934 851
621 813
614 94
387 122
108 699
457 230
131 358
375 58
392 112
420 851
451 21
856 640
465 424
953 972
133 14
91 364
801 58
155 300
282 835
542 668
873 29
365 354
673 625
548 465
990 155
15 681
960 433
204 64
604 112
690 950
759 627
333 454
767 983
997 359
16 178
858 632
443 270
865 385
128 560
207 522
626 347
966 94
528 286
269 529
59 465
206 591
912 465
54 61
143 528
361 535
770 578
921 54
404 677
534 210
187 548
135 891
597 498
886 536
770 852
778 961
570 657
