98
20 26 0
311207927 496037639 906456159 724733523 236110182 736470685 365699793 403235746 617502576 130652685 226200477 831447886 595963329 344011759 605191905 480979618 610133308 9780526 679281032 342951303
476534188 334911824 106119529 869723235 209314468 925355680 586493233 891476523 109680802 417304395 309708274 367509871 533126690 186456794 538269067 929863017 922790977 138760072 207424427 335608501 216631762 548061505 610321293 883437037 934747988 469925570
52 14 0
978479616 383509584 568547929 955048031 143226210 529079862 409153209 961858501 897175806 223865051 634169639 786891116 671091534 507839722 112258555 641264337 845127326 679303650 401724999 763340087 311464825 225190026 594034305 528967090 966764940 459145128 935309690 244574079 35546476 723927982 652510963 543993816 104019388 92787452 470173689 96677124 599275209 323390445 272989073 138306220 570127216 708198208 961805487 55123450 664884485 188682296 104825078 73576846 761354829 382478908 329653160 374979488
339502720 894852937 918323283 134395032 21906607 831242382 467076635 374669359 166485619 970279454 997085482 763526387 622196453 259178265
6 35 0
656543027 393909557 87651086 437762826 86185166 593825374
860079620 856403512 915799649 659928412 866441246 659545386 100146998 276962150 556119039 789431960 887485676 253708120 112986503 103969190 516913771 268884822 642536520 500065858 301566537 908346512 282981905 730102582 310272813 297493321 278999914 154737071 782063770 318004889 849010852 312168832 562929703 18057490 426329565 259435240 198219028
38 55 2
299818841 259523387 783538476 138154160 110685711 845974237 642926103 685229806 39305224 636534583 939113962 620743986 113019057 935202053 587262182 414830873 224728300 721350082 52668039 482883771 322853621 885031393 849737528 783748067 457133284 858972143 353305966 164071416 415527632 863956930 276870025 304931063 650383878 724444500 52593002 128917787 612543572 604472246
130142109 175424705 108948544 327553814 535429633 263975949 755640426 115925116 58194790 878421501 795730303 917725104 41770386 794839690 51362164 946710802 388740832 781396000 677577400 340153031 7154745 181732992 518659382 438612890 279836398 944480890 561039101 151487933 17206106 991077498 393594249 410642345 553092617 832265554 820496847 938152348 497293492 717619922 490744837 437407211 115729607 114457038 592031664 659039967 188501272 979003586 639569851 398412276 355456425 336039112 326780589 974995168 274323197 442775046 30320225
44 92 0
545460467 953599628 180888193 823403922 421962047 197354660 808505297 490573151 456922146 825365524 176690486 622205194 398902762 509371710 388215076 640778623 674310542 138797650 811595999 407963119 988212472 768166373 922269811 771167984 876214678 492381188 163178806 539720154 458734941 253859525 909778193 752066071 926859789 194592086 887206186 961329439 785965802 703385128 736213291 890399301 128518376 49335617 138828256 808760836
538049376 809294292 809376975 223663977 65658613 221557505 86888326 127352761 30325256 801472093 431747129 299662917 659941597 57850058 207517832 939995143 903718008 83180753 828127573 242109006 666151762 293316067 580010553 369396339 825276324 200472271 683656725 303747730 698735984 588988458 301383832 993231072 654667514 900220451 304455357 379130425 269013242 589848792 490769266 107196723 390697548 976989426 219896700 918209456 737420464 838773319 226919647 68788065 844354628 471170656 888712627 205164857 206003288 768699769 830977005 608123683 674487536 481085778 963499945 658453014 755150780 602384223 207290645 524821857 439613322 968339968 338531442 477138237 889272684 143143520 728330933 551016374 275827014 216426949 717765517 344851573 288450794 174797179 481473552 727783457 678396535 798349734 89913001 391832691 912604385 547358941 954640823 184601977 340767296 615711714 709844545 913840240
80 83 4
339674524 571657795 835466163 840224797 948247343 239606666 135746181 445693384 234734804 692799947 784972344 276284735 559436326 122634328 860262494 312948868 883948288 268658998 798673553 870055926 214044407 342800245 21019690 146890695 392088698 846369706 751275713 85596897 970834827 114974566 344063042 225247737 222745815 874096981 234540576 18032259 628821917 451568129 332720898 559072617 94685457 510721347 46875227 502140230 706158914 991581238 726403241 927162139 273022305 254860323 858432654 661091567 894818900 131548493 815439085 420523422 869561581 857994747 654709477 173187810 30280963 61691851 267634808 747011385 523819306 715476704 852602667 194333063 405911436 859942298 487195689 935091695 216679835 712987695 87587200 893328989 873029255 515098141 82995398 854854951
850468451 259268437 247114412 789216866 423090702 188077074 186397003 436893062 44857921 59944041 998369509 139329850 184857782 400925456 156934407 537895928 947465555 471420810 223109285 709020717 271573056 597198156 396371782 919043115 248196003 930726858 888980113 848058319 865469889 606473519 474278438 292318197 177396332 424303022 952576970 360897607 59930355 179607697 644737767 637714067 265011123 875381687 491864183 907574440 716251796 975488691 496251515 694330189 883144401 154805074 298512588 623399234 217906771 43373437 446909027 740300246 922690593 433370466 700710428 520021811 366120896 933314955 463120049 63424140 151883712 123460410 440279514 160511135 461030540 741624753 598745166 498318941 246913323 653542603 838422901 290378998 819957725 365451799 756558955 23916297 672366396 170398845 878401500
70 71 2
255884386 8903295 664070449 726632972 158300972 746344525 675897599 687106647 730201777 476545898 189217291 545057649 545511859 565115840 429859303 683569437 398130441 49490260 185276232 295334873 63653806 125444861 69646002 252435216 257586495 269502746 775360961 817165507 169949523 362244292 25072132 557665514 548192443 900115900 477039045 58328511 205747946 41997427 88147162 248869275 113356338 387737157 904291405 228462121 254783683 852943543 270146307 125110035 104398992 26496745 460781696 430202969 405525750 849357333 759924512 549670044 688283528 714587279 328668072 71125275 877119149 709955406 713506170 404083172 124945806 273795042 502416971 80132344 51011472 19231193
811936650 39502839 266541098 289087526 949034258 516721997 87378250 158411699 223032935 494417685 312191887 457658388 760996959 581526215 725826584 159902057 528504308 735970168 929888235 148550076 456028501 773413587 4084759 32737155 721636883 387280025 114572422 990733359 754168292 215129401 428275117 871169097 627826492 92706366 287677525 549765349 448572717 626300958 46624609 586947368 593353773 141173252 799828393 295080165 25998781 611572999 813267555 140669290 21164537 214875361 95426619 872729470 972891078 6996398 257652763 365384142 814807484 370441054 176728492 802854805 481021531 457825440 690942806 586359617 440552356 35394930 569798229 849872117 458820318 62945817 340109990
90 76 3
683439482 837293431 401642098 379903694 670970728 921649678 367810309 698905953 884061942 237863928 460182693 417678404 723593004 768983453 47360052 995155963 431881968 200814004 192954154 912519619 583539456 170191236 474807073 629552571 954806815 13295202 249967259 156335404 519021975 883683554 429663385 33915978 885152483 282774481 679628953 423254110 375883708 430778644 923663135 985804116 19335538 49366850 269509272 153591502 145149460 353776536 402913082 198809851 630813477 186979264 678202094 263860950 384109683 75965909 240952642 811361698 871545636 314346445 885449334 124017847 278054405 165831107 170145001 259885823 924628509 148686169 534053900 338383233 806219535 665682867 924722606 158772240 405713043 485719966 177284451 544979530 76176240 589460622 395753860 173280056 927042246 776058321 822407577 259362248 612939925 129919014 793924522 889516833 156284136 183840108
296980685 976138986 765227710 606027938 189074148 233413037 107978038 13125328 366143965 154294108 25247445 689318225 700094756 488981827 112969224 587801917 757865155 491159091 146856842 712117198 428303921 364302805 86480296 294949714 399629104 609822617 683087171 109359239 379599920 425700790 558042141 620631313 608745566 255833488 278855671 568682920 151271575 683547415 195554741 697137884 72549428 596513490 299737994 543306025 505463497 342597871 840234364 420897386 52754884 567909955 624888468 691966009 180964651 825348618 703727491 591737328 885796723 624448912 186023187 681963055 890638382 551114906 693124125 850491085 568791260 556337969 111077612 495323514 837618871 218934941 350040460 705391071 682876117 941107648 104587866 591834915
88 21 4
525397617 376174541 527055095 808438704 602022956 405217428 163624066 129622179 608457384 155782007 628690611 814592918 79224272 523717980 361023883 941929203 621289419 769895995 243976007 833752131 686363818 634773418 752678501 492370351 71771880 773706672 482952917 784237368 251244372 901841919 66260528 317949384 295867043 832979753 253222019 461527180 925498287 32076793 767863806 53973971 424687055 362359306 24603305 609857904 748436868 512942232 610471148 649366318 431801838 700725769 893730549 352874923 942565034 645923106 717848358 535191044 93930261 26685498 691251277 119498102 723193636 67783930 444949364 430725490 275467974 747882889 421263418 694388200 310713085 457739185 553040226 839331965 405134676 283339196 362745168 271681646 440018652 200580177 76738143 3373809 146408746 48865629 30878547 694930689 160159619 315161722 535656374 990569200
638168323 739126584 370746602 639380570 990980278 866672136 423081134 492443094 384686047 116319043 799804654 642847703 529715679 625950703 218636926 937430497 614776582 372040246 251871123 217805008 671392018
66 70 8
459472113 574398292 587566438 945225354 205551067 514692918 611524203 566489400 195376195 111149762 608871448 601819556 851048630 268609602 944191093 887832764 275353327 623131702 535416314 673614878 870541870 503675763 906586141 821227823 178174520 3440032 339423931 856643897 376409880 656787859 318227202 901970642 618332651 716736644 442437185 21069173 654084858 250127859 998373172 806245219 627774401 152737003 19469884 883039848 939221786 633291506 624533657 772929982 632186998 369100306 408082933 132248374 164088197 699823553 557385526 492804504 869778938 353199123 82799299 439381474 612875374 61149893 435995123 410492159 267476907 4101947
629385556 929969675 674911625 371253684 461530390 8587759 20250109 296420196 758264786 883973909 433082155 547940041 540874898 862640430 575583892 651982689 614530041 784190001 446218523 972436291 611816245 175993808 907141262 593592087 321918851 972223627 875413472 843281075 515769518 313964685 226693163 150605827 41430925 981148767 407911004 758408392 856775541 505690844 648284069 387501965 319755775 156336380 429369007 302797487 100920046 330703412 260879067 1743681 459820625 533956284 753691537 81425718 882590666 962307427 900909709 992392570 772080187 158018045 248810804 633691784 12698253 75891203 406893560 814624824 351860594 929443152 116846302 302682420 302512215 123170819
58 51 7
288759501 423084483 912227807 268166126 612299663 278178473 313182699 941642403 375647358 848011292 942940694 935610209 550355239 843234921 806257206 479870036 7701312 309512086 643871592 261982785 838262297 919445194 456351762 561685924 752733562 558410011 356618251 603992721 638935091 158113306 592118334 3333505 623075673 859362575 768813836 129336390 538272067 940470863 762873487 282878928 903580354 392798219 978263853 290829556 748754657 751708362 731217003 527904196 532175458 562434212 387137775 488185425 556713217 450630969 174982277 280875987 572392108 395986249
407452899 854828712 437799541 348458002 47937441 725005330 443861715 853451709 296993273 273134975 352523585 438506927 872789049 707009776 851625970 178194942 279255790 495996800 468364621 5240528 182582396 174784332 854158077 273960226 115564064 45683560 619971415 811307127 196103111 267649529 81289018 994643686 461309703 330321473 521046070 658918909 473564245 54304422 577326488 462623106 243960925 960726759 258757116 359001059 757345072 965548122 308440023 422015943 29051378 446024605 789205359
26 10 6
877308086 492020365 970110929 790026442 800834121 273433385 953014236 39050392 692107566 545385710 101830394 21877262 361630889 762670078 705611859 290616327 193942668 695557334 720055610 470514161 712122369 526466834 341311959 868022592 641398725 500565730
685707712 40301727 476885314 945810196 815110584 881603792 560549092 457509681 646395538 771575697
72 48 4
319397759 52376042 244899131 179568508 337892901 270486622 421377421 134997799 642349094 12294261 778995221 930113684 395210009 858335255 648581049 574567603 393128642 479538141 590138315 440873011 954618990 842800910 123308342 501758076 32544556 952557729 556696096 4522465 335789975 393484821 515263448 493034714 673347920 805925619 488350403 88273992 635144864 54628366 346912393 162790930 135750043 286299908 614253653 696329543 667076668 552375442 58302972 291251448 255539783 523820482 931578825 358373513 679640338 554679098 319499769 753838227 291884250 974057910 922620045 784670763 378084040 86083290 304529904 818723743 551227240 754378727 145505571 788038105 932928509 87417472 285301302 201227092
179476581 246929626 417319431 844825503 108968412 609062954 635529666 276470046 637053786 591952245 666937128 848046949 341108434 931301491 259024768 108264443 79795733 950699435 726342964 873319620 608326174 253419400 51786479 255911464 898871656 740798539 952928342 821933041 198693237 188894480 505112622 429979421 368355986 499953162 479621529 461196232 693456749 732747712 731747760 184786941 8149840 648578296 688570849 830053006 319617950 390867145 682571977 793394894
14 88 7
759869797 905063432 49057913 20526343 297607412 712637461 556191405 885543889 65193251 681739460 107267127 170977021 874166495 763696888
717669832 687450829 20559556 753515757 269152439 557293835 554998014 488342098 209664334 920023488 454757121 894690999 281330629 906588410 917657615 305190354 715706479 732194195 49609706 441077880 370251597 176409803 333177733 909671709 212039671 333238266 290511563 126961431 788897710 583074198 613881906 13740794 571504585 923943053 484470692 586249892 825490195 300476412 552570823 510345586 300891000 108253576 806946253 778086543 590356374 219899011 308109025 911181160 597654747 92038725 819852700 306286978 277455394 879029565 649806655 344877748 976850205 500612419 867905177 279361877 769160730 202221096 160641360 52691565 8062039 491431217 677562888 491647386 496618971 643608391 800646778 268720387 814791087 358700856 848951610 997519881 727314345 187570293 418242536 746676214 113052594 36451705 52683634 350956370 96375143 695602446 372265782 272484960
66 31 3
305634660 723069967 561700946 945279395 855937545 512523790 352090466 652256884 584780903 206483721 334149970 186737029 227441989 360848436 479442439 483719403 940273220 222481491 176055276 380204895 349060859 555163860 603734220 896750894 323652485 521659481 504874279 890708824 142763221 53580390 97598137 95329970 481162038 52586088 277016575 495381524 197788675 302160517 888298343 46198434 510542974 253154565 36203892 956808979 66456113 606055036 904034733 176528058 889677914 909337672 971265745 867374408 590511671 852705927 525576057 243209267 291295491 796315522 631585640 736816179 272111010 512263966 845106631 683554423 210417128 421354508
335110650 256677924 744213132 297742480 819944700 284912298 90386129 766782568 344286196 272625113 787075238 790871348 759856350 323110692 472405342 367281669 927735347 78815851 455208408 988394581 944666783 497080693 419365820 689066373 525584545 543387414 953738831 119517613 672655050 277728791 676801637
82 23 8
887247590 953398846 980595230 372805003 468089504 413213627 960681609 634520901 67078804 757182223 588189885 616993444 175720261 937014788 468506006 894134328 870772614 426278276 986959622 1081872 632600647 19515215 874839844 999769844 752370619 621971765 42724148 968000520 139587138 646506588 221452671 896188136 342318486 51898758 834654759 214969098 143314222 742922005 686125422 681860262 271449672 94747171 156837090 565851841 168228774 206209655 786557760 95150936 885794426 982396347 678195443 3577194 209839251 547959841 985556811 245129380 355521105 684781682 111757906 25334604 876567964 767379155 115300569 930505255 453388198 507081698 360071623 479386512 109340330 453102781 820932468 468206796 370854913 476870418 708791149 608123871 480591983 596258328 899593089 161790640 248965102 670690314
160100881 271275349 308161061 672252087 963472190 199776368 572581282 415905359 370021377 259302341 957104671 39503853 892826713 893414687 835577095 229337100 259376230 608759850 420372053 666290229 574530251 492456578 572169351
78 59 2
742071953 871885617 404280324 967425566 26399452 255701304 642232998 729433805 839297122 619798955 701162719 154216133 316830307 390824867 918648120 666237180 146512025 648982660 554946244 149802584 174922283 213545088 118923778 786210088 44477902 985855578 463835277 89490344 857475306 857015139 586133433 923919203 448917176 361742421 519696597 902554309 803759001 179482535 538617983 796485353 50747482 868536610 164258460 242212034 459982954 683524844 20446023 25098687 141661043 617697312 158246142 394543341 650228130 811718597 243411414 623698224 136086544 80217506 940673028 217269483 558265170 836170915 349151047 883155119 148407822 915640501 223817287 182698454 974006107 388569849 699453749 266914252 903365513 397626177 209987951 722624419 268763598 306896487
113208467 921774995 707029578 296400036 589309235 661846182 90353488 840292768 557673788 596854401 747762532 320638591 782455141 780291976 308249040 980806781 946178331 896536687 338374495 429485983 967154061 689389194 913640503 882756319 174358732 768067748 509004230 139815378 349520654 762693446 155072418 330067423 823384075 291099601 329658777 395688409 12693978 511100463 365966166 465100957 462545031 509745796 735673891 773343587 249504221 385782961 850202828 205070466 257655950 159920198 492250588 93035214 463398958 700116221 945082258 145603467 677143416 843590627 561798480
36 93 8
976870617 265255079 39345982 454971303 756439495 861291790 647462668 955765095 628593165 950850870 68755997 376416431 725746770 837772741 597775120 89213178 258799839 882258096 390595217 854639317 725593667 916682333 217057053 678448856 640408151 493213533 86199759 903016127 161840911 243583873 619918729 69547114 283940020 33217920 9750678 579753496
520373396 52192461 975759662 478091477 84775094 736340787 732105782 126731369 733031370 314194760 971733280 359926843 226969634 770689491 263993722 524868245 762424415 576178137 321595536 762929039 32444793 781028418 937057350 315389243 581102947 945948128 909929633 814621557 312619071 955843714 970869742 734730234 806129504 260733419 838900611 482341624 130351541 359292581 799976637 430553120 559010392 761508724 148624349 138123068 545863959 256866727 347886134 86127076 773426550 591077224 819998592 80229333 373613712 864531438 424703048 20983277 384839508 871265414 76397646 828206685 834935607 504321961 808036752 704932959 936596883 377481694 543686453 438031314 838142358 823179527 614369070 988302980 804296818 240262665 414515665 321087570 487298953 145697879 468518966 136270405 265633808 81843200 349120586 499227363 492686645 849193571 119541779 811655050 994580411 673082608 992463784 64375050 937965742
8 1 1
81390865 807685226 781939937 129446833 448047981 184204198 899565900 851491605
936822830
38 73 0
20436158 395823533 456037117 565985733 729780982 591604769 394459465 725166623 661751822 410835479 361241534 958681339 255069898 920241644 157941784 548630592 600710847 293534669 895899681 952998337 710928837 114069050 592765461 135735324 145612374 581439699 156111522 909652869 8286881 501497372 478478683 615117879 455879283 75349417 39521672 468129476 698471829 30358361
912804292 576288826 295926363 49276060 329664457 46924225 89999916 863988979 614254643 649291105 311127779 810029544 86410811 416447098 254342969 569125929 53664185 268427323 640058213 712466061 902010598 346724205 301898965 551181639 180295828 793484926 119376099 453179616 544333286 315158806 678406667 161862386 269452968 541524056 398396163 341107686 363255578 603233852 650842025 8492906 172957299 111667648 167789370 204034563 161717365 409785449 570695822 879614762 308736282 281644074 56524576 129464164 882002960 529818544 352419196 403755531 310004130 915588008 109470605 533887310 443860418 636074549 233931417 26495343 646709959 56063637 884713899 37215852 593102602 172946972 4255026 838379290 814353157
62 13 0
780727815 547093653 164841739 503745412 954277054 42315804 714423022 1550484 696625970 900690644 974212549 44907589 962191040 138657804 418257671 959055080 687964096 909000687 916502561 414452524 387102857 891212572 48861128 305237722 998812587 196021004 125431219 736398468 160733832 631424161 653279506 840711472 748335383 164392048 470831561 653025507 416859154 740844309 663690292 764051202 319062604 912229796 995878637 118675024 814145643 306928701 358453638 765973147 758436168 895910994 711267009 171048327 874874977 924991597 540712570 299606811 816367831 433935539 135538502 18944735 343608716 46494728
330255652 881501442 944548783 738352451 409737515 145704453 708003144 362152117 952374019 638642567 748970459 237123427 391017266
86 60 5
647952045 637050559 565058415 772742938 542347326 170408688 546688687 192490152 669919857 719940614 355303144 780115205 149439619 122376974 730101139 945485111 451931588 900298618 611872968 245106417 596807724 683669883 808942994 587866317 986612275 312248793 840498780 649909325 977057749 690540197 473797466 316315776 262397223 781661562 108819526 759851918 409400568 96296731 768973823 330545029 749738746 171630800 667836540 29469978 446989245 503903156 590665959 690114190 773855936 616077955 695825707 377359411 984975402 197047347 77599589 259854305 668119874 313077294 765899429 409962792 489118609 573892164 450921063 833487818 536248725 646110783 183481891 95324697 678784320 417608510 435466497 162382874 918322478 441326910 551928231 563572375 878272825 393993319 100887778 660298522 102089920 726090420 462060300 617597782 980585753 656899244
896299503 981323831 111272401 576090792 820504373 909415507 811487785 513396715 267892324 304558330 209850612 777218469 755545419 316720235 741893357 217674398 231900673 306398407 340306506 142510710 868094048 981639601 842164922 649651621 248750169 844966837 101060888 850265371 895577183 586114528 563553783 48396289 761870639 419884071 713399964 593372787 781096172 715270649 248493617 72527874 368852588 423466841 313590308 866942578 162949859 68063405 853775067 300829562 540688320 31710661 369885763 475180245 375602293 164947354 1224283 407069437 847323677 426982635 580420594 555783461
8 79 6
641175031 300555855 707212155 878890289 841838675 444865937 860882935 403682954
412484435 556706648 427659523 454139941 212895560 11909766 959587700 714793302 629899105 919595443 983190899 359954330 743877371 343319913 166297658 388094026 442965020 170888708 10556320 605578753 59080305 942655767 692392311 616361791 392786636 507445158 28127487 690522906 888569595 189088542 693117860 980284188 399790992 658711838 581080549 609921904 653920095 254412644 757456648 523330466 102049458 89586529 100624854 756910248 187486013 779239373 445107664 600689532 923219033 869390601 925202934 45723950 416726304 103208362 544316861 144046769 566969753 163354348 290524564 834700942 854360996 640248704 508915790 230950361 758487942 662263064 126846860 767213721 325349200 204496160 859743020 252543771 467863775 631606716 514019797 596750630 576870569 89218854 967957172
2 28 0
190119685 699502786
116743083 392270018 846310517 56569566 77320009 89092004 284693047 781211784 41188201 703223168 13458736 692146651 949802389 11445835 830153603 817996105 524828486 999911676 52262514 962150967 304630316 126527063 402085199 695207306 333774991 630904662 543532888 175389953
26 73 9
878434458 540263913 354599833 660913654 532817750 609605208 456061290 378561848 115161787 538649433 38802852 10019198 27319131 970630847 280797442 564973420 937990051 548526408 207795674 948916273 477218323 587450405 757309243 64471036 858844951 718016881
842462671 903778260 529986631 184316711 827934273 529320661 337426987 858509723 772044605 312933598 528579042 133696417 613116890 255028549 538555663 780881986 165403565 290573529 462447899 789039683 826093751 457125680 371487038 689720782 835945972 658953887 139580483 988612141 233677662 95588147 906734651 79927341 480032050 309905658 452149425 592761283 825321982 812083788 239251737 533147300 742114185 375406260 36665767 149006307 872566573 584532125 637678020 169393781 880930301 500327196 32079945 136152001 116668123 637689567 798226406 941695391 564173111 467330281 80065785 622769080 475800807 214255513 99570825 124518393 540439412 185859106 257876400 43421920 995997554 749784364 395993119 408285975 425136910
90 46 7
869928876 115785875 822045069 851017271 402526874 279054409 390246366 658041387 490330606 117677208 730362089 979814930 760752403 884336215 940531559 407912544 17411247 402527438 816749947 142746772 162849126 972732801 819385696 600944838 41271289 212611005 174202041 938316891 239598581 872899363 65141775 431409129 406062530 80407070 403444423 820176323 899321981 155185904 235483872 309803272 481147609 745435017 621956881 392701643 869614331 424867469 539382506 385022076 320017183 917355876 458566912 795391905 896365149 250660207 343331128 537312678 144272511 33994561 688392857 341235314 866208758 206195673 714896015 508467604 333604141 256796742 85170766 641631528 954404889 502478682 103458618 700499093 186392965 70912503 822406404 457894847 917462329 572095289 451247865 201970359 666871321 394948587 872400791 111195667 731839745 660149749 685144060 383563164 372911406 385873217
86023054 204178203 466105157 498691191 935715860 611009558 940787892 784299671 89739629 542465646 299826557 740889726 977327228 905289487 809264362 874621879 852743388 535312112 789159204 796215546 159087394 794261011 818603261 497728434 37596132 426272026 849840444 649922477 748561663 647015546 730588791 494173014 321651322 331483883 995661866 396990035 664507647 789432402 382832530 886924457 681120370 689327429 326360969 694526430 837402178 471942551
100 86 0
218672896 736631495 471617618 182305372 212538772 440057525 979846397 708592681 343745495 268441555 423028375 683188865 499137050 787388668 256127374 707719101 396029481 384934096 363183171 93034216 103332198 555810661 185038462 494840309 82206836 689616193 891410454 290963741 14148737 944915908 677509898 16525856 928008357 456305252 57476769 56559413 446119475 87856189 714887676 59897162 633248076 583404714 634173809 537002970 737749178 599630432 87209479 429596935 215222079 790806868 44060436 573721029 904400094 847200085 693126267 358558252 417645284 853415297 82302437 299690325 962133646 713919432 342766413 343025857 123914634 890549702 468528716 229623616 798541680 992797113 229277656 127043065 958480307 65272256 994258164 209591317 563813812 873198725 809022127 564417961 253926255 511695476 76132701 124827229 97134298 985219902 193610650 953834794 407946761 463763378 609662030 179590841 807275384 449998300 564754252 268381171 955056755 237366013 558113606 392919654
227856685 310373505 153342528 656751133 254368988 211157886 288075376 804911901 620777398 70156457 631633725 530491425 35625627 184076073 522278535 368563608 351537052 372861395 677116745 228120494 792624383 239394379 347212957 814934182 265953437 464332841 515835124 527297164 518143297 167836997 779362614 342901611 72299810 889065288 262707843 80463092 215869219 195085371 924036408 182591686 906927726 221192224 669242254 668697951 867782642 463401086 142674504 28167221 644787219 462037590 994205422 128574514 288960127 445729127 184510592 856100923 250553761 534794042 804012977 284341966 113213997 492922153 530427370 718367006 73549688 924646152 538235747 106574900 423069047 908786480 484585305 200552681 954473090 535967426 320138159 389787077 941584595 551200873 238443363 402256999 395499960 638325530 529063068 604686127 59685188 619394214
48 34 3
783615185 675313300 670787902 152400793 647580226 842045640 966074502 141585938 99738053 400640244 198491645 627296974 498471963 433097334 7942951 259914968 696569685 884571319 118290345 914108901 875878873 903292430 322140628 310067268 785558762 558540479 458995330 177027715 209901738 839914568 561030342 216299621 749736513 866349092 636631345 2529780 631099813 179786031 759501740 591030276 561893286 523924460 894877767 671886661 91188721 255285427 704855136 844826177
767023786 333748209 268069256 840822264 208715875 411239362 28068500 753934176 452265132 380845992 905890231 558653658 611516589 885300900 476089543 604773793 47396428 790228630 413610895 500615518 105535426 467760869 637229738 180348516 550668334 190202665 871089385 747873604 910997393 982423565 278832458 995506045 402333096 491399568
76 65 8
140929319 129588009 403287447 482664431 607606052 678858040 842112611 106575392 223323301 515334990 732548341 146170731 389481250 915610327 178279284 798879075 310923861 225817157 478540761 982545903 635029417 724561199 671435537 324220452 382466399 572017071 350474816 242529033 492562560 672767264 380406135 387814648 688368185 628166212 321402103 598394392 715707973 628924554 846309139 91336953 528097762 31562889 394496396 435978448 827472904 683008155 801459882 685990055 687206886 968041772 459843676 30095086 772324351 932084949 691091202 280247685 386384455 535434727 926472119 459129962 176843191 418230103 301142777 330969257 384615526 671299441 895048231 875340226 481999712 835201600 292194898 15868019 517676990 200951501 609653080 779445002
425409080 318328222 187589448 219576385 614705546 927713959 649176369 142092747 166713500 240630049 911130753 542161100 418956772 351579430 800948704 631631207 938907049 112100909 909118301 134913711 663043451 900580464 207142830 384789752 959603063 202619572 896731397 798555476 985159185 474491351 673821745 299079048 930574236 839363593 534893142 585846983 690906962 574561723 596377391 831993238 758496004 615227346 596771105 740986242 790269906 611975561 388354490 964967067 637245434 338152503 22009902 809462321 46732219 392206084 7328878 169210401 486618398 464627232 300540532 740504705 27732055 18076316 97834022 477463617 44209591
62 79 1
819238964 735651722 652638179 379117439 325660437 103982631 114545736 321929063 770452199 15318173 89231883 203769365 213662459 327475619 986064209 541937138 327430419 981941672 6534251 186735921 983873574 457526563 386450913 567839156 772571330 887311424 630386624 11083860 477299218 629673553 966563224 446515854 544384090 496243155 375994430 544668264 964719217 587208306 626554264 498787812 332859868 398138200 778712959 230140275 642062543 385094113 18802894 334146195 293738494 348450718 754124640 682155749 15018626 926687322 827923011 673787619 669586476 347679381 461056379 286526822 71530069 360391081
822138391 438556296 213402513 379885666 117570123 408155275 216190574 453479805 889216162 688347637 926923959 342683629 218896491 398044784 534059226 441754887 905651655 639564495 272907369 785817120 870702396 534074226 836958261 749758941 487828056 123944928 185194943 837108057 7181743 533962174 790679035 236834934 708882169 753319097 294004738 641335333 846710786 866513314 492251591 430499 703594566 940995294 197406726 989207072 968090638 200898270 476563101 493395071 9800925 138423509 478400972 409705089 972389961 156307208 809620751 734160435 441203697 263383160 600666789 706406712 473933185 592208985 569446605 197847219 243482256 138769275 71307449 914311906 187688502 579459165 453909225 111793262 348962999 4127168 125497616 424171838 297047646 991570650 52228156
86 95 10
678378838 58790262 750659747 591220142 289518758 31556815 924107770 450466709 139967668 958615133 646770504 253948498 728615000 789636956 641863577 974525951 125327707 338395143 162677593 159265485 308805265 219709164 275166892 698627933 870256595 898410016 852111133 267730169 30664907 673657421 985651325 509069473 615721806 799956760 752038192 965113152 7871958 149698220 264509185 157528224 11434255 67881853 136067185 417593075 325676854 399277327 105003654 638291258 338804016 716336194 542414099 328610956 555364209 434995851 707167230 926068377 571057936 139991868 674750123 953495879 656405694 716186317 858275886 481150254 535742719 814616052 798094576 367250521 290220413 581145008 9734761 978306925 571389455 828948359 840262847 308010468 705159121 649617756 55466740 809677727 946214882 338059209 644746403 87514208 599915990 738444338
218311543 994553511 76753645 254571193 997652181 12817502 9623789 898594019 924256087 515379746 888024925 926934822 812996181 111889411 888095807 691522240 833985416 549770231 425816881 776966972 758305990 615183203 511082416 770774718 956468603 840519586 131104890 683699830 861975045 365126121 213640286 481554416 100470651 310205709 745911056 647284209 342892472 420350483 382296741 43998814 966738974 787117158 135585556 879319272 400542877 740443601 149230235 407015871 218655721 696458904 720539236 730041145 318248726 147116800 917287507 986237318 520338576 25981906 173144465 697173328 695486631 904477759 912997327 25275301 33770150 931121063 684859955 978561085 57550523 392726369 535065701 741185255 171221607 168948367 657239221 409229379 173417564 89019441 335032582 153878448 580088636 698126184 805576149 679668242 832569284 526983068 930464965 975700089 231530530 155085897 53374393 316491526 198428691 258021254 715330149
20 94 6
805998138 509322569 9680695 721655085 209454162 142014732 835592968 741310586 624370832 275208504 540311154 455056432 762488431 21059680 893992545 692808334 294351761 403049539 961615559 597390864
669282719 971570943 112451406 725532456 887660439 266342807 732460577 359832442 790232453 467064261 170043300 994372115 953429542 643473898 884445701 617403094 508176282 484289363 132688687 522017773 944319100 207315380 320277223 5936637 859390554 865724722 453546394 17698580 900392604 973921212 419454918 269896703 979773922 869212418 219512226 113599710 235181312 193370476 448746075 496965016 783367386 328067936 990386605 39040027 431207337 109305896 988015133 576796289 449278560 245314358 740052388 837214218 335601668 68571743 7669886 789234045 398592766 247583760 927533145 975123512 16952548 781897967 882229051 459494997 554097817 53036025 753125732 752250088 27104311 622564156 552356579 251373176 49557769 430693801 383426727 470183120 474963751 444518413 728152601 660535505 484255591 229382234 956835438 180721589 292618916 553031760 473888532 30881627 672625144 571615534 371813441 686823922 654470310 407572572
64 13 4
169043977 16322917 399292197 913248408 831138422 731324951 108955163 58246950 576183717 921645859 799803186 597462234 513591325 503148020 45736512 775364564 494320917 377139658 364843884 807750771 591851182 111920492 443653557 362527977 580638554 215977938 385838778 696794493 625019423 294674265 715373073 748281629 805520919 759148328 412621854 712228556 211163695 886676564 941454147 274101508 555082400 632973692 939593727 137211521 815663357 95967979 868846616 506893335 128292752 864899106 249164035 28070363 874125885 64746918 457110590 601334362 920153483 484631354 600550666 743265639 58997867 714864234 923583781 220678291
814548302 166024611 583434964 856538146 834264704 48539084 316600911 296289638 782092998 881725258 932938976 719266571 285524108
98 27 2
410180564 784866716 200882891 802727694 178663345 625407101 201294476 314365616 397498421 186803012 987556995 247701124 430347451 34542742 750817018 860186052 876510228 340370130 611100460 356371868 601970175 442719968 667884934 149748378 613874708 451320576 431112957 484352997 388813691 484587481 683300215 63904269 36122630 125938466 48325844 575061887 203475149 699095348 606772603 714270334 601165585 774002966 826771827 174450885 549774944 997599539 89432696 36116211 983538323 196735960 507641968 431291382 822259673 629560826 581678107 375562444 280605705 195326389 949528867 286606002 764338271 172586394 899931583 508068730 701882718 329660438 343705708 664648107 65737058 883483496 821725587 278580546 602669905 65417417 357241857 84864590 303247564 845105743 186653921 772318925 208031461 557835947 870785242 795229897 680856452 628621944 833186934 314499763 792499407 38185241 816413338 135009761 684632342 48860983 416853120 444282892 744174179 470840819
118648695 588382845 146415679 431848228 805600300 179451788 603012446 977584345 191928034 386544572 801657045 195013311 730082710 401312736 748764098 328089263 422579204 960047045 785939999 608946095 306825314 724055141 468058896 20771576 910688799 326079282 998163877
44 21 6
535777765 168090855 175396562 425921114 102152830 196316260 287319651 630360396 850685355 394658169 201750508 739687484 472240597 402404267 503936160 129034712 897700628 781688757 910989197 881776600 319165889 78859192 679388627 30672009 11801027 717027766 101289828 896736198 584776920 429068334 917548835 475303426 687443821 357697453 295347600 151745560 529919826 981643193 952258 844719979 890706514 912876689 305430235 774799768
920616554 589241331 92048449 682776161 675668185 341904273 874421142 845250038 373675631 497206808 917055045 492353031 246498349 26592665 130030316 436173824 616554313 123755960 951443751 75366549 11036756
60 42 1
328723782 938226453 862481170 969367395 681400663 345142234 96002425 70611372 164302701 78010366 434024870 172823027 241528512 348056894 535531083 354949613 146817369 675887058 585571853 964947078 193765641 901679287 563811591 752728382 280124689 146929372 201562331 376058683 533466782 768898078 25874527 325323174 51007226 380751629 999790655 103956343 456319775 657152556 68444643 75114050 830591999 433702368 314012450 351787406 303342906 691392625 3949528 222150862 472396014 734958420 727707921 271381585 870354260 150645970 950448600 815745918 3681625 229468177 967085291 365645151
756131096 952347406 488543381 690460272 87568457 772770017 951278040 520829923 17942470 176657669 872941420 497711897 595324807 930242293 578963691 31234415 410732211 848068867 810046949 789463654 39516362 772006350 488856578 460507910 702052820 229228200 94556010 745788451 184815588 790090571 471136911 183103436 799800253 777436597 865554053 126142466 561644151 833958254 237450889 121585745 299711462 375321378
66 83 5
68749365 966088109 685963255 691802357 241099085 770814939 858979312 598816480 739063244 491163783 923755864 622828193 271773092 657635371 767872947 415705280 5692981 792446555 601149604 720990268 878591469 485534838 607131947 197027221 848092834 918565682 74699629 745836909 365539008 939826012 70215807 922788935 56986549 575770975 581466951 500900199 802571529 737439385 938544981 958001092 529325798 66317361 257305224 144964727 366732453 882956856 836768823 707344454 123512611 280846133 561864587 328057716 936606307 417606768 683912070 730444664 168433240 306873275 966873543 404300505 300033142 951924544 892014231 80112411 976859822 226025783
214560292 433980204 451703120 997541046 936708892 356812836 710490508 969480627 261717828 139166042 753029346 431170937 583913553 857330850 945590534 744373211 160248803 296357058 45538993 730297609 424011904 365857659 610005274 528741986 425983658 317606980 646539191 85179099 201806789 909046185 604640893 141655045 681995944 813009607 939949162 281682441 96228708 520862158 626484015 843138107 625331279 399979172 932507651 941153149 558594416 220866767 949842046 826953174 549020051 673421777 200041151 216641013 869357035 745357597 570574210 347852461 717364931 899001239 544726175 262485815 64705515 314102787 849127020 408239149 172099635 99800764 57526652 728262664 448432218 951009871 605208673 691169517 57948873 960850636 755413759 453929721 972774207 84469642 776881625 105669831 655029269 375697644 859982693
62 18 4
791077116 977830201 29583822 336932012 613889266 476332879 897617978 749845352 494118607 799068582 999618684 119057210 53450773 820956703 813655670 12950222 342986293 185934848 114008649 499980715 879921587 572667705 178498669 930366200 307768879 873180918 817048711 934857346 252975023 818935458 909455914 18446923 488325805 228418757 820830833 669372618 165048020 596020565 98628411 639754992 895181541 48876012 976369596 532577869 223006315 170183314 643438679 782788605 793044755 581158767 754264480 743463783 179459059 304381282 28071368 148768467 625432412 107016755 446542772 361502236 877977938 564206049
828366919 565457572 265362224 11464605 785256290 888030491 297012186 552328742 410181537 70343096 511223301 379601445 307979697 727815159 592388732 602596132 77650353 783189140
100 53 4
431486660 642838666 799975602 499163393 437589857 339325064 355421141 577141481 258393070 173077375 40990418 589381382 669770908 780705875 910294994 541477983 360680217 281800020 38242367 69489011 468539972 387215952 235568454 822376065 539039988 252219383 996324322 567213134 203107345 361019212 701759343 518029524 969228526 782249530 136851583 889172390 587870350 271133176 687140923 392225737 27175909 408763415 32109746 123660408 128276571 13867387 627875276 894222796 223119772 145372466 517401529 749696117 974852505 960925233 109636988 363212608 371957765 663935026 711750079 599913962 96965773 579997131 135419714 233541733 637067621 42828103 839001647 797515431 531844909 908738532 293745764 58379077 797609686 359958506 223314145 924265350 325390741 160020847 320871003 702511881 571732847 749922909 944753843 158853187 953257655 338329471 429895247 89166812 656599775 232419794 224736905 531165851 655011452 212493897 333695784 624686000 146156430 602541945 146226594 742635592
571192895 500572770 877981506 641064641 198818277 684864136 905735102 205382864 825221219 543729759 111755213 523104220 397310510 501558269 778325834 935142456 785629179 724587239 209678585 194460690 86844943 576156795 47730897 602159649 190938216 176147082 898660947 917459385 604451328 377058733 60123597 314496401 598852759 944423650 66801046 186840824 762338144 476217852 411743112 720638695 824296220 218535939 492822122 12469393 891341035 127337549 655771712 969810480 818051441 298182939 261196372 447926947 246580451
18 4 1
542712206 629133526 384325186 838706300 259757637 19265254 5016236 254675957 368766537 777197266 345696617 445931265 247558026 556369716 129116338 834418026 475472179 992222482
941869911 619544276 492968892 948130157
68 23 9
852677089 641313918 862031444 192597690 144711528 550465310 865770011 46440119 31570689 757832482 215446696 584416309 942785485 27344429 78978962 612363255 82025981 762856270 804877842 468319146 965454786 969508964 581307661 515958067 354548540 581453039 313930440 336685225 50725625 792282529 865183616 911422296 729958705 815296241 99051503 120258003 93991942 519262917 103171764 302226039 702778469 913516287 273596017 448434515 663312297 54132708 964765962 803943377 113294253 237443934 189081327 536741462 860184072 935970635 518473786 415358343 936511888 580257139 147760459 446815190 859765154 965304964 63214968 870183908 888884495 404165931 1419466 193238628
319356644 637240471 146938154 922764047 72380403 965738164 160526476 47698016 618184111 939291363 483397201 934126383 470894745 948572834 607012075 479734958 604983932 228547509 856848812 874794336 116435642 95442643 614862091
26 82 2
90175772 994067394 143308832 323080368 273712966 929955748 232995354 547170208 705873708 942239385 628036938 160351448 141577252 386328560 536491282 410863334 849441523 937825251 585815053 862797413 7040926 494619495 361329913 716347490 375062765 765451647
326488487 959578219 545248356 333984676 334456152 272983017 610764914 248441333 798623917 865657637 217388629 289555986 773570144 39618829 862768800 761790116 57745097 252876495 4316648 953851747 959492867 130444659 505099146 64969006 301514150 963016922 947610608 324494332 887754906 875549303 320569157 526401022 71805929 534340091 290512447 870593960 387665664 176661599 177720265 268277763 736182902 939688874 905392783 306144024 250564276 901882921 849530345 880379438 258914727 563678208 28136081 80924237 601975503 220626544 934109849 525579499 266763174 259234519 82293796 349332813 148581750 844702972 110375779 883853263 93136073 646594097 235916049 664261352 597426215 513409476 900853579 547578917 106960630 829071137 859960738 742771719 599302075 57145887 275621703 207805706 719734117 495722671
96 84 6
469042240 300282071 873513221 337740082 640795713 838273387 700466644 697059216 819674569 61069249 415360829 830890849 100582516 937547835 875224056 915987653 195019023 617375726 258582623 540824201 714822901 185695274 414646303 893704783 948388907 97347882 311208373 454448119 154033993 889894670 393043807 379093137 745048168 305174828 399281126 904879754 709006472 576202108 42832201 133291819 333879439 1722372 944168736 767868554 740545862 78956707 487188959 993661020 749173141 343756431 592149493 54184798 689911580 44202406 119051872 895934827 171906284 101943365 741560574 99639843 49036489 752481404 185946741 676604123 964203487 397178341 550538071 213026161 667467298 284339416 177247820 740346132 289450318 567903806 373488186 340833549 458479914 914893714 681730353 185764158 767596212 802079770 809095159 965273066 531007417 909542267 592028442 576617905 476858023 349495759 354259554 26317442 780240597 571821392 243508217 73896670
333474652 864435054 919788483 87050052 249017315 99614688 847280728 785085938 551654733 362254852 555401541 826139837 887262563 171687563 137905855 793158201 429073020 912324421 16910924 463852428 69781478 12587740 600943581 9922360 947030937 215814644 182309400 224052548 793279633 70992732 986063563 369995306 355745081 260843125 533568908 534158515 651751722 226514516 370554515 576297071 969542393 996575430 848478386 282348219 110986872 934379682 762247167 76025221 689658473 396608560 757011949 232364265 548839541 690132798 369377788 857665919 186479024 61786173 693519331 729333843 792769674 940261620 604078950 316308381 254815108 796194053 385744401 803291623 175063296 199713052 268926286 946311846 116910307 340973096 87411724 506505202 491235968 292721732 375963548 856480094 899756033 730217148 166281934 691611258
20 83 7
538214521 943047391 948092597 119566020 662179306 661275448 970227246 967899537 663434201 272092957 344731587 924951090 170456444 28473068 819044964 319790249 504912033 444339610 264147893 995479386
646734080 470240597 463503795 950298110 293688415 353221331 145034313 374620564 954875257 918831475 883647913 609712337 605457231 885535695 201035676 110333267 357680197 397046319 115978564 689640185 904497104 293537278 81645582 958479926 773033591 852246811 138098550 373652487 75183559 179333925 935099447 183659709 666917819 670850880 438584617 673890895 929218207 33665885 668349161 221504885 34399791 538854592 894992238 574818950 358141783 740457793 225349695 932475652 587470499 462695768 606550118 499326 174983216 351408521 441777570 879507187 500576755 276304503 258547908 482006169 971833405 645996448 474638819 554892451 24156227 496510471 818938725 391895747 244334994 868472889 624707983 508363670 428169230 860629685 661670088 867075187 920644683 813875494 824635344 83557998 646008325 783044037 754067925
32 1 1
110820232 241046620 19063558 919604725 654693302 958873759 2837849 784315693 686908711 614580162 838308151 944151043 422782174 825212594 383294382 690475076 119507113 432798384 850322488 120528821 299342498 7366697 385668629 400829969 560031811 273436699 345790885 936345135 413779385 21131675 763637158 184852569
565115804
90 12 3
598661162 977450863 656194380 381006206 123836795 442239902 504247503 681087041 906827890 766855112 377824832 396034349 559673676 396653038 674679024 602220169 842106300 4454420 303843639 204217411 298439988 19422066 456035924 470157072 677287295 894692032 276340214 806043644 560078796 440807832 114282519 853496820 569964824 701936811 95558635 511727491 486996270 889249261 992887397 828417104 738529385 868925636 664160040 398674611 367931606 147800411 890877407 384567224 328788979 333409408 35865221 586411248 722562319 243436503 831062515 386614338 910320013 339611711 581039804 981344718 846727043 345075919 702832585 536308411 190073091 277303067 502610900 240929046 483428321 642380337 761584269 92235127 429675427 234756707 624725584 515863523 887824482 625945390 497967869 607900243 145875513 662052723 100423702 5267256 389244323 738097608 491090104 386967704 643718789 338777202
594711675 88243123 749130830 765226336 752126119 392016104 700521887 342992702 706987755 483425654 260563575 298747676
64 57 2
655532079 84501896 408686398 169126274 556925637 874250068 11355581 211672639 391235073 893701454 996752765 537480013 956647350 945972475 66360103 474731937 288511440 213302764 174551288 498587336 919014164 569494663 542501679 170252677 332073949 326310450 561130403 137693874 144031685 746359461 158412165 729415549 133773218 477526713 178201792 563615933 136456279 615575248 427732851 834184209 876535910 458894760 172279373 931582548 830079379 328330535 244233475 937994151 579185541 483891948 609967384 913967102 565998396 263240499 660295906 782302439 414134250 437843501 425466439 458143549 902838458 373953933 422176057 908905446
771022014 318923904 305125511 651208289 301724459 99471295 260884461 239300073 888997266 270255429 188108813 211338655 320941954 676866824 511429739 180783090 613240352 306197366 620078348 981298975 503268903 447024464 92931128 808198241 125730707 786157599 972824363 761659227 213357462 569169999 652020875 684642790 328695490 575436685 556809513 988533591 615250235 62089688 213713506 85827568 435552704 94962604 774741079 201980608 42079860 590726643 457279033 63395954 344852605 173318057 226786283 394157573 710253649 837661750 901854968 497332781 855831210
84 5 0
130309130 716549093 487613280 191188190 271341439 257867620 336172427 895020529 6470256 515251167 326081186 541123867 575376716 567417581 27052850 101379479 360768340 390944911 155511381 18843506 602004649 666132337 613994419 454362076 399156522 910782079 818336902 895541780 359816666 307280098 65581103 252575626 76316564 839040947 403089963 253278112 46047148 286713357 956446348 779738031 601625615 325874931 213247061 734041378 861660068 572693031 726181978 737718020 487191368 704295324 804320307 956241007 123764314 873851180 705689945 644100044 568666200 312399890 473296765 756355895 579994740 826264169 247947183 318070876 544710516 441342706 681798197 986719696 256288651 767310139 629570197 723822424 515617912 507297653 556924717 237610688 629695941 172600856 361106885 24620762 313733498 881168554 446206457 996595091
720884887 91548448 886294435 180890482 323327435
86 84 7
284696070 81886027 976948815 997664606 252257098 484559336 441309869 474752594 272758633 581062692 543445966 24564765 143863220 243286188 608090184 108696750 140230249 565705229 509737298 184770318 639391844 768827508 42716778 325860664 917062354 385225735 609709337 115058740 356989761 545561762 447186052 245750886 274275929 488638723 115896744 69505868 607257510 628547713 230521495 761074791 755114171 763299941 109145825 47781124 578194445 75852484 367415671 431242760 931415672 488063552 993524360 183841473 235705070 217073445 467480069 886887755 367268945 478688570 51403274 549487858 713258200 610649645 962932798 661132599 244112069 650746537 643057287 121765932 930406233 772468981 126540707 108073870 463575852 17026032 817243103 835824956 103789513 682677476 20068063 50691528 376734560 650429793 111492487 123750842 90496504 954489582
162014088 876772136 386756341 698866176 855385113 477241991 892661365 695878725 142231482 908020650 587270650 274069802 304098640 590598160 711598596 873555575 926747506 192542686 833683443 598842016 69368076 185376400 574709615 350913667 330154093 24274924 356622029 417268450 164919004 368939859 107917275 947526563 733781483 27768000 74926260 622313078 378488363 496451799 961028040 275825758 144962119 222058972 448938524 222822644 176985197 819499905 739970538 819410596 140543396 541363696 71516054 977223844 255642331 301673261 101619602 669453198 413315058 407084068 146020817 590558145 281300285 328660362 186433295 556844433 214284436 170428102 304836089 699925543 331107768 987434377 584848378 235688148 403052281 666634814 246130751 396132409 391984999 687867587 931599652 754426422 301361872 494704750 372503406 198920624
10 59 0
154879080 499405423 919304544 694903319 680280807 422769708 748839146 153631125 581401382 688295273
425490136 851153649 365334999 904798427 661285924 740005889 615271521 503854808 575649526 571113368 528693720 747576028 866911867 683705714 918532197 491879736 464004020 244868997 6997895 937300917 819680319 869641189 849246668 41264173 399944730 961787095 781906072 50152780 930239773 659548274 492185452 229250666 376086626 734388060 784138870 970895393 567535247 706235922 594256171 814006501 694302718 797832797 52957908 570770592 914520029 980979450 479861955 731668063 513572151 404939694 509106676 308292025 300385886 807976967 100337503 738947955 680855153 554472735 815148744
76 83 3
124288364 973055031 719941402 879788316 552435427 678759826 730875170 97610706 323273803 461952728 304380059 388790104 953550517 165722496 281827603 341691051 558986859 913363498 412164852 771490822 117303804 349381521 47493550 68973186 139746915 208222392 982765295 723112726 565410930 962111290 41726650 584675238 786965205 960346923 382474929 217640298 32725698 206402584 119746903 922061029 795475508 873270586 169001575 353194610 181395762 550506742 552097969 648594178 483738587 359923179 34095566 676658772 69905686 429800562 663107831 462610878 694389569 955050987 774486342 356265786 122066338 962794200 264565265 807514898 558086547 339821854 950729690 863103572 62346137 658550555 279874433 387334299 52649520 283839143 466505126 109726947
591291154 296481543 673573641 331076951 467418328 558891879 685531627 773320314 773928753 446329314 632114086 332032952 907562921 496476570 588741634 180890806 724865909 746627773 153301749 981212991 981662108 626199617 332587950 452511444 799272363 97706235 856413125 914730487 646605212 138455482 724820383 355654554 904157603 235260418 163408492 806886235 332038168 291014795 728616785 600039561 39206103 695782013 912674710 973546403 432301319 821471841 653528583 802025427 548670315 612168393 861194588 757316944 367793867 239937476 864151959 577584562 156911162 333006593 176755318 243860481 388634226 387789860 717256821 516094985 67543568 618516904 518306244 531590242 364883236 864633274 817784469 8067909 21307088 347678890 335272038 902641822 755086620 620118113 970567898 676907414 332723607 137080141 119882794
20 29 7
585493441 95363661 341097399 690895568 83379198 661970866 850905325 519308418 558984138 383747256 856641713 717042094 165613262 974049728 907477652 245549146 176570589 632309567 192465909 408563891
46926963 310480035 574443715 837878634 330884853 481256277 684214373 353566005 682837003 878580773 704610470 75708727 668488584 793619705 738364736 672380142 897205883 50141003 124125922 299494134 554419726 720968790 285859841 754687479 631014264 117116790 627208649 87738747 215563224
48 50 7
477146947 31851454 919924857 69559022 385911774 820707558 691554412 751279497 662381555 211245010 8587717 865601899 283569673 591764796 950335430 932644739 671127695 884907272 608955555 862918264 957278173 804662267 318200081 322557079 526968205 549436767 117549022 393955502 707299618 333462184 652471496 237379825 903424202 196523196 247112845 555166865 654188691 336901660 678270491 247042067 456228229 149943055 105316252 419531516 984902600 452710814 949092272 899414501
415954949 316072785 886348689 903272375 138549097 675039531 330488105 578811300 576720750 419642239 793404731 53782367 525708359 534749370 969941770 736050401 980812145 631264028 624247674 312577332 170071501 16641498 667358950 584937750 816428377 918522726 738057308 688867854 890130857 395529885 339858650 735226199 48900914 602985698 546584506 294492433 697334903 759785318 100077370 127161320 878138822 625787656 228954755 808960939 426008669 403886798 375939890 837719359 307376447 366041038
98 9 4
491573184 666720522 668659560 98545498 765939280 173396355 97531961 19437025 207360062 80668113 158979919 776288252 666637251 977294540 393116366 800710054 591147694 933515042 902512693 126157592 948319989 983074214 253351207 847788593 436568209 588805212 159187357 751949251 800129559 286033803 55141122 216302037 487587995 973444884 830065270 125468992 528957628 62024057 636279172 751943756 140817752 458531597 178976622 934116748 774938384 459456629 882340620 122692706 377923325 365208594 6242581 943536327 861465583 288069589 318185969 614445624 507526674 114364832 796272032 789734530 958841349 12669196 157784572 209438273 64805186 176772464 622202306 175960316 382131441 825394598 370857285 472486958 362807929 654289315 177560977 861862742 747966112 598559279 776988166 255396126 534629003 606470004 466482509 591290867 180145972 633568894 716342744 182050064 100852238 646128270 932438691 19163182 715634371 942466219 920731696 312599638 127200896 285971199
899752847 921532317 813449496 538381724 598606488 766248268 114229085 356027507 401403184
26 32 4
20496145 251077604 90501317 62224473 670927476 253692073 901906446 617798261 272808376 181354268 731249020 72470780 295470218 85450145 808020572 872372910 718149364 912668783 990297748 219038031 251129781 33917817 593739993 804755190 238591372 140520305
714240716 16312466 802521546 721192285 910397295 952539567 311970881 339763637 326356012 401125987 444635456 168741024 829847081 41822318 448908576 723509052 751179966 14636312 562332613 386912448 174683463 869926784 905142296 84869134 388957690 669205047 972204810 807157694 55140087 772727676 943853390 83455439
12 34 9
828622442 680384458 345517295 621233708 236759921 596241131 250533926 613695416 9149811 742020506 929012494 30634766
201076550 288055945 287848372 814055918 153143727 391495264 918727878 599315149 908831734 499599072 368232559 217623194 538764188 415890312 995226025 349269418 237693494 66455095 376389539 77032632 530151254 749009623 142398215 628963213 782055853 798771781 653876641 970712351 147104368 691294412 382314050 388649513 666580552 687643759
14 35 9
956690405 96137640 356915241 428622729 760616667 416039291 168461067 767734063 2390517 869033111 37473566 902509841 818805942 653664923
335401324 826760440 21219546 496077586 169481989 958640816 959978805 942855892 99780260 462286452 498026321 815614218 607763555 229912718 74993143 227328712 28462912 957297242 571558265 671194440 735498486 193106480 978271844 473113858 915447958 317117599 82129278 282888005 455650967 281668733 92861930 16591930 155945265 508083397 620169640
32 17 1
243829535 272506625 837143307 208951342 613296600 310304258 655781504 3507701 248632722 858634072 760101186 493239564 447109269 487941826 130073120 259678223 262052380 266050734 411849322 280901828 679984765 262057180 381526990 701273363 654066529 478077422 718509194 398114082 651386916 250199214 267574256 909221462
922390795 832853057 831017850 186249588 332922171 49355243 715312054 567090650 25008865 84402702 541915568 319968908 723379409 655951991 498307235 737751395 540172340
68 90 9
634182987 629839810 454122084 404894686 392347884 513293144 94586803 33495229 143900540 787557139 701006557 733695392 677307157 662008093 782707374 234459252 637022222 726040907 124478332 975160289 277266237 649055667 63794432 79797726 736166020 585297171 691294795 958470451 253764588 102002457 366857750 541678652 723907314 298848838 669255996 581886237 891418647 795244584 693417290 545612597 531665816 657100996 244237425 974393009 43834975 879761023 566699490 960530693 236524599 10837263 785646837 65339368 783307108 538933595 783822705 170903261 914509522 582654192 969773604 31756917 841023019 231055064 437012730 131196258 914783609 222175807 605411767 295818422
828421870 128112628 927215107 985256647 584553926 683994723 239722102 231168128 228824183 812537687 105737909 307831741 591940282 671926614 290969920 810220202 220291408 684212452 613538184 80701809 431234589 324002605 912897698 105762032 576065226 988257056 480523539 837429323 467913240 637436971 808061121 921011098 753515781 77911096 434570846 695905898 316844759 823173850 726590358 607473132 38969250 722058884 337551366 476930314 352745141 174147950 282875311 997106030 15407155 612741362 806355916 586055365 349382299 768477050 312354554 668302109 261672413 810322296 885798239 148500163 44274844 759714987 557578419 296954840 615501589 171433389 449343901 570337699 119348490 584412721 100068667 87332758 513732096 889769749 812364911 276949993 796487149 377555190 542904892 684020809 426449068 72806530 817800111 292859031 910289310 641331443 928784056 261694018 541325517 255320784
46 58 1
140190397 412357999 729916872 726185181 925780039 523961374 376614835 118286843 897073267 7201535 159295370 35327328 576810068 367786249 178439016 738009493 1109666 440128875 338570894 768116438 595136994 23920179 615866435 668320734 864147660 779162152 131140026 625110674 140352712 833149525 592354235 907699676 312667141 701350052 605849259 819215313 346269920 811927823 771273233 598577569 779268687 274274203 598742376 580555187 416426319 807688531
168323525 235461017 276565514 325317173 379683900 119711389 720809801 68402954 854766287 725733241 499774629 131152160 876684421 348621804 173897800 50705595 356706500 846637624 284336602 347095958 942787534 76011560 813501791 764426593 147163469 13843777 916739475 85643662 19345879 190404206 834244870 50086718 964183409 614594198 603142225 846549461 708334622 228647984 660025197 434044385 462589047 874618523 616193749 834118754 545174922 807520856 524921934 432586725 305661224 266937059 32376320 780026915 231145432 462850334 362865816 313714184 40354717 639835763
42 84 6
808306424 976633717 635538090 344818636 597327977 148330504 28483367 900915794 800186869 640059380 264116717 941644585 541218419 174745852 681878958 459418618 989432173 779225135 168638970 807132884 883152406 954374707 490951563 30732860 561306801 27634361 734801766 642152126 85374623 750759553 346380058 245905191 295450428 511465144 887988121 177204272 767399687 463425752 585532704 205843885 745534410 967967469
752429980 154351166 488367252 956310694 147825298 412510846 329273158 363725421 151724805 883141263 383549560 722024763 824288582 278163937 818030593 171299432 712147227 134699503 634414038 808746190 924885702 259177986 320077768 43697830 77367096 107540217 237243097 964681723 899815628 434862796 117149121 729233909 68404789 491161534 106217206 903180275 770430083 425352604 419717358 391858892 940475807 744056752 995939412 107379647 463304760 458595194 207389518 244621300 279006600 123978679 538809607 38847556 721308183 199326832 23939485 82549748 376882516 542072978 438517068 881212243 143105679 387759962 549667441 207917022 759444599 310139189 413590231 604812315 9778135 387984980 996063991 559018304 356945343 529558515 780266152 427439821 132425261 826147219 260739079 197182673 564298843 631951893 136308391 67387781
70 93 10
602805907 696739581 544149302 27490387 318782174 369752522 344959727 917224534 35872964 512770944 415857773 320953884 841988254 964886010 300748696 981189953 69613328 810440251 318534677 418225278 590484203 512124850 994123737 76840219 27330193 201627582 662769068 266452584 272356682 490086597 609278415 334316547 854685636 723887287 213814384 516074902 549852206 716905661 154904781 812046766 220087534 746745034 869982563 771410158 897188642 511918834 862819216 108343643 389244202 326516292 993790750 284975021 232884947 850982724 10815866 493762220 119894786 558411380 669030209 124372416 538114234 961068896 37611003 117387372 586317246 134019243 869055137 236364887 656890016 267801664
110808165 397757880 169658958 715094270 892549726 3472160 123800957 101328054 262903683 939159271 306136273 345777292 405359781 165211832 64637803 598139102 270932061 924661035 904048949 476495105 744550280 58331235 263457040 908249174 1440833 29253947 972767192 313555791 450200206 233419568 480100016 805839431 151381094 799850169 394694768 530609395 505807998 638387360 862852988 849567249 8781381 433256761 721091972 243721578 953857958 481148413 560598413 677441943 471111692 390404940 311215807 420816081 308058172 33480886 413272252 623319211 613020592 237364726 633111156 662893900 335555080 828532876 314532970 266386255 606462433 323895369 127449130 280821766 570856032 101958947 26831367 629892301 281263960 587694649 866733285 148295851 252370516 868377998 873892985 678600780 527885123 479527065 863595373 744456143 382385237 787120516 73889246 243342606 99027160 657897886 522631367 684334636 162187220
74 80 0
351722354 222946884 243734523 570194488 474326338 925132851 442635785 864869580 760168824 467310486 246097335 168047528 490770736 462176122 398764925 82453984 488394118 408243324 561407656 827741013 257282641 248682232 43024484 116061164 360938009 982705725 424413058 814742905 910201924 504233344 388910514 588002631 686177647 305216430 631452846 501521024 274395372 78857827 508678744 509464809 230760907 612345780 214119238 584223490 957089625 92407977 402924455 943529149 278225379 594524031 474412193 398370792 406884919 666064179 518625203 705780761 631114938 766033272 14118830 466711591 793029044 347161856 252827220 495017248 411061414 666310340 539899004 890502237 936501985 846479475 550201624 589527487 10993345 963425870
584335553 544152029 639589808 900867288 178404803 910935366 702094226 873694475 714179388 361616379 831126077 954847404 976474103 258982380 803276057 38165410 844652895 878355789 503396660 773781549 136267810 877840688 307284341 700187419 210871650 882083161 308280692 893159182 743268514 79440258 616681602 848749782 295932481 478191216 371609167 25816859 740964102 343206949 203814537 390285179 106958452 2254116 746849650 504552449 486149572 699330486 469970180 656842107 836616030 375696193 471260425 459120185 467798855 536990578 890371545 88208220 648327276 53951421 675578269 839571423 762248658 347414814 955248833 1938695 937511375 527370996 226325153 15052545 510997858 763591837 622349516 238409054 910328590 903138758 515512658 776232385 352552312 160502610 228143115 725378103
66 56 0
385396766 146335868 27136237 681261312 785997159 742597920 658684976 139627518 482217342 62157451 51297412 249471799 448407363 242984663 929400088 435094922 35448048 1193294 668566411 171806181 781448664 240033824 308144319 694527267 242469376 734727473 358848061 116831376 47512781 832769077 806911362 38935800 456576368 837251252 402313812 575186941 418302677 367786127 921267849 81761046 398420684 937064026 178557743 878362386 763554363 973117728 244527004 616737452 248341510 543857072 579996174 91977557 101455821 108819501 431238064 833105563 727682562 750289813 362469906 42784190 648988671 739190952 865406830 92443752 849592518 421785480
152467959 82663890 17083252 666540326 553673923 171278869 811003929 536130695 535036457 815201798 62194414 455728727 18339175 74643715 547733349 800458381 670390697 98410906 249541006 78602334 919082875 215792080 929881773 489692848 987900771 981300527 423547579 918752165 112979516 940617794 382548221 63621601 100569500 651640225 806957296 6216983 822780210 911922969 459563659 442933305 818028156 13632879 778902680 83426363 18900792 342637940 474603767 915282990 179744796 934224058 47139504 998538940 155688189 100355030 359688413 338141299
2 2 3
20950359 188443171
286424435 51432467
58 18 10
161947023 1015158 103737627 468526162 870957341 830409564 268713886 411047389 782587462 114594588 446240527 654666123 876875405 792972 162982321 29812837 222403935 356599816 781107904 99088633 536892736 563915464 406819110 145424491 397179954 284736624 461237837 349819513 736291663 400586829 13299080 166284463 316160491 931347015 273700544 336148784 510591393 956398374 50432517 362489442 633307585 828400331 748673235 371870094 694539470 428199735 251187834 375683410 204639179 55042224 874565419 337188052 824728901 666671817 448652864 673515208 392854101 165150423
747051114 987554126 783375017 474762028 40734777 77788841 444082910 334162501 674400799 79069230 591382553 769844368 627943448 1465655 455537820 417022174 461618818 886711963
56 4 5
98554988 254231215 720661272 296799208 424918913 999524834 993663668 728316636 799771665 184300149 735472026 237765177 145558515 874007802 560625841 199586379 333785831 759567088 100984955 921141746 820860309 435332261 614848765 841864769 759525803 216657640 466578113 757059942 168792372 916829927 711140080 727059165 176922843 59220194 864981731 823020644 957404575 169691652 98209967 507808022 38809841 756856501 972539654 870628876 405725111 716484835 147679814 98896056 652019787 394898151 513971017 974679046 477819252 633534969 701012261 29293503
187992900 560655194 185329846 503923244
30 43 2
869121531 455850782 912177199 119672483 908066728 651575425 180397249 904286932 518610531 795696571 835605297 292161641 362895087 164086049 738797228 716019968 734148555 925398568 713890503 83971427 314907257 794057502 538506559 103797065 18607599 40070840 458358759 119065650 222528369 425862945
559259179 850720636 733510676 643022365 837813447 859813927 954644009 218775482 708927593 783201785 313084676 306478093 621313598 861416530 190256963 476856168 760485984 562858658 165181279 217031567 249881935 870432447 536375183 47769774 249772660 544183570 771608838 51178825 280054964 872474957 851581865 140717042 913994166 951224268 312304083 344089427 189577112 532816967 697432838 545432167 352492751 356970989 377095529
46 10 9
220927526 837354641 349358032 122893366 286010894 744650762 703858067 305492277 674814880 990097110 190823513 244208877 305671007 917453901 555319230 237095096 124784259 605139172 748346686 364087484 492426665 277677159 647811350 636963678 54647111 607433594 694682081 652879499 952186651 17501159 815331877 389138464 594689456 364344463 632709176 220893999 104971593 986265359 564705265 492484371 108354633 649369809 518067932 471447131 556078790 353250337
547019867 351477338 525221435 422148540 174526133 805789132 717491324 96885013 539447964 658140275
96 90 9
580713718 444240981 684266143 325064498 448131366 590759988 63150881 828145241 114221251 482733299 783289683 138379714 877841056 746796881 516523691 628038511 652718790 349550400 800479528 838242749 608657002 140879198 279609348 414905618 415488801 433124404 186962490 914538626 585765453 286537961 265292968 443494477 628418314 249791104 826529634 869593194 4888399 775568770 701549924 623864825 148089045 719512103 165894922 368789259 268052757 292053191 452142189 205819110 922927043 417030702 486267083 740123822 978994672 516128359 553572022 140096403 668979567 371696382 797669711 684436124 415405510 437222977 126974043 116888370 132722177 586570131 746019020 544806105 144083776 842468601 219256713 598545636 164639502 463640369 262085294 847201751 547534716 691924356 593567832 815630245 280885990 820042090 304632212 21698195 956190418 160243689 697626655 248136779 75189481 456902731 790629390 439862512 315933224 652193602 90833232 536431218
901292412 558902907 80462432 162067279 877103669 514399099 66385125 196504781 359363666 984757076 196564835 495573520 573939618 771195007 346798109 870487537 499414661 543621566 618558417 415693313 834915398 132116454 159691438 609759856 512995105 754106646 273408669 949592499 347164057 66810872 396737075 435274187 21408051 526986576 80475943 822142398 105900322 88631872 976736159 275906802 241370918 449837497 123483039 633559211 436193136 973072526 662663608 523995636 707593416 352478286 103493950 300447851 830690717 577956825 729769627 220969417 460464650 795822694 395089570 240200012 837794224 58815525 94675751 456567272 660410259 662182248 934875060 760696591 136861999 546916456 990766334 797729918 398504530 614661485 156520721 636378743 632587396 753328359 838824051 737359590 969938013 837629490 500503118 236102104 817614148 845951003 747853997 10123146 723495044 567172653
12 20 3
364620590 24555103 283297407 563119534 52134536 123792469 970872914 461351558 273937394 872597266 248830209 572653520
528062360 720342489 292701223 432768272 384941676 802460326 83729656 805444065 979225976 651814651 354873165 509248085 643444041 287831555 421224442 14648799 644095518 704467399 546881322 543032982
2 22 1
95520384 325054598
350823377 85839667 520404494 309019302 497237573 36809831 135156117 229802978 588197565 609959375 173676472 527196912 868959357 604899090 950247378 828934502 848712396 340944458 87894511 860762570 197205401 104536656
20 8 6
629290580 308294469 377825113 538295233 298626538 962605953 255127293 778575169 621728514 473951985 212858689 620439139 540909413 393086633 996081957 42634153 723642056 447562438 712396848 916925308
948278343 493814969 547783394 216074672 325559737 500309807 875328960 481094801
100 33 3
357119535 44680383 730998288 802464499 60828018 342731692 511458751 496569330 66326639 547627924 596099851 497236660 241691205 547119426 656574100 966378476 214050392 474189806 714794244 282028714 642893064 271648052 640034548 204426555 901890316 274308155 2348406 947581061 844605784 737566198 725521333 532946449 533263152 954127476 347399625 309131463 56538191 529725061 353779567 937969856 448320676 93046561 534985871 9175020 940385989 776205488 547215144 389632667 283206523 405213269 448280334 884100492 995156349 458962108 463279962 60115125 990010907 246317387 433255329 934192355 241589411 951216976 541282152 935022816 687264213 238346882 884624248 409831560 70795222 474023367 752698066 913034623 448347981 297115604 15631921 592283687 991724900 43835390 451945902 9651803 71002410 99664694 754843605 136924062 571540748 751727368 148086666 882851178 73476857 57249203 550138302 563088306 178920467 246091615 586457755 192427307 886860507 146377526 672474188 806592356
614345001 475950876 471351884 897440543 366988497 789173125 344698203 424476803 115241832 371374962 974174435 42009768 363722024 333459984 97959599 820014592 798433828 219742893 812714560 664648718 484876682 571659741 510657334 104091475 778287652 266281410 822712521 631029805 367815865 947784704 160213211 113378415 752771689
4 60 9
991040413 343260718 630269275 402982909
379223239 308994843 869377326 319196675 615399218 823787057 732053640 850378572 153886256 897654108 152062230 722608421 346213954 492778637 903447707 322374514 327369102 355352887 288660112 866370610 929692460 552981531 808581608 322939934 126911964 285573920 143731550 185671434 321165480 491564161 766826720 220452677 616722414 622784742 684212071 898025707 37851190 331662059 554311734 806571914 590682138 395148126 999043560 109238109 144679504 156219160 756894763 789963553 668597335 685252128 170930643 8740013 354935165 16236319 133099753 879429112 20846588 101643185 540436073 28765850
52 18 0
734777560 885303724 563417676 690824198 115585969 431122484 556983400 672205860 937478392 463986889 80798160 957457313 427263389 808225720 643145677 157287329 574337962 986663194 483711689 904634847 411799938 265627691 260445433 77266980 675228235 744297705 80536961 27841841 93427541 776186962 287631231 95940071 106930811 710903946 233496711 324169302 718892993 7254190 327644787 889021232 231951081 792512181 447682504 421932087 205439080 965084130 940880609 729282644 731369707 286514227 929368834 684994056
853498730 332685910 409796697 57416481 329809481 587135333 701046308 479859626 349824438 716429362 551806473 488919064 785028999 647766650 11919741 240804638 189572387 713041221
54 29 8
211308942 717001888 736921205 995182607 966980700 173645200 217080611 215235644 243750047 248254655 61117873 651233457 992070393 249854472 427097979 399835536 671382481 446414542 885504700 459642587 868612871 278753161 13671079 172750254 607233239 789791646 235576896 657528560 655024577 422731130 260693794 849556685 742288200 779828746 344518133 632410781 65170579 433431733 456391909 93907058 671353548 281703706 70622393 820185791 274431078 712985356 903035703 477479859 444808876 458916723 466326263 534416653 528291670 313092926
790230306 231180213 191128875 31574019 433778030 380886620 226664967 178619621 453814532 44888398 625692213 683093626 767726735 485018149 446465697 72127383 759029668 679464314 285190943 463029330 677335186 101710308 307633324 882611537 390347622 592775048 739658357 543393387 71949172
4 64 2
749181839 412605000 943066849 284337010
625970284 477346218 278721584 111346932 653243201 21182584 871520360 217031756 125809360 598485132 366253830 664248974 446719953 359004157 694402926 915059034 220928865 96807730 460610531 265731800 898766118 676084588 456022155 693709149 478026853 664776600 360527055 984251631 780515483 1866672 195454996 366211309 56113864 27137075 554623722 133559340 632628741 462711857 547733763 36274255 164798928 392846824 889817598 821263681 97331129 81755268 923249977 669711015 595055771 287438789 501477574 970704291 134647751 569320296 433980531 509286816 358206634 975505945 8931339 12303913 596901433 707135687 620443659 852148561
46 75 7
760997334 664839444 481687485 482515629 999758441 19019022 750930772 822714090 791284689 257866311 294946711 758038312 196975941 982002058 96892601 970578275 674932330 793824203 169625651 802293031 743172161 727952403 995462975 994513737 110886962 928821521 950667333 595148628 496434562 311263724 907272775 193684543 873753054 844919160 128651602 221850086 70659365 841475732 775550457 400471531 916165271 806596529 161775579 49841548 668408033 915822934
495409347 464398456 206535839 820962670 609336490 482664213 573083211 76907710 516836978 893013823 501285442 193262383 379710035 996917367 32083680 314857651 949761333 545037581 619536530 594680031 7091192 697542576 475722405 80102065 571939825 549480057 391726134 222227384 595561827 169183779 179349344 681057750 50516126 16885636 138000439 569561390 482124898 421811314 534669247 147577967 609731080 854980544 121493116 766827900 288218171 678734748 348725514 810532304 120977057 725689478 739148837 149427515 247421624 734790277 337795288 493152811 969540539 103106288 114673587 298128033 399624057 872504925 432370009 223320646 506926389 127606398 810619427 819393377 967546935 583964448 729239509 236786881 691851079 161674045 173931586
4 19 8
182333723 519101046 827000465 917622326
683095745 119309455 653703177 308705642 530407733 244255589 158129882 911737259 911826251 423073048 459287774 995045964 780136457 373649874 986590388 343402478 225469233 280696767 69384911
68 12 5
913054991 36164944 108321392 180098014 898054824 311206773 717548464 704330225 640121551 830555106 175954649 652765926 785275734 618076234 646496731 782515306 967342162 544570447 449908633 178388704 983144852 120380924 288372375 948191551 212421155 393560737 881094663 909547255 988664727 455943537 662894459 12601805 761706040 73177013 968172818 985100241 986494725 685910881 262984405 998039123 376379105 923890372 767053589 762394013 758786300 321810330 17647514 663280203 158972709 938120292 358899549 323913517 317944657 97452473 663722952 921103952 190076427 964514513 348455629 4334437 63160176 907995401 200970459 874008206 339731690 952698656 219564302 284920278
796661093 338947824 892473156 228372535 44190321 326359916 68068311 277911908 371881305 315671289 751231148 465525618
92 19 1
371331024 186660082 175012210 172475222 522246318 544006313 749345886 434644965 474306202 764018764 104278484 400205877 944302118 396830496 21869250 373971715 243508230 925478233 90084775 281884529 34329163 472331743 699613095 872899960 327125869 878295581 490130242 902306350 244408132 480561828 34436519 424811561 604271844 668451655 349619260 951311134 404075738 897250505 714351064 969611130 731001354 659674000 218177047 890612968 266031354 780598477 63783090 643128795 507872609 582139742 797406675 810038580 804398479 575041708 232877431 603720353 842772816 888808200 391696342 315746029 714466875 234864668 602643673 188166583 690661846 179448407 420988770 815585617 121636046 278766779 963641756 189981973 68026963 507521755 348732026 247641629 324786708 715368009 515953166 122996596 25389448 936887803 720964337 172124364 248554708 390134987 584643687 622763330 401656990 456444651 497673218 299148918
251606836 769057801 688360150 849934457 888917216 502919527 591918946 221580026 589172582 787654379 465216541 974423755 369305603 298675483 217946302 834915600 587662889 144651254 510389073
98 99 8
229389919 33819708 52463387 596148417 683510548 713444715 327297073 997755560 859046303 205760646 784444731 836661712 241388871 362455518 269117516 554999514 75813467 981898854 551247459 549423351 653634081 690747837 872140364 434071136 378499260 453749403 527716436 638072123 602056175 905727283 844610457 862016688 202570130 551139820 177506718 36574342 622398363 675384048 180488831 26953122 275975259 934505947 622505818 980100471 281693779 657143114 944280691 855951512 180345875 44774903 186947695 85131916 7460076 515058043 236544572 556966062 327036663 123285018 475878213 253559987 232549329 968678599 434308290 438935293 566002104 613833850 520353371 713404514 629396010 554539265 991928787 615845409 930141263 272443052 75375956 809614249 238849147 949189240 919134856 499983935 304893557 649049655 139246055 142135456 126429550 304454298 817431875 9960665 499631651 355189781 801897927 381012857 440368414 795185993 636796991 66030428 703715804 558584403
631036150 400474223 305937298 333876688 806514187 103913350 608330579 410212115 951557233 762693753 155605125 15636002 185013055 804453997 617721404 664712407 782469006 28293860 927618739 837029078 101346432 801547779 333577749 751826739 819415565 226002901 793510463 475263874 516832650 284965006 127710914 881275708 396701939 516450870 953344107 855772094 199899936 935831044 349148137 16443497 842405276 337932831 35075165 139794853 691176437 359865488 644553979 157282367 791379659 683300985 790408906 387312781 485675907 316205487 993762985 256048999 49807897 350641883 541847330 796496445 534605518 964678244 456943489 254604830 130880137 557678667 21500686 609903117 562488633 633288763 510806216 620289107 812624980 151928034 701486472 458051960 275352009 20272481 145812123 696845738 730786726 644891377 140835471 172922130 597260283 960976967 16193652 175342533 744895436 541803535 374085379 926481556 381486898 20256185 506391099 369561964 409863154 395018121 912570424
36 98 1
700589562 61059143 658893219 38830644 505744521 83700840 905439232 717979108 864562090 752827185 883299872 318599154 513849803 953273654 958104264 925773367 246891346 337473586 576596598 518280595 211856399 904798418 374162505 340534772 421045673 838915865 274268842 790012164 707571246 512674275 952602105 623087480 349506457 641066896 290601725 82130911
986145089 111333940 180222402 956439096 460149008 328416838 572987847 625123476 420823085 627150129 463737867 361895096 637713349 758896300 474559422 294577480 177191124 862379568 54049685 127014187 645689499 608429304 13762115 12940310 39589645 117439365 737658805 148248676 63066030 996820627 757620415 542546184 479061453 953693768 442509614 754478505 393202593 512209939 55489674 207877439 684449729 618309004 218824217 468649909 360094782 486472258 223339050 677145550 674176489 835839941 743769666 260642447 143752995 134545124 49090564 888720139 66436864 61222246 606915250 528900591 311268475 999825524 751301627 652517674 778187051 55390959 303793632 843953379 855082407 322073644 289867757 962891524 300556534 993484505 80772774 178484431 405390275 497544032 191117594 89644668 111974239 828647573 438900291 335825503 56338104 143408591 663192403 698410023 399325796 665579343 904269141 757930803 430018458 9048083 894656658 896263521 405249872 636476883
90 76 4
731368955 239605926 991590473 116177197 730722046 294063738 527454080 564461563 606649483 713188434 175617430 569468419 135173345 103044056 127854793 920568283 154867554 773059561 476212114 130861686 713850897 444622989 395875659 762784531 35311861 35443009 299090967 187808896 610613460 359426995 794530185 995185577 165796210 252651697 205363883 133870099 104024607 162343585 380424101 141886933 444804631 597198502 167348866 823913501 801315984 974034681 11811871 955896046 732365005 725922977 191115209 335704829 647116107 748944285 647594649 16208596 550011523 27884901 555511175 98964214 651798746 28038464 461115613 734838956 715988937 346990827 57481481 836538176 408448579 156552985 606186371 35916060 512488368 60817808 201920656 37262781 812797658 998949103 945223279 19650185 30320567 82561050 690580785 735520303 455418549 512115669 165427902 559432906 621709513 436667341
921855122 63879327 618604007 54419977 634498042 655149535 968438864 455188439 943949494 450892040 474402114 894779553 316063175 801336128 169006043 724151852 306411721 475161592 77341284 335087577 327505783 87737614 968899190 394311189 267410097 616028363 677366204 362273712 305600092 902635526 694861053 400880196 488192244 372258549 437794581 190792122 591940320 398045007 570154813 113539986 361544003 976542440 424034221 744121200 816299318 807782167 362231971 269563678 549554336 61931017 66467896 838431890 805259696 187555527 532978661 731598430 393566874 176273325 179932144 802879794 70465007 549591379 329742300 861265094 905533460 220222289 295194616 135515581 644936805 413786856 814606204 766345649 825055769 473122171 809645341 22130397
12 71 7
626905595 152467981 123375930 44604727 281524514 330761265 591310181 511450884 801756004 867742070 254108054 31643667
594080590 600170669 916017099 793188159 241475834 154344659 788995993 319229725 425516852 777781848 834524376 109761541 81368698 826596332 467431430 698632348 75296234 317793485 60333871 154190371 328192729 922031165 966265931 214526146 876619380 592464837 650066939 636241718 532580521 527131574 398105110 56454297 364497471 718295505 277928371 530983979 473664758 953979822 628565146 671718408 381374305 503653343 158302914 541688074 712307978 349465472 520563675 616368911 680496332 729235889 788878160 66311175 472806290 396794188 127602660 318767609 979249041 234515789 302983941 484362811 535752913 150484194 767915084 838081408 77671192 896103362 108804526 251200136 398542695 762361021 110044377
20 37 0
619457331 702093729 619456374 752724309 456502436 316876853 782445172 929466279 425167650 954573747 647238032 663770925 64286643 787520661 324064753 728028198 188008420 499689511 813061885 422181037
851798564 643355720 195051101 435470745 789910551 31284536 420272208 779926026 341006473 685138483 355875711 977332800 971415778 819603423 380344087 599594936 704473489 48337215 251182066 954628662 122174197 523373299 910457614 447478509 252335494 892674531 834924352 310065951 599947514 806936061 167206504 276349173 671159012 292509549 116372240 459167953 318947870
70 61 0
92913174 952897829 864142079 264310516 953095143 788219818 679009135 816507353 225279690 710969263 253031300 804439774 718937913 713720132 109641347 741816151 382677024 887114811 88525532 878033044 606209117 260468119 535502970 67610842 781208322 605353575 696413673 996252524 886329804 26245312 553047236 43029243 879864417 460499649 874871569 52024661 328923566 644862247 439057260 305915385 134653181 821745880 521915507 188670247 35361782 970281254 352865774 469215761 284450400 832509608 105709827 974363381 887608455 473168640 823934555 84162183 519143517 988686125 987574106 178509790 111089716 490449788 65853878 686960696 848358401 574487699 164831088 841941719 483947093 82304236
384362079 626684522 456003420 550252383 603190644 769745815 937320296 306976965 854154890 353179086 478253450 884148640 858695132 528623341 720489952 988415712 442737187 881431733 471944012 904964505 384012002 216683820 701405943 99721919 757386851 409073449 380290143 873799419 581673389 907304067 662326518 880036548 534247630 921771728 805619132 458912598 291361437 792233299 48254136 742148948 80290011 549058968 254822149 298206580 350260811 849000662 628008369 563409522 890420969 456923937 677403992 207895373 887447005 528309279 682618522 226627844 138575867 503704860 264997680 833547267 121343710
74 4 0
243078023 314918137 131062447 624372473 797796486 1239106 587018234 47104921 97320487 106954139 668237717 449071387 245697006 488476475 817346382 725401929 262061165 665651546 218125775 753117786 945898347 700575939 37187797 448422790 37530073 643284979 426453051 116775232 757914311 178745708 36705160 157309121 917986122 20001612 280629824 394708547 731633269 863427935 883693677 533252209 531694674 981302613 631068023 942094613 700463626 432826756 269230624 482644310 534446268 453161805 583820063 506751871 722037077 206350552 11502805 779459368 221003790 487777655 263564038 396252818 98254241 661108651 596743627 506368168 951964740 739863032 331000912 691293428 916678746 520709241 361657210 956691744 25251032 683486977
798426494 35002846 602777601 624602137
10 30 6
468350409 108961958 265267581 860781961 738863642 28641447 137130480 317226252 656309054 854158671
995388757 93930993 827654259 872406384 183597599 54080739 706795399 625954609 549497966 604612032 720421555 203888955 671554788 785439638 596375866 210378406 622975101 405513025 828122083 984529740 247814912 319526979 780577486 674589832 930490766 299811020 134693701 855420812 181674750 157768958
78 1 7
698194579 584961155 299542674 916932261 208458549 347578412 478305414 51610500 553618316 317979274 932113760 883641797 680823286 440192081 548098302 554443280 502764659 535742735 950857020 665973306 947463666 509486035 465527159 564785136 86366061 769606008 368469394 175136714 234166322 727148356 619144935 52088802 677231345 593004433 236497847 987455412 551462933 185586166 424193147 510658440 135541675 88102599 426688049 968521982 848757799 116359733 413980487 601193817 44544864 607867256 588512760 415725878 771772812 958568350 234122427 721268183 312623597 230026442 770098012 563126841 841652838 597651032 757207874 624662771 58661966 305457083 394268817 547683055 453699319 82964296 94093215 235653444 667459672 746779198 980221 467846194 489531016 13777961
370541470
14 99 0
31453654 738476355 505961624 893852986 534254384 937893920 19857446 613543534 85070998 149626407 467430372 888494581 824730106 289780226
916865938 735935011 603090619 254708376 655622619 603061557 48989652 45489982 859699979 760135388 743024009 541606380 933474097 795076814 835868111 253216623 379799893 638935477 414905002 303053083 626392709 695294234 876043761 657395045 1105446 203946572 369921666 596007244 882910776 239274671 416856454 101791717 771811628 962207077 596184867 582496741 129187702 778007270 544826542 937291422 280083665 835991804 775674644 522449703 157667945 435607395 689532626 931250846 20209698 879718317 169296138 129426444 820987753 583827407 915251392 599110810 500720099 686374900 142349798 633019077 58916958 341997063 702569323 946134531 556978992 191977572 658814990 594043456 951911855 95998430 658091531 325306237 510279422 326072667 714022600 519380692 770318528 753328809 671111037 872146677 204394072 756654687 750753281 662438639 956420651 264663792 432869201 130538747 742797974 548318743 679244548 248348898 295906973 819687278 348345600 149641087 704438188 401448686 607272111
8 70 6
401847089 715922531 621218536 574433813 232803933 568543468 777389367 448844921
469297347 438474511 886130184 409727061 815058276 789924147 469822243 578442705 894308590 560313987 430976977 600673989 497674788 22158074 462786543 666634159 647811780 268638092 479239284 509880233 471980846 115220854 935123473 289084311 822216276 800056613 928357005 393306032 767518973 754842013 666402535 135348692 439735808 728086835 870714372 598987523 821420801 675041802 654932681 841753780 113522050 651604567 247837287 892793399 655572961 150267692 475620286 270431717 896086022 163055974 207930870 424223581 130745823 759158336 985005469 379102950 688834887 183552070 907572544 762919132 114005803 449323457 409229307 290562192 283295995 627815024 773746976 66269207 744815812 791936976
68 14 8
630991393 431090888 181186373 768617806 139423002 171478609 322956901 745632877 4943261 138710880 79416077 861566783 197660671 14197111 713778827 545541482 383540649 781050858 239149495 542590335 977165726 468679848 839593345 758875380 939897585 726240889 485243011 480933582 161565907 407549321 665438090 234797758 677848777 440653918 900411454 527235405 986900382 754013428 672996123 469717986 460765457 977298794 803447777 649241531 567746698 295897181 703550599 440216399 690047579 751754914 967548418 678166598 251142589 135656966 490627815 997920993 13308971 823943685 659465880 328385657 979679008 660986235 583163693 178400861 620002012 208856374 240219013 53238799
59190223 690813053 798169345 566379941 787575987 900058932 916332354 893736450 692989663 330550277 463575916 447875739 524009687 296113580
4 65 8
504267597 39656867 768923612 514889967
239881230 549719858 146755482 95726625 269515833 357229917 327955053 683994923 250735524 706286661 413723832 946871314 102576300 498328639 713681808 963727033 391819898 888839018 449203632 457370515 872201252 192198465 10027984 583828593 245042617 458045576 20184860 910658854 617482489 663814385 814892190 184796368 999602486 25247065 433923627 925765627 553460605 960415945 596776765 936794754 531847978 766193494 991905981 338122158 59267301 957863001 328364525 884269583 330217036 522986589 832438818 270227172 570057882 106046339 542870949 419535533 783634919 706668311 861250870 282036033 436032127 487122542 20007082 165895703 783212431
66 6 0
923983204 912657784 673051463 869249843 714071264 487806089 250344986 724871088 730902584 195866126 323065941 136374586 143571846 799881437 247372113 372608723 42998524 811247329 820130887 509681712 232139192 73105197 49067848 96790104 16763318 311806997 230710535 437029505 814806872 18022530 649902284 597144440 16224218 423984589 596859569 267596542 284989597 340021311 802993409 569015727 357453102 112773212 283700853 640314981 127873779 262669165 380215773 350622668 408747125 936149558 859704017 948141260 559680679 106075541 308534414 980546070 155300872 185037058 303855838 984779630 995102633 630186933 397705711 368916287 429856604 708819941
996058656 792580239 883095183 431458890 390825101 134255104
76 77 3
200221317 626662040 921277304 379053743 797492629 554013604 968415567 679280881 680002338 246791573 153898687 127545078 470378793 261015834 781366736 421102336 101504365 165176800 520914857 74398587 917221087 689962693 677072963 331805473 847601842 473439617 392176964 724947266 273434293 688060675 906320294 880839491 743185313 912641737 661669991 760989184 198319888 801791692 547072149 692311759 349552784 822888526 423274440 788972189 381431588 681971264 397207684 22932875 423548622 206813240 232421902 143186585 345544585 814075888 27004591 184427321 858046900 345016488 596859626 259812513 263333259 332557447 787879986 36478011 202470028 348872750 929512891 258445357 117135872 745934370 933852047 489175946 207724754 793813776 492358053 889060779
367752499 463865278 964264162 639716617 189294992 64357072 321216391 264133569 32993690 812387001 602277561 876071209 752301294 614319561 276383990 883170946 798097661 726619419 287239117 966587981 433997315 914712038 300890947 19487801 617442969 459282012 46998189 723746492 220462687 786357224 76368772 503360973 311264673 750206129 245036427 422895551 51676267 146970991 231245864 93418208 765273013 70136182 986038217 389815260 475851503 62619932 379289488 269028922 957835096 245194663 807839113 669113292 954534916 516437575 342192377 312835320 896011743 618574913 877038342 241690530 170726473 315797965 569807480 503551899 655777322 289759091 213557158 604431905 346561028 540041497 349346457 135729962 158952433 422521267 212667206 80389896 828531350
16 16 6
961998729 117133153 226351222 635468542 717558673 761299513 555119890 97921312 96139617 345649647 991579286 183739390 988984538 128357152 70838179 709769432
376531042 33532976 262077798 658845253 749288549 479077638 350642650 591262406 122316536 82764686 561582008 489571314 446755539 205231259 174597043 57766626
