100
600000
408
278
27
202
42
353
12
309
361
315222
539549
489893
77348
156758
441070
538447
189851
444497
146017
38110
8359
101627
329455
554827
400438
221870
409800
194434
512011
588678
200327
587027
65069
123558
121112
14663
385360
385302
517531
268956
23247
234276
478863
513033
302176
537906
61573
575080
126985
42030
349627
332450
134564
373754
128561
318321
395581
347013
113231
528868
338366
278731
567823
353809
466369
283431
314295
507346
437959
295222
113599
564843
274023
187245
459815
372945
304899
374411
88982
554095
34668
575651
355688
503723
186474
303190
100304
595506
516520
63949
359520
325643
196173
356351
306507
546837
137721
301986
259219
