100
1000000
42
278
365
357
18
85
17
403
90
36617
512722
541718
48164
766597
41738
198111
202587
239893
297164
198288
708298
577137
221832
705507
572321
219941
23247
554759
120449
350319
315686
790507
181849
958459
437304
693036
862821
742513
876968
325760
200125
516110
361800
40615
369514
519106
124287
762671
850418
470211
938483
708565
493861
521639
990145
422021
624757
490444
655496
776352
196427
157054
542036
36651
720927
173224
561420
186967
968227
697132
767122
816807
290731
56621
361653
537071
425382
52061
538579
502810
694356
867825
518785
219960
859542
611424
990660
681201
606096
531856
431850
21230
928093
610831
734833
20172
931058
481508
185260
