100
800000
85
365
42
309
90
278
12
27
138
376509
454262
1088
207191
26133
309112
512443
223707
27767
560033
663626
670796
431036
42665
593925
583267
403431
767747
49784
200636
120924
515360
293825
714439
643688
418003
793326
203509
156442
522690
736722
84310
478424
271355
646473
733710
14840
797608
484744
663015
584954
734833
603636
145587
97711
251547
92761
557112
204650
643095
731133
647545
604175
696708
692300
35600
767049
349618
663195
578370
705272
47320
404003
222146
372836
769203
588896
670377
620753
661465
479414
108176
265518
387516
469083
747409
398376
411111
22265
107946
313524
224745
717637
240757
783757
740776
418684
252082
205472
540722
