100
80000
408
357
278
361
365
60
309
42
12
37234
45962
22861
57881
39252
33780
51741
65823
38983
22329
30618
3814
26260
30812
22240
63512
66735
57391
79693
27783
33883
30945
11246
57501
29005
78894
38837
12085
75729
65596
55705
9987
11991
52046
61808
5764
48103
46039
39411
77990
34809
36596
3582
30884
4849
63956
76909
2923
77229
58428
75697
18432
37405
25040
74964
41069
54695
55236
9062
7131
58027
15099
35625
43328
29232
29359
50592
68836
78434
59215
29807
57436
78965
2914
6983
18565
42197
19819
79000
63569
65171
34289
18893
20038
69026
28849
6940
39908
44832
42090
