50 151
1 2
1 3
2 3
1 4
2 4
3 4
2 5
2 6
5 6
2 7
5 7
6 7
2 8
5 8
6 8
7 8
6 9
6 10
9 10
6 11
9 11
10 11
6 12
9 12
10 12
11 12
10 13
10 14
13 14
10 15
13 15
14 15
10 16
13 16
14 16
15 16
15 17
15 18
17 18
15 19
17 19
18 19
19 20
19 21
20 21
9 22
9 23
22 23
12 24
12 25
24 25
12 26
24 26
25 26
12 27
24 27
25 27
26 27
9 28
22 28
23 28
9 29
22 29
23 29
28 29
13 30
13 31
30 31
13 32
30 32
31 32
13 33
30 33
31 33
32 33
9 34
22 34
23 34
28 34
29 34
9 35
22 35
23 35
28 35
29 35
34 35
1 36
1 37
36 37
1 38
36 38
37 38
1 39
36 39
37 39
38 39
1 40
36 40
37 40
38 40
39 40
35 41
29 42
39 43
9 44
22 44
23 44
28 44
29 44
34 44
35 44
9 45
22 45
23 45
28 45
29 45
34 45
35 45
44 45
9 46
22 46
23 46
28 46
29 46
34 46
35 46
44 46
45 46
9 47
22 47
23 47
28 47
29 47
34 47
35 47
44 47
45 47
46 47
9 48
22 48
23 48
28 48
29 48
34 48
35 48
44 48
45 48
46 48
47 48
9 49
27 50
