50 93
2 38
41 43
16 15
27 42
36 48
34 29
47 34
15 17
15 11
30 28
2 43
47 30
10 12
15 31
2 10
4 47
2 45
50 24
45 14
46 49
13 35
2 14
7 40
10 22
10 44
19 8
36 13
39 8
46 9
19 39
42 32
30 21
20 49
41 2
7 26
46 20
31 7
11 16
30 20
10 37
35 20
47 29
15 19
13 48
19 25
11 17
6 1
22 12
8 25
2 44
29 4
18 44
48 35
44 50
18 27
26 40
44 3
21 28
20 9
5 30
31 1
23 31
50 3
1 23
6 23
18 32
22 37
6 31
18 42
7 33
31 19
37 12
39 25
45 38
3 24
16 17
40 33
35 36
5 21
49 9
18 2
4 34
26 33
24 44
7 15
28 5
47 20
47 35
19 7
10 18
30 35
14 38
32 27
