240
301
1387
400
797
480
29
164
232
385
467
95
717
558
1149
223
2151
117
287
407
711
1155
622
132
1603
235
497
2184
94
256
227
59
2093
4
112
1399
17
47
1344
578
197
132
2409
892
947
1753
110
1567
270
1763
23
12
828
21
256
1162
440
132
608
119
1333
1749
447
284
527
56
1742
1159
440
1323
10
122
2600
1378
299
265
552
57
113
41
780
336
462
596
395
1643
1653
151
800
132
1444
119
450
1747
262
1180
416
684
98
423
70
277
778
1292
16
401
1466
184
2201
1897
1322
1310
38
1079
317
301
1085
302
379
1843
276
3519
150
1211
315
27
577
819
220
112
334
212
2468
877
699
70
233
337
192
73
317
363
642
23
80
190
1649
306
260
165
918
569
248
234
126
1627
964
671
348
68
398
571
29
1018
690
603
274
38
1653
593
874
275
408
1913
775
47
756
513
12
413
1154
4
3838
281
346
6
1310
1134
65
950
58
651
1636
282
319
15
296
989
966
405
457
3156
264
997
963
595
675
122
415
173
103
1389
1023
1658
1457
175
3399
27
158
632
485
199
1
1
1
1
1
1
1
1
1
1
1
1
1
1
1
1
1
1
1
1
1
1
1
1
1
1
1
1
1
1
1
1
1
1
1
1
1
1
1
1
1
1
1
1
1
1
1
1
1
1
1
1
1
1
1
1
1
1
1
1
1
1
1
1
1
1
1
1
1
1
1
1
1
1
1
1
1
1
1
1
1
1
1
1
1
1
1
1
1
1
1
1
1
1
1
1
1
1
1
1
1
1
1
1
1
1
1
1
1
1
1
