-280731537
-275206623
-496296144
-366511695
-497912103
-390766041
-405237203
-425333906
-448680502
-274635141
-159267625
-417125762
-446827672
-467484489
-473299963
-164362470
-317641532
-186290306
-232952672
-577849655
-487598631
-199234057
-272043611
-338193049
-250339283
-437303309
-422144991
7066847
-47148949
-221132654
-386457127
-315259973
-488418774
-374085897
-355134987
-338168373
-108997658
-497239127
-195572109
-190783741
-252809422
-385951529
-212511377
-442556702
-371880197
-322413289
-291012884
-330832920
-460635053
-452304945
-203306500
-358858294
-638662111
-420269193
-203925244
-210509260
59495087
-458682426
-306894942
-338797777
-196382122
-404031058
-384770652
-320079562
-148319167
-129359437
-441518436
-422576223
-428531485
-376844732
-272401632
-44927884
-572649719
-473108837
-176316983
-276308965
-387821187
-500440404
-366094909
-170691234
-402941066
-421758051
-440513073
-474468018
-284919851
-361056272
-554456458
-115612608
-414721566
-373136033
-260432299
-300484415
-392125053
-426944932
-172267841
-163090898
-22649169
-28952064
-304283097
-456175221
-118082837
-107606985
-212483931
-344359636
